time,voltage,current
0.7000000000000001,4.094127551358329,0.1
2.7,4.0940162814011405,0.1
4.7,4.094054321932982,0.1
6.7,4.093949199207366,0.1
8.700000000000001,4.093802370924071,0.1
10.700000000000001,4.093587717606732,0.1
12.700000000000001,4.0935107709612755,0.1
14.700000000000001,4.094241827757851,0.075
16.7,4.094203474482968,0.075
18.7,4.094170450374949,0.075
20.700000000000003,4.094118115184626,0.075
22.700000000000003,4.094101404798588,0.075
24.700000000000003,4.093998708390789,0.075
26.700000000000003,4.093877405988668,0.075
28.700000000000003,4.093758054861221,0.075
30.700000000000003,4.093689832563062,0.075
32.7,4.093640547547732,0.075
34.7,4.093568668747272,0.075
36.7,4.093497884855848,0.075
38.7,4.0934259446433705,0.075
40.7,4.09337497362368,0.075
42.7,4.0933756522054665,0.075
44.7,4.093388454242739,0.075
46.7,4.093403218166171,0.075
48.7,4.0934202578148025,0.075
50.7,4.09343809332282,0.075
52.7,4.094235749236975,0.05002117834356554
54.7,4.094208735675739,0.05
56.7,4.093790835728698,0.06185268693632854
58.7,4.093909643398282,0.058781797243329666
60.7,4.093651813274842,0.06771529352263032
62.7,4.093386760065355,0.075
64.7,4.093528613496337,0.06933571532010252
66.7,4.09358347972781,0.06640986893750447
68.7,4.09387030332663,0.056052116738753786
70.7,4.094071373427085,0.05
72.7,4.094080316311353,0.05
74.7,4.09403484182263,0.05
76.7,4.093987998929755,0.05
78.7,4.0939396718564645,0.05000023167480635
80.7,4.093378719259436,0.06577306290121308
82.7,4.093045710142476,0.075
84.7,4.093019144185933,0.075
86.7,4.09325879892389,0.06669448226943511
88.7,4.093779720496071,0.05
90.7,4.093789184088547,0.05
92.7,4.093793066205908,0.05
94.7,4.093740058169731,0.05
96.7,4.093692807053774,0.05
98.7,4.093644581314106,0.05
100.7,4.093595462836683,0.05
102.7,4.093545526805098,0.05
104.7,4.09365809743082,0.05
106.7,4.093742247901331,0.05
108.7,4.093803809459933,0.05
110.7,4.093864797481261,0.05
112.7,4.093869535502514,0.05
114.7,4.093849772314539,0.05
116.7,4.09383091654519,0.05
118.7,4.093766645605505,0.05
120.7,4.093725184020821,0.05
122.7,4.0936833890822655,0.05
124.7,4.093641290147958,0.05
126.7,4.093603586802062,0.05
128.70000000000002,4.09356855491755,0.05
130.70000000000002,4.093533293428637,0.05
132.70000000000002,4.0934978231754755,0.05
134.70000000000002,4.093462163285355,0.05
136.70000000000002,4.093426331312719,0.05
138.70000000000002,4.093431167127943,0.05
140.70000000000002,4.093463307542408,0.05
142.70000000000002,4.093495320334592,0.05
144.70000000000002,4.0935285288810555,0.05
146.70000000000002,4.093564820854368,0.05
148.70000000000002,4.093601019552472,0.05
150.70000000000002,4.093623344000203,0.05
152.70000000000002,4.093619266124781,0.05
154.70000000000002,4.093535150556102,0.05
156.70000000000002,4.093448708630573,0.05
158.70000000000002,4.093362214165332,0.05
160.70000000000002,4.093361936045375,0.05
162.70000000000002,4.093257742951144,0.05
164.70000000000002,4.093162566987454,0.05
166.70000000000002,4.093168732788862,0.05
168.70000000000002,4.093174872450039,0.05
170.70000000000002,4.093180990003701,0.05
172.70000000000002,4.093195713351535,0.05
174.70000000000002,4.093210963620516,0.05
176.70000000000002,4.0931397320684395,0.05
178.70000000000002,4.093205023932963,0.05
180.70000000000002,4.093182551228569,0.05
182.70000000000002,4.093160074395,0.05
184.70000000000002,4.093125595730732,0.05
186.70000000000002,4.093090679893182,0.05
188.70000000000002,4.093055765895291,0.05
190.70000000000002,4.093020855393569,0.05
192.70000000000002,4.092985949900403,0.05
194.70000000000002,4.092989231011093,0.05
196.70000000000002,4.093002842957206,0.05
198.70000000000002,4.093024301912465,0.05
200.70000000000002,4.093061449100927,0.05
202.70000000000002,4.093118443085394,0.05
204.70000000000002,4.093175448724384,0.05
206.70000000000002,4.093226221217727,0.05
208.70000000000002,4.093239284124256,0.05
210.70000000000002,4.093252360829721,0.05
212.70000000000002,4.093209464381743,0.05
214.70000000000002,4.09315894932395,0.05
216.70000000000002,4.09310844965623,0.05
218.70000000000002,4.093113187778577,0.05
220.70000000000002,4.093143091230591,0.05
222.70000000000002,4.093111336540271,0.05
224.70000000000002,4.093079598714139,0.05
226.70000000000002,4.0930478780291555,0.05
228.70000000000002,4.093016174731587,0.05
230.70000000000002,4.0929844890395435,0.05
232.70000000000002,4.0929703751417446,0.05
234.70000000000002,4.092997250096828,0.05
236.70000000000002,4.092990448790168,0.05
238.70000000000002,4.092971733187295,0.05
240.70000000000002,4.092953035933759,0.05
242.70000000000002,4.092934357121708,0.05
244.70000000000002,4.092915696828011,0.05
246.70000000000002,4.092902106835244,0.05
248.70000000000002,4.09289295451205,0.05
250.70000000000002,4.092826720009138,0.05
252.70000000000002,4.092845777539858,0.05
254.70000000000002,4.092843200511043,0.05
256.7,4.092825740180999,0.05
258.7,4.092866066047631,0.05
260.7,4.092795171649236,0.05
262.7,4.0927912097770305,0.05
264.7,4.092768122276684,0.05
266.7,4.092682892550001,0.05
268.7,4.09259768144971,0.05
270.7,4.0925124889400415,0.05
272.7,4.092462154258005,0.05
274.7,4.092452640453585,0.05
276.7,4.092448808654928,0.05
278.7,4.092378416083237,0.05
280.7,4.092404531081212,0.05
282.7,4.092430664376899,0.05
284.7,4.092456815911384,0.05
286.7,4.092482985623564,0.05
288.7,4.086874751379042,0.23010133901293736
290.7,4.08076563673223,0.413939461083094
292.7,4.088208608223076,0.16158174561107497
294.7,4.088468550848994,0.15
296.7,4.087816361050616,0.15118602147958937
298.7,4.088358385093149,0.1302055564823569
300.7,4.087790467728199,0.15
302.7,4.083426792137,0.2816643506202555
304.7,4.060442833080438,0.9944018537641095
306.7,4.082714053640432,0.22902014600996914
308.70000000000005,4.084821920630178,0.16589408641336276
310.70000000000005,4.099551832504486,-0.2869014351959501
312.70000000000005,4.075595115816712,0.4825648210228106
314.70000000000005,4.082733326676867,0.24613458477259498
316.70000000000005,4.087126913629275,0.10663198759365869
318.70000000000005,4.065794790482986,0.7929000362957782
320.70000000000005,4.085264522301512,0.15121195849658117
322.70000000000005,4.085482214775552,0.14741059093874098
324.70000000000005,4.087644497758885,0.09823896292005192
326.70000000000005,4.084781606587025,0.1843009892520502
328.70000000000005,4.10027520305622,-0.3055646562978763
330.70000000000005,4.0885982418236075,0.075
332.70000000000005,4.076071073656935,0.4743983822775369
334.70000000000005,4.064479093585188,0.8297719292392999
336.70000000000005,4.077716844012879,0.37961638068579895
338.70000000000005,4.087359427324208,0.06239840799001278
340.70000000000005,4.087106914673119,0.07739761661571964
342.70000000000005,4.0792867830931705,0.3272938561929096
344.70000000000005,4.087115726912667,0.0674968475877696
346.70000000000005,4.079241244265992,0.3224732636555594
348.70000000000005,4.087082046419454,0.06886107298271038
350.70000000000005,4.100740292586649,-0.36100358216201656
352.70000000000005,4.108927682845287,-0.6013792709656343
354.70000000000005,4.0736308821529015,0.5444470306205412
356.70000000000005,4.039152607049775,1.5937366351800604
358.70000000000005,4.0852063608735865,0.09859727567741175
360.70000000000005,4.086002222968664,0.08303057508347264
362.70000000000005,4.1066437094409105,-0.5736936153996686
364.70000000000005,4.08737402206932,0.07222406717873162
366.70000000000005,4.082695331670748,0.21686124037911564
368.70000000000005,4.104884987085996,-0.48373612759413775
370.70000000000005,4.0886304918406156,0.05
372.70000000000005,4.088718353185284,0.05
374.70000000000005,4.088823256809218,0.05
376.70000000000005,4.088875178935252,0.05
378.70000000000005,4.088903079219552,0.05
380.70000000000005,4.088966070045353,0.05
382.70000000000005,4.0890435887700045,0.05
384.70000000000005,4.089131726048818,0.05
386.70000000000005,4.089256139443135,0.05
388.70000000000005,4.089376651692697,0.05
390.70000000000005,4.089374525769639,0.05
392.70000000000005,4.089440956560208,0.05
394.70000000000005,4.089442899649998,0.05
396.70000000000005,4.08946339236429,0.05
398.70000000000005,4.089481332462161,0.05
400.70000000000005,4.089496927455992,0.05
402.70000000000005,4.08956273632617,0.05
404.70000000000005,4.088860434855403,0.07504555068814098
406.70000000000005,4.089307095014232,0.06016777345562095
408.70000000000005,4.088934046340654,0.07045841746470582
410.70000000000005,4.0875657609771885,0.11128594849197444
412.70000000000005,4.045273566047696,1.4229784549933968
414.70000000000005,3.9881704159302243,3.154103038538663
416.70000000000005,4.083427725955146,0.05232411226065859
418.70000000000005,4.083384569732557,0.06338319213592562
420.70000000000005,4.109275539564191,-0.7515023800054741
422.70000000000005,4.111092277401031,-0.7549712828342514
424.70000000000005,4.011066456929113,2.4477846328271964
426.70000000000005,3.935101880218185,4.72799005126044
428.70000000000005,4.075935554688621,0.08709257467964865
430.70000000000005,4.10470757020539,-0.8083224334666874
432.70000000000005,4.106699633571616,-0.8097090212296663
434.70000000000005,3.947611444324693,4.281310762629054
436.70000000000005,4.069726787239153,0.09750295738062302
438.70000000000005,4.0712749189231845,0.08112675500280285
440.70000000000005,4.072550885339912,0.07064637933848664
442.70000000000005,4.073208054376388,0.07674273330626208
444.70000000000005,4.074676601286712,0.05408589611176972
446.70000000000005,4.105581127302194,-0.9045936894308871
448.70000000000005,4.091971326711729,-0.39575393356875954
450.70000000000005,4.086466277473029,-0.17503698908186316
452.70000000000005,4.080168280675647,0.05
454.70000000000005,4.079126847515093,0.09100993997139391
456.70000000000005,4.078862890777047,0.10591234713412682
458.70000000000005,4.078558576867809,0.125
460.70000000000005,4.078794780963375,0.125
462.70000000000005,4.078963166589614,0.125
464.70000000000005,4.079151219222673,0.125
466.70000000000005,4.079404955987547,0.125
468.70000000000005,4.079538120512692,0.125
470.70000000000005,4.079582822499471,0.125
472.70000000000005,4.079751919154422,0.125
474.70000000000005,4.079866412477209,0.125
476.70000000000005,4.079958761926701,0.125
478.70000000000005,4.079987852988158,0.125
480.70000000000005,4.08001037615423,0.125
482.70000000000005,4.080158157152941,0.125
484.70000000000005,4.08022853472728,0.125
486.70000000000005,4.080257986090164,0.125
488.70000000000005,4.080281019599039,0.125
490.70000000000005,4.0828094751888555,0.05
492.70000000000005,4.083036160246509,0.05
494.70000000000005,4.083250941597723,0.05
496.70000000000005,4.083352634970241,0.05
498.70000000000005,4.083440642499216,0.05
500.70000000000005,4.083555405196816,0.05
502.70000000000005,4.0836826329233995,0.05
504.70000000000005,4.081394569033628,0.1264605663392747
506.70000000000005,4.02936899050785,1.7792643858621329
508.70000000000005,4.015973669796943,2.1255225001089313
510.70000000000005,4.01143387202131,2.2155372877463644
512.7,4.056458270206245,0.6771584386066082
514.7,4.051951501614833,0.8090007691869071
516.7,4.050739885150835,0.8318950334839317
518.7,4.045073077475154,0.9973595284555186
520.7,3.499749920294357,18.684942258010643
522.7,4.082187034262481,-0.6735087454269117
524.7,4.0996111696493704,-1.1436659849251427
526.7,4.1016600321310825,-1.1317544693950927
528.7,3.8847270765114637,6.059263829464728
530.7,4.054286655176975,-0.02605502025247408
532.7,3.965438744399656,2.9683247165886084
534.7,3.9312291489186406,3.915738237544313
536.7,4.007627012046276,1.3675215256719846
538.7,4.034657829584961,0.498550337827681
540.7,4.025118942787208,0.865941159132629
542.7,4.035096760364541,0.5666172411103076
544.7,4.049050849836502,0.1495687275716823
546.7,4.034020422362034,0.694111849675294
548.7,4.04305314390019,0.4235586281363949
550.7,4.040397180348909,0.5393406626063947
552.7,4.0348565447997435,0.7508616346384619
554.7,4.01077505499169,1.558743279652826
556.7,4.0223718318314425,1.156298058150067
558.7,4.045455193121399,0.3805335217286753
560.7,4.056015104155678,0.07235337742073834
562.7,4.057365801626169,0.07246880624790274
564.7,4.04210608914841,0.6084739239417851
566.7,4.043098325034954,0.5857187887723413
568.7,4.042644728040056,0.6059975656411315
570.7,4.0424702909940216,0.6159137313194353
572.7,4.04275967123732,0.6122337183404281
574.7,4.058368840879846,0.1021279049253135
576.7,4.050437283203334,0.39327319196806454
578.7,4.044355225007229,0.6091503290113139
580.7,4.0605869822762894,0.07886196750808983
582.7,4.0615886671144885,0.07192835260654415
584.7,4.061776351745813,0.09012051508155694
586.7,4.112207015216202,-1.5595598613332855
588.7,4.064177372707515,0.10643676986416326
590.7,4.0654751981199935,0.07624413470105332
592.7,4.065881155048205,0.08433130620238741
594.7,4.066209608537004,0.08955490727723643
596.7,4.066757775001082,0.08431875037530119
598.7,4.067200324158378,0.0795914114809871
600.7,4.071688547168178,-0.061612371119064105
602.7,4.068385520756465,0.10330327580824407
604.7,4.1039492151526185,-1.0687427569921564
606.7,4.1199773669295405,-1.5215794341845317
608.7,4.110344980232356,-1.1283544717971494
610.7,4.101885193191509,-0.7921759706128952
612.7,4.084944672911399,-0.2108734617050573
614.7,4.076962639108231,0.05066870406137309
616.7,4.07602726106575,0.075
618.7,4.07561570001887,0.08252198515798885
620.7,4.075634821187958,0.07663324349234131
622.7,4.073111788158177,0.1531331986249726
624.7,4.066758681050806,0.34766339904070803
626.7,4.067856691415624,0.2873166196790017
628.7,4.056332086695207,0.6518551715911318
630.7,4.044906073623331,0.9951245297660597
632.7,4.041831231191136,1.0481300238875109
634.7,4.068869532894312,0.11819444441261831
636.7,4.043315069122555,0.968537895887756
638.7,4.041816121501518,0.990067262349903
640.7,4.047460260075538,0.7714030096624724
642.7,4.04611923577612,0.782866219154406
644.7,4.045664012922338,0.7837778267277633
646.7,4.041871103221035,0.8759266915577326
648.7,4.0368522893951075,1.0181992510328368
650.7,4.030939488327774,1.1839704644357105
652.7,4.027053860277866,1.2714888878678012
654.7,4.024881697618269,1.3094064085038197
656.7,4.030519930265825,1.0815625370997426
658.7,4.060625498059363,0.07332786024570104
660.7,4.061581825275089,0.06606382645849261
662.7,4.062413873586913,0.06012401591566255
664.7,4.062928235864798,0.06432818861300016
666.7,4.051062802310964,0.47654455846543387
668.7,4.041241742475406,0.8006018298658283
670.7,4.027584045433256,1.2393096209127694
672.7,3.9658235361157477,3.28414389889941
674.7,4.008190147343481,1.7030640036735183
676.7,3.963198259345006,3.1358051058316088
678.7,4.017569905469466,1.271701260149566
680.7,4.110590875590758,-1.833237888491585
682.7,4.051218294388903,0.28877232592599433
684.7,3.985112792983433,2.4909551254485187
686.7,3.7840191543202377,9.139910206504835
688.7,4.039783412819394,0.04195184794675079
690.7,4.040779893722612,0.07527865200214014
692.7,4.105422231678127,-1.9982786016311855
694.7,4.028883211562555,0.6929945563758969
696.7,3.9273051660055067,4.150411860715696
698.7,4.042681906615863,0.06030199962190447
700.7,4.092097134716451,-1.5593127436132996
702.7,3.966847265949261,2.771721320970697
704.7,4.015456072083895,1.0870992317899886
706.7,4.045290778541858,0.0799616958517617
708.7,4.04692518145046,0.07343782838600237
710.7,4.048702789687318,0.05684440330125524
712.7,3.9580535053990813,3.1172219552722042
714.7,4.001166445816143,1.5780723945641442
716.7,4.045624978079479,0.04992253915243856
718.7,4.042619509199063,0.20379908773475913
720.7,4.032532434674209,0.578159884549586
722.7,4.02949674325897,0.6962473725821906
724.7,4.03350562299924,0.5728060105266649
726.7,4.049839846463731,0.04528527471737046
728.7,4.050825291849457,0.04911829456014309
730.7,4.051187619264561,0.07118866834688906
732.7,4.052673401967769,0.050431355999147824
734.7,4.053094554420289,0.06588818962110331
736.7,4.053795307672573,0.06855679016237493
738.7,4.054620900184718,0.06529552634573142
740.7,4.054866184946106,0.07890376584992895
742.7,4.023930693075538,1.1412656748156482
744.7,4.035768372218929,0.7024049233274192
746.7,4.037682289784967,0.6261952845172727
748.7,4.037878814236875,0.6233986550997574
750.7,4.038216544322838,0.6045241697129361
752.7,4.036806685877955,0.6452876441174193
754.7,4.036541929982682,0.6519068104849306
756.7,4.036834141317369,0.6331808387837542
758.7,4.035518499607926,0.6792817716959069
760.7,4.034692811441882,0.7006038509981263
762.7,4.0345347909059335,0.6973726055631363
764.7,4.034090584029139,0.6983491964309563
766.7,4.034977676162335,0.6640079517288995
768.7,4.0341368717549555,0.6940454381772658
770.7,4.052804133501014,0.051962423559349255
772.7,4.032036230480515,0.7947813402395525
774.7,4.035211502408262,0.675617478741355
776.7,4.03569589420393,0.658672073351662
778.7,4.041871642686368,0.44245966599295056
780.7,4.042130692486623,0.43969221294897015
782.7,4.04270615223598,0.422698877319727
784.7,4.042359888482048,0.43243909975399697
786.7,4.042857415844162,0.42433903478269464
788.7,4.042275447164886,0.4402533037291066
790.7,4.042867098768526,0.4243418204432155
792.7,4.042518653732255,0.43523154068956466
794.7,4.0460207962152674,0.3177518288300711
796.7,4.048167202122667,0.25379259071882443
798.7,4.048917108921325,0.23966528701879966
800.7,4.05514662331049,0.03840321113148381
802.7,4.055287312901107,0.052388038069852774
804.7,4.036214976587281,0.7333159108589113
806.7,4.033222977774914,0.817756064636412
808.7,4.039510760155493,0.5735881776557618
810.7,4.039262022483996,0.5759456225483036
812.7,4.038292158787298,0.6089426600216775
814.7,4.039181623306423,0.5630741646932955
816.7,4.038961336958361,0.5647269579979749
818.7,4.038451109907461,0.5816251257447271
820.7,4.036234551989284,0.6537054851590828
822.7,4.035935550411483,0.6546247300990256
824.7,3.9963881415242395,1.980749767418914
826.7,4.014414929303018,1.2932958397830896
828.7,4.014575856212465,1.251522835416518
830.7,4.021420988483568,0.9912133916958498
832.7,4.023580961483844,0.8949635667657895
834.7,4.013429726029754,1.2406496886063691
836.7,4.0230661902768405,0.8794287874419106
838.7,4.023626699298794,0.8584281670002947
840.7,4.018181019485476,1.0288527822601696
842.7,4.01746856906814,1.0413244628253167
844.7,4.016052430147753,1.0782462798656125
846.7,4.012506608061685,1.1818420661628084
848.7,4.012154927408377,1.1764845982921721
850.7,4.0113128731967365,1.1988250302660988
852.7,4.012402116304009,1.1436158602829258
854.7,3.6098215019916586,15.3933366792363
856.7,3.5721172353859534,16.128082426757246
858.7,3.9712690632619454,1.2119719647699116
860.7,3.9837937348342134,0.8405159044260029
862.7,3.9890721004227077,0.7473692745632191
864.7,3.9922945708140407,0.7160104071791278
866.7,3.993610253981597,0.7369510180432487
868.7,3.987977861832244,1.0179389350678067
870.7,3.9783859469727645,1.4055522687018915
872.7,3.97921935580887,1.404025760932878
874.7,3.9796725874763896,1.4230839036023604
876.7,3.9804994548702695,1.4129333375637096
878.7,3.98115140766832,1.402921556560897
880.7,4.012597683311145,0.2890674709540262
882.7,4.0150860207744685,0.27264534903586407
884.7,4.012470493604559,0.43095866050121256
886.7,4.0104069622827225,0.5597117230330906
888.7,3.996407182003879,1.1159466390872308
890.7,3.9934524969185694,1.2303736444863256
892.7,4.008034691856439,0.7167154194402942
894.7,4.0310440885402885,-0.07409069719274237
896.7,4.032330856547565,-0.05288224466023064
898.7,4.019980889164972,0.4616819659945813
900.7,4.00338677641517,1.0838226516947518
902.7,3.997992210372256,1.270665275554642
904.7,4.004290939777096,1.0254425476948732
906.7,4.00451877460153,1.020047364183173
908.7,4.009259100390492,0.8513544830722235
910.7,4.009635784880065,0.8384924397524793
912.7,4.015526525242018,0.6396513899184001
914.7,4.014103617837787,0.7099146201908471
916.7,3.9986176720894377,1.2801048134549164
918.7,3.5947652690603804,16.044598661723935
920.7,3.574910233545295,16.165048009229743
922.7,3.866301815648088,4.654357796459011
924.7,3.955372302352848,1.302360852156534
926.7,3.9600394717031926,1.2044483033865938
928.7,3.8582134456045702,5.050649411511494
930.7,3.8376454588305315,5.9427233032222135
932.7,3.937144065993716,1.9423272873846005
934.7,3.8875672685834655,3.978560965445934
936.7,3.8806939479275586,4.285267020593858
938.7,3.8114916719964698,6.902961851236367
940.7,3.9896570484968112,-0.11442937676379651
942.7,3.99522870426793,-0.142890949437232
944.7,4.088279645413846,-3.6389797815453946
946.7,4.09427426449852,-3.5748734215697
948.7,4.037461580266428,-1.0955975263417674
950.7,3.984684614948054,1.1261318942723642
952.7,3.9815905332123407,1.2604187925854606
954.7,3.9813423262121317,1.2994108510155171
956.7,3.9876221384427506,1.087107941609931
958.7,3.9813327962758334,1.3734880763636095
960.7,3.996500647320438,0.827477856604147
962.7,3.9686382148456345,1.9577445504562352
964.7,3.7981132561633544,8.63161111785122
966.7,3.5836813314058347,16.31169921696313
968.7,3.5733196455696214,16.13449592631981
970.7,3.9936410609497193,-0.15646251533464275
972.7,3.9968740374760547,-0.12624801970007837
974.7,4.099859963650622,-3.857956500576093
976.7,4.030090635944699,-0.9185800388981114
978.7,3.923555303971797,3.298140112582726
980.7,3.962141691456303,1.772599715097381
982.7,3.946136568213139,2.400991940733205
984.7,4.003051398525418,0.14773161572996824
986.7,4.109721948450326,-3.843403737681453
988.7,4.044564218240449,-1.073479552627612
990.7,4.00306206682217,0.6056787751962709
992.7,4.002142945738767,0.6576007722877242
994.7,4.0168370714669965,0.11361977338929334
996.7,4.003749563703533,0.6253704273436224
998.7,3.9927157055649065,1.0547877584161423
1000.7,3.977563976216582,1.636945335820566
1002.7,3.964238576942529,2.128400438790514
1004.7,4.015264869673039,0.1023717840450521
1006.7,4.018010914976905,0.04555625600338875
1008.7,4.018299989181269,0.07209952870391353
1010.7,4.019644933524533,0.05727886207042425
1012.7,4.020701035985399,0.057536807689578
1014.7,4.00683849879576,0.6183879996173053
1016.7,4.002432905228961,0.796484496349784
1018.7,3.999834093186811,0.8938529088005985
1020.7,3.993177512241512,1.1406248677858086
1022.7,4.084386290249242,-2.33694388831884
1024.7,4.023372546833387,0.10291212685642454
1026.7,3.9932844590395944,1.2177430517782635
1028.7,3.997016684678475,1.057860241775337
1030.7,4.022161526625037,0.1037439441356116
1032.7,4.024008618237946,0.05617348218958784
1034.7,4.090945677481515,-2.49762254797969
1036.7,4.0258014952786745,0.08186786361091157
1038.7,4.003100852596625,0.9827467539186558
1040.7,3.8637241644358795,6.327038777119652
1042.7,3.8933094543649616,4.921079935082158
1044.7,3.997308342097722,0.8098410504182887
1046.7,4.024864006857271,-0.2172291214163066
1048.7,4.109399535882532,-3.4044071432488896
1050.7,4.129089296819787,-3.9891503609071832
1052.7,4.058784323842078,-1.124035689845956
1054.7,4.029207144282331,0.10796200256919788
1056.7,4.030440642008577,0.06533929498563239
1058.7,4.03042375139599,0.07133661518832364
1060.7,4.031348855345492,0.043860256730643775
1062.7,4.0312549758806355,0.05381540728782495
1064.7,4.031235402945688,0.060131344106634184
1066.7,4.119319480705618,-3.3131289804669444
1068.7,4.010158984691059,0.9761663440215226
1070.7,4.005001249759058,1.0889034187925004
1072.7,3.992383484390932,1.5369386662520388
1074.7,4.004411548360077,1.0198007603213257
1076.7,4.01697252367193,0.5168196376877344
1078.7,4.023453287758942,0.25478723370393774
1080.7,4.017501064645919,0.48751814896663803
1082.7,4.012844304503381,0.6566252673017239
1084.7,4.00199516623834,1.0645799490853458
1086.7,3.9643811795592603,2.4583669274055118
1088.7,3.995793262260518,1.1974928819300636
1090.7,3.9313649023761066,3.6461805599266426
1092.7,3.9939216458870836,1.066315345273395
1094.7,3.949211137153409,2.8055553640736997
1096.7,4.020870136584579,0.04754453279604881
1098.7,3.9453776712950503,2.9408123828607335
1100.7,3.9151633571120508,3.9870408515292057
1102.7,4.0133180727502396,0.08783436126987632
1104.7,3.989039686206611,1.0409283073454891
1106.7,3.9454288646842333,2.756404114651372
1108.7,3.6481366268650044,13.987858976778968
1110.7,3.6506620457102983,13.18634040197283
1112.7,3.9895376870536214,-0.14274899899573723
1114.7,3.992138733670875,-0.13019202724261
1116.7,3.9942102682877496,-0.10750778798680784
1118.7,3.9963477912941205,-0.10168063470639475
1120.7,3.9359553031301386,2.2631704677190956
1122.7,3.9496968267484727,1.7292348628660876
1124.7,3.9597770796333873,1.3305561643906076
1126.7,3.917565702792469,2.985692810259791
1128.7,3.893369539384744,3.8603460719349934
1130.7,3.8334630040030424,6.089584378673196
1132.7,3.7331025627273347,9.662795343265472
1134.7,3.750072818342003,8.614075652571687
1136.7,3.790842796919893,6.7233085378066315
1138.7,3.8607953298121633,3.8477356837985273
1140.7,3.8599145207880183,3.8206095868058974
1142.7,3.9636249688389587,-0.20070616613458522
1144.7,3.9671441768331692,-0.19181317875991985
1146.7,3.970518544876464,-0.1910386528128452
1148.7,3.9740864131751614,-0.20313890826659414
1150.7,3.9764831399796443,-0.18110792672139137
1152.7,4.032346697325061,-2.2602304276042076
1154.7,4.0087235540237245,-1.156872755493274
1156.7,3.981685621369454,0.02649088670083241
1158.7,3.9532624684593896,1.1984473450129027
1160.7,3.975018004598055,0.37291426189091714
1162.7,3.989151017843204,-0.11309597574262371
1164.7,3.99111316165854,-0.11875921164440782
1166.7,3.967953505655383,0.85132273191138
1168.7,3.9682484183197455,0.8602507023642821
1170.7,3.9676799511870215,0.8822487245176597
1172.7,3.99271196036841,-0.07008026065739593
1174.7,3.9938372241633973,-0.057826818808791994
1176.7,3.9956893501246293,-0.07566843988204701
1178.7,3.996510089492373,-0.058301673860595996
1180.7,4.089212163850332,-3.6662606404688014
1182.7,4.0940052299324385,-3.6320624642432704
1184.7,4.005702049051936,-0.051778379914481594
1186.7,3.9824990717680335,0.8683786861017507
1188.7,3.979671666665481,0.9521789747775413
1190.7,3.999793749522603,0.1421857690899097
1192.7,4.005964610312136,-0.07259800491494534
1194.7,3.945377105812817,2.3367016630880055
1196.7,3.9221779452279186,3.1493090769212446
1198.7,3.994377049000282,0.21412646562057872
1200.7,4.003210367954378,-0.09550045726320505
1202.7,4.003706884552401,-0.0771403100473174
1204.7,3.915507887324343,3.425831433599265
1206.7,3.5681346274273067,16.466769751770556
1208.7,3.954443248363332,0.9671723498019476
1210.7,3.973719293452982,0.2596678491175091
1212.7,3.9663329334759094,0.5986372387196137
1214.7,3.9816059037914537,0.03904476302252504
1216.7,3.9986927216214987,-0.5392144028146953
1218.7,3.9859819264209655,0.04529123999866695
1220.7,3.969707491756798,0.7221936737287046
1222.7,3.91245425509301,2.8878486687409985
1224.7,3.9024907466395815,3.167695657045476
1226.7,3.9297947548774483,2.042964588466738
1228.7,3.956427661220543,0.9578151591800375
1230.7,3.953834607609523,1.0764526528544343
1232.7,3.932816001227145,1.8753590418714077
1234.7,3.943696907012788,1.3865163076503517
1236.7,3.979921078783662,-0.04229378799336645
1238.7,3.982054998862005,-0.06724102866150419
1240.7,3.9831249863350315,-0.05040795904994441
1242.7,3.984230470275121,0.10929857626887823
1244.7,3.9551634485430927,1.2450595315401864
1246.7,3.903105014380033,3.192856903228883
1248.7,3.9058085607776984,3.0020550903076684
1250.7,3.9759447589993284,0.10900671371374532
1252.7,3.799108883514251,7.160359861213413
1254.7,3.540858668943912,16.67130477634579
1256.7,3.510907617928253,16.989554893980984
1258.7,3.618715257199948,11.950572946310011
1260.7,3.7772039064582517,5.215530826836175
1262.7,3.798633666664995,4.255794606100018
1264.7,3.7929065254826666,4.396037255907793
1266.7,3.9148793220867666,-0.37786314014723765
1268.7,3.64857821419397,10.156886283902463
1270.7,3.6303988471814947,10.421873440858924
1272.7,3.707671858598171,6.948706519984848
1274.7,3.778613047774595,3.8559038624182103
1276.7,3.84984578854226,1.058381987653767
1278.7,3.8260315471606963,2.1918482121996554
1280.7,3.7917444409835195,3.470357296891603
1282.7,3.8875965814040847,-0.2840955043144004
1284.7,3.8925169660027126,-0.2623374607947939
1286.7,3.9074428848843947,-0.6699151163570711
1288.7,4.0504278756684675,-5.8880309654833916
1290.7,4.033866983289695,-4.7377317276874065
1292.7,4.027085615585532,-4.041798938949089
1294.7,3.933916932996355,-0.04919119541882953
1296.7,3.9364836275570645,-0.054779565851146475
1298.7,3.9386066223798313,-0.050818016721379616
1300.7,3.940371311508563,-0.03960126645033976
1302.7,3.94273675691275,-0.05577868500480892
1304.7,3.944571082942472,-0.05425793287164908
1306.7,3.9465829240690384,-0.0652460347228902
1308.7,3.9485832532589056,-0.0799718973726828
1310.7,4.046719312018262,-3.8342694118841707
1312.7,3.9410378893291758,0.5171816398053161
1314.7,3.9218821851650003,1.2660248848934412
1316.7,3.955003807370519,-0.07284136442362779
1318.7,3.9257604830994426,1.0979038216152044
1320.7,3.860554210533461,3.6347148760622865
1322.7,3.6743926254392414,10.796672199001282
1324.7,3.66399023533635,10.51311798430397
1326.7,3.6857392396286923,9.16140651643794
1328.7,3.882013910202277,0.7905214250576014
1330.7,3.730648543471323,6.840056628863833
1332.7,3.824701934066859,2.8843597413898134
1334.7,3.837586762873304,2.3540863103873093
1336.7,3.8331194289948702,2.514222855708575
1338.7,3.6605135582055994,9.267850090984773
1340.7,3.63789090166368,9.671870279493081
1342.7,3.8144688097810207,2.0684201682960532
1344.7,3.7826981630020025,3.437022568231689
1346.7,3.8592606130275895,0.26194482205020586
1348.7,3.875744331863359,-0.2485205808158048
1350.7,3.93201406512455,-2.3583640293268986
1352.7,3.6123220479637808,11.231308618470878
1354.7,3.6009575563485146,11.049946001845226
1356.7,3.446692665549001,17.289791047995273
1358.7,3.815262388838589,1.0355474862832326
1360.7,3.9443365270844746,-4.111439922805432
1362.7,3.830250334597026,1.1961154656344668
1364.7,3.8506267201022504,0.4183532786642422
1366.7,3.8589474134538295,0.2843614089581842
1368.7,3.794241987844044,3.1559880203596675
1370.7,3.7438000830106186,5.33960614763057
1372.7,3.59205302056364,11.386836690856889
1374.7,3.8619708855180686,-0.22901168859255422
1376.7,4.022254337650045,-6.792195181984032
1378.7,3.8765177327916716,-0.13609884344790288
1380.7,3.864989889671165,0.5136174060748869
1382.7,3.849067950276556,1.3293268092598485
1384.7,3.8545245733921356,1.1707095667604834
1386.7,3.845717273734508,1.6130065819903583
1388.7,3.836339572665047,2.0509989379971874
1390.7,3.8836369643686752,0.043889707601131055
1392.7,3.861554406975406,1.0156777250720068
1394.7,3.8424138971538824,1.8881916755591757
1396.7,3.8886690106250077,-0.046795164510754064
1398.7,4.00658269653047,-4.899670501777732
1400.7,3.9013350296440024,-0.1281131646636735
1402.7,3.8750012965152227,1.078092181139358
1404.7,3.875851612002359,1.0602979137119328
1406.7,3.88095697909389,0.8479469487184791
1408.7,3.850304624341594,2.2178810795082695
1410.7,3.664500820224378,9.928815949241807
1412.7,3.596727955583189,12.283994682744478
1414.7,3.6493239024771102,9.436264037894885
1416.7,3.7230353979072945,6.022902581056835
1418.7,3.735725407935389,5.371389854347076
1420.7,3.7306948200669097,5.410793350164798
1422.7,3.6968297199254114,6.6866348422847635
1424.7,3.691898647034253,6.647658033831227
1426.7,3.7907245245184864,2.283596299837748
1428.7,3.7875020399504487,2.4445967273534595
1430.7,3.8280569761686487,0.729263744355557
1432.7,3.8537556008580327,-0.20794079683824232
1434.7,3.833489310589053,0.7205058960517337
1436.7,3.8198833824253735,1.4174554045437022
1438.7,3.7870621890272367,2.840476349380361
1440.7,3.7862157775259138,2.834744096740851
1442.7,3.7562311721489348,4.042029974965527
1444.7,3.7514838002763042,4.1287722161095415
1446.7,3.748905422808424,4.121036007159306
1448.7,3.648112332642489,8.228126065278062
1450.7,3.6390797679841436,8.241010666496406
1452.7,3.6327091169840937,8.167146504083131
1454.7,3.739411553560608,3.3752012175849866
1456.7,3.7867038509007225,1.3759165669320195
1458.7,3.827292897961436,-0.1750076046808497
1460.7,3.69234655303072,5.575532932314161
1462.7,3.7319072504878945,3.7578578684152903
1464.7,3.8110872239521134,0.3933893010586127
1466.7,3.818643984317612,0.20390036117698468
1468.7,3.8142728504589694,0.522652491244093
1470.7,3.759584492483924,2.91031344839255
1472.7,3.616172432782661,8.789674628840128
1474.7,3.623145839226828,8.012452367065968
1476.7,3.7794359201563905,1.270127584785933
1478.7,3.8045332591003493,0.26962079268698547
1480.7,3.7687840143452944,1.858732658158609
1482.7,3.777595782383468,1.5414077063544978
1484.7,3.7251202270977974,3.722093375228613
1486.7,3.7798829997751575,1.3705805816193588
1488.7,3.769192990499615,1.888387439348571
1490.7,3.746113226873732,2.857746287508901
1492.7,3.7457560889553734,2.8298454702296323
1494.7,3.798762690839112,0.5991564785221156
1496.7,3.810434581596198,0.23925724213356522
1498.7,3.7653403389417632,2.1412570502706334
1500.7,3.7367716260848396,3.2706133728365696
1502.7,3.8194034402257726,-0.11318894468528894
1504.7,3.8233482202215305,-0.15768126684813075
1506.7,3.8259728106092665,-0.14941550281131796
1508.7,3.788968378587375,1.488385822339836
1510.7,3.7418977921376446,3.441597285259528
1512.7,3.7187816535487643,4.2672567386778155
1514.7,3.7089133103822096,4.513068759171869
1516.7,3.7053594368369533,4.481385192577979
1518.7,3.747560822938367,2.581327678835706
1520.7,3.758694793406263,2.0991079165672932
1522.7,3.7274149938787438,3.366948364399393
1524.7,3.7236408426910677,3.4376799502326616
1526.7,3.704739360088901,4.103315054360996
1528.7,3.7389546870237305,2.579477157475052
1530.7,3.7690267493387624,1.3000595227959153
1532.7,3.7845908840334976,0.7102815261331727
1534.7,3.730553586918574,3.038405532569393
1536.7,3.7654165824739194,1.5037735422846632
1538.7,3.784759133235147,0.7738851118197029
1540.7,3.807793445432671,-0.12207190718095204
1542.7,3.809397130284328,-0.06762369583643181
1544.7,3.8156364131140275,-0.20961393004194506
1546.7,3.821076236430416,-0.3269502090312648
1548.7,3.7889999503945044,1.1192084959823103
1550.7,3.78889760680472,1.1418230567787826
1552.7,3.8195107824962693,-0.12559553585091324
1554.7,3.795652351124458,0.9703208130296632
1556.7,3.7959321464311664,0.9687913642973321
1558.7,3.795625984370844,0.9991375823868353
1560.7,3.7316877988850274,3.6538772105536235
1562.7,3.769110004833126,1.959942642265554
1564.7,3.794205281682321,0.8947116371289222
1566.7,3.7867493564648953,1.226773783938043
1568.7,3.780550857696452,1.4781161270389485
1570.7,3.81937984252134,-0.08358272371573504
1572.7,3.808094792596137,0.47485041866803046
1574.7,3.704318620036987,4.734503191422735
1576.7,3.6978014243429835,4.770606248204354
1578.7,3.687819933002363,4.96444209178172
1580.7,3.4703497471243114,13.53185624250915
1582.7,3.7440454298680113,1.4249908413136851
1584.7,3.7808191122127615,0.02225914204720955
1586.7,3.628128478844649,6.186222368328796
1588.7,3.6101436673927307,6.649718746173231
1590.7,3.4787024856410724,11.753102534963137
1592.7,3.2975109388632373,18.773453127001996
1594.7,3.2770335458523454,19.063731946165174
1596.7,3.2984905017787858,17.56143394113225
1598.7,3.3733818498635686,13.810749345944389
1600.7,3.7187958760141657,-1.1182056106228973
1602.7,3.7295078561970945,-1.1725016247532292
1604.7,3.739375940186419,-1.212530872235787
1606.7,3.634857155602459,3.5946880191669157
1608.7,3.751948945031588,-1.2102832603420832
1610.7,3.76019967548072,-1.1581666408737208
1612.7,3.7488679405479393,-0.3619980408258088
1614.7,3.7212986628153044,1.0187547869633946
1616.7,3.7169044162600544,1.3472338727454716
1618.7,3.720805399232856,1.3117838023984327
1620.7,3.7099043049212153,1.8978164910502116
1622.7,3.761743463298079,-0.26250290533086584
1624.7,3.7635178347946647,-0.16711254931267505
1626.7,3.533673005610288,9.93526685553035
1628.7,3.486612848077112,11.547191496188246
1630.7,3.494975923401516,10.768868615375235
1632.7,3.4193125264362387,13.55616949518311
1634.7,3.7194931080422076,0.19364915875702948
1636.7,3.7340731457958487,-0.22181077336481458
1638.7,3.73813822628811,-0.19969841104065875
1640.7,3.722231721875397,0.6016607185393194
1642.7,3.7444176111696006,-0.17344491327216097
1644.7,3.652796227810031,3.9067368220508096
1646.7,3.641052580163409,4.344636572184237
1648.7,3.656576758437289,3.5365942944135647
1650.7,3.7451205362001807,-0.18693095811277238
1652.7,3.7471248942332354,-0.11302482192255489
1654.7,3.7027627465202015,1.9089769733265896
1656.7,3.643595829920097,4.4126310686873245
1658.7,3.5944522154829404,6.344657776588354
1660.7,3.6072082904970606,5.599074333027023
1662.7,3.731497707400614,0.21700074885030762
1664.7,3.748429452545199,-0.433056484853985
1666.7,3.692294184494968,2.09245205438985
1668.7,3.6812703245220573,2.562527740218953
1670.7,3.6672626289768973,3.185955244959009
1672.7,3.6426793980049883,4.172392931924524
1674.7,3.635753267710383,4.339445269783506
1676.7,3.635786507293632,4.2407629835756415
1678.7,3.683812926114105,2.1297036531050715
1680.7,3.6170411810745065,4.972963600683047
1682.7,3.6127591097152694,5.003543414181142
1684.7,3.61174339179038,4.909552430218621
1686.7,3.6111311775397374,4.810603668550804
1688.7,3.6090251357203535,4.765737846545053
1690.7,3.6049391717019383,4.825636874026011
1692.7,3.7219258865273064,-0.2293532648670819
1694.7,3.723315759019496,-0.13385626539465822
1696.7,3.7229358649768187,0.029507323821207326
1698.7,3.729903266270298,-0.12801943967925805
1700.7,3.7041019957017385,1.1135649133831587
1702.7,3.636970734873,3.912539445552496
1704.7,3.644335287117313,3.497107815194953
1706.7,3.7359783622477125,-0.39011218096606937
1708.7,3.7351031822682965,-0.2017465114108385
1710.7,3.49877058672408,10.003934802181336
1712.7,3.648858285304625,3.140063313133798
1714.7,3.796713813984168,-2.946386817352355
1716.7,3.3144742705412282,17.650772485043035
1718.7,3.5612241938366545,6.346662712879704
1720.7,3.6006360761432377,4.422244448381639
1722.7,3.5875300069190104,4.975187623350118
1724.7,3.5415740696586524,6.779071226570452
1726.7,3.5285467326341906,7.062096939105894
1728.7,3.6992568272634143,-0.22338777075228555
1730.7,3.7033745630435453,-0.23284193938208925
1732.7,3.9009998702541595,-8.303144104526899
1734.7,3.718887963003049,-0.1807973419060971
1736.7,3.7214770930669525,-0.1658130296299994
1738.7,3.865710736419234,-6.0950783646200595
1740.7,3.7307104414322967,-0.052208102027747026
1742.7,3.7220934367988012,0.40514809751307207
1744.7,3.6624285772741167,2.8761474800952067
1746.7,3.6591450704652746,2.9230380494133072
1748.7,3.541436484759741,7.798795457663122
1750.7,3.3651311972777047,14.634856769261066
1752.7,3.66897804707021,1.4727930550591832
1754.7,3.4612535490306873,10.01143841244128
1756.7,3.4591454414425904,9.604739022768026
1758.7,3.882946671320835,-8.180813153420708
1760.7,3.778468563065313,-3.1979058635614814
1762.7,3.78653281184343,-3.231435569705085
1764.7,3.5543937292423884,6.785735274243693
1766.7,3.536664154582853,7.26811862916234
1768.7,3.4742983240323917,9.501374546220553
1770.7,3.455165523663947,9.890854592942274
1772.7,3.5053666694481964,7.381916468139703
1774.7,3.622012831233454,2.0707686981235387
1776.7,3.6331667893467685,1.5781471832972174
1778.7,3.6496164724337086,1.017886522268193
1780.7,3.5822624800194776,3.935787503270404
1782.7,3.7591242015472885,-3.6034664653671777
1784.7,3.589183463832007,3.688159564732622
1786.7,3.681448826538635,-0.17769828551733
1788.7,3.887223362495763,-8.494455624640132
1790.7,3.698836281332763,-0.04436222282529221
1792.7,3.2633597763491324,17.860732111525166
1794.7,3.2271280354536365,18.33098716357013
1796.7,3.6573801073896552,-0.12749474963950072
1798.7,3.4213122451703355,10.057450789687877
1800.7,3.608982985043444,1.6004060331677126
1802.7,3.5940865385234946,2.1882117845848175
1804.7,3.606499751983177,1.6899575492532681
1806.7,3.3974051269852557,10.488556444558412
1808.7,3.39107412849519,10.557485060546977
1810.7,3.620356351066343,0.34153247692110666
1812.7,3.6421327255549194,-0.40444533043211406
1814.7,3.841985415698456,-8.535245620434956
1816.7,3.6596766469432365,-0.08816806195950515
1818.7,3.799078867863504,-5.898502891855808
1820.7,3.6670567347503003,0.12221397765673418
1822.7,3.7135344496723652,-1.6083048187630151
1824.7,3.6847425498295547,-0.23045248177695948
1826.7,3.6802105059738985,0.055454553354986384
1828.7,3.6776123605810467,0.2513611757130483
1830.7,3.6828205894728443,0.10512629800237816
1832.7,3.684510370487698,0.10629948681927313
1834.7,3.685834968323609,0.11908737115991923
1836.7,3.68732589206816,0.1249754546749462
1838.7,3.688938259098819,0.12225183638529095
1840.7,3.6882162408997745,0.21424632581844658
1842.7,3.6844213178055805,0.43245160729179344
1844.7,3.6740518612757196,0.8919810900456854
1846.7,3.6737749627154894,0.9222941044036619
1848.7,3.6734684247590716,0.9508435458223089
1850.7,3.6765401856317217,0.8215153297874909
1852.7,3.684051634338494,0.5276141676991878
1854.7,3.6919807461052607,0.21111310354279172
1856.7,3.6953304368828577,0.12344458618589546
1858.7,3.6964253948330015,0.1272079379381543
1860.7,3.6973189962516324,0.14105306431850068
1862.7,3.71959174327516,-0.6985028934186067
1864.7,3.7011972368054264,0.14354050262353596
1866.7,3.670615305458688,1.448278703564745
1868.7,3.645295629753758,2.443094463216609
1870.7,3.6345528688209487,2.8344532800263647
1872.7,3.626246433120891,3.097734586406408
1874.7,3.6734858276420277,0.9414657864899498
1876.7,3.686053052647019,0.4394275214958938
1878.7,3.6778453905699986,0.8302928144994789
1880.7,3.6807814157165732,0.7409485007666723
1882.7,3.6793843917885387,0.8172790497393229
1884.7,3.6944071334677537,0.1886633106078618
1886.7,3.6968517868031734,0.13191809488484768
1888.7,3.693953565280498,0.3074213225388527
1890.7,3.681999604600522,0.8500743405435542
1892.7,3.664968130053259,1.5863216755657399
1894.7,3.6456735140792165,2.4043255452871666
1896.7,3.693102301643001,0.24797130467162196
1898.7,3.6947434121429747,0.22299757881304016
1900.7,3.688843745356971,0.5195664371544063
1902.7,3.669891586984902,1.3580561049283686
1904.7,3.6605615065242385,1.7242460823019836
1906.7,3.6625211070887245,1.5953179535295865
1908.7,3.6612713490636115,1.630632451773938
1910.7,3.665930570365549,1.3737344283963813
1912.7,3.6746256690281562,0.9789819536455401
1914.7,3.6915556776432337,0.233698248163209
1916.7,3.6955137243798784,0.1157036047475581
1918.7,3.695898685634851,0.14457016558268543
1920.7,3.7590673358878104,-2.5562043482670664
1922.7,3.700356503809446,0.1691284589434987
1924.7,3.683220306865461,0.9229447449790381
1926.7,3.6857056959668286,0.809328171487861
1928.7,3.6938194126411874,0.47010369243726646
1930.7,3.683374216728643,0.9312887756689976
1932.7,3.6722705640843345,1.4007349614845654
1934.7,3.686320723611856,0.771059944192295
1936.7,3.6793924642787603,1.0684718554846286
1938.7,3.6820337209099847,0.9376608957055727
1940.7,3.6916576749075336,0.5105804491589165
1942.7,3.695169669850845,0.3823347181130888
1944.7,3.685771227575598,0.8055713754946761
1946.7,3.6739367644349015,1.3272786678577089
1948.7,3.687515111873235,0.65957994144941
1950.7,3.6991866249447147,0.1697339800407093
1952.7,3.699664249572436,0.18231739050152532
1954.7,3.7006898901463363,0.17088590110871776
1956.7,3.7190599446200614,-0.6156266186929521
1958.7,3.7028908337542066,0.17355739620920418
1960.7,3.7040473072165665,0.14456979001899292
1962.7,3.704841001183827,0.1415161300398067
1964.7,3.7053689276761634,0.14027795433975193
1966.7,3.75262823229308,-1.9140892223785708
1968.7,3.7073194340199827,0.17746251821173897
1970.7,3.69198968394293,0.8638202142569873
1972.7,3.689055339759704,0.9748361103159467
1974.7,3.707828473131962,0.15094865418644632
1976.7,3.7077126235041,0.17223839617835093
1978.7,3.7340121294073856,-0.9452982941110134
1980.7,3.7091677502442293,0.19507788372625762
1982.7,3.6852361237115616,1.2423091923311764
1984.7,3.711087226565698,0.08174504055315207
1986.7,3.7095445999336274,0.16667402048374216
1988.7,3.710078129748493,0.1580799509669202
1990.7,3.7717604127849618,-2.5647571565398892
1992.7,3.7116261138165068,0.22312793472781978
1994.7,3.712511400929577,0.19352045122193373
1996.7,3.706208458874656,0.46802012542503163
1998.7,3.7126589728579518,0.18114214009768564
2000.7,3.7127802882847836,0.18850132776767792
2002.7,3.759756385502142,-1.8291488602712966
2004.7,3.71505955154321,0.1907635336595377
2006.7,3.697311666075939,0.9571772288597784
2008.7,3.7087304635572558,0.4294473819176096
2010.7,3.7142410900714578,0.1895802866038415
2012.7,3.714380161959434,0.1909256492941821
2014.7,3.7150119589626382,0.1739602900487901
2016.7,3.7155367188300388,0.1566046763132017
2018.7,3.715197673412211,0.17759300034485548
2020.7,3.712236854003531,0.3147310599322054
2022.7,3.69563559803935,1.023102273694429
2024.7,3.7149107934290355,0.14658379330907315
2026.7,3.7144370451476916,0.18022743493175897
2028.7,3.717932680720229,0.05873571806033648
2030.7,3.7135662981120543,0.2669150669895971
2032.7,3.707682876313059,0.5196450661675024
2034.7,3.6918517453056148,1.1902697392688406
2036.7,3.713756165004783,0.20377862217703974
2038.7,3.69890444054891,0.856655758431471
2040.7,3.6914648435488986,1.1618123327649688
2042.7,3.710407900846357,0.28712876912916463
2044.7,3.7045741466871056,0.5536189533068553
2046.7,3.7134742748160727,0.15884358853789993
2048.7000000000003,3.7130466928364525,0.19676938441616856
2050.7000000000003,3.7136746920085377,0.18605610984961649
2052.7000000000003,3.71352966658938,0.1963252237385207
2054.7000000000003,3.7142208969521895,0.19223681078150714
2056.7000000000003,3.7042542498421844,0.6294470826066912
2058.7000000000003,3.7041462452477805,0.6204818011773873
2060.7000000000003,3.7150547386688286,0.1408474123089912
2062.7000000000003,3.7160619208202967,0.09843824999816014
2064.7000000000003,3.715227114084231,0.14915997690499233
2066.7000000000003,3.713534240933431,0.23499822590337133
2068.7000000000003,3.7157695273742517,0.15084975934107223
2070.7000000000003,3.7160952135979675,0.15860148546929984
2072.7000000000003,3.7163328789273082,0.15840672366282785
2074.7000000000003,3.7116180566959995,0.3654195712526152
2076.7000000000003,3.718087580693212,0.08899212568625467
2078.7000000000003,3.717433332422739,0.17620706362471303
2080.7000000000003,3.734622088709986,-0.5616053091558206
2082.7000000000003,3.724411727758699,-0.07794195198020352
2084.7000000000003,3.7190973728087364,0.16926210137531833
2086.7000000000003,3.7193302650305786,0.17358706365596496
2088.7000000000003,3.7193849572196402,0.180392606984263
2090.7000000000003,3.7191344675449574,0.188535463791994
2092.7000000000003,3.7195561435357085,0.17533129708015616
2094.7000000000003,3.7208066639851327,0.18136002507528054
2096.7000000000003,3.7210703920089574,0.17785841122170415
2098.7000000000003,3.7213873256853183,0.17290000162053837
2100.7000000000003,3.7284167889867152,-0.11138176106473742
2102.7000000000003,3.722050585355623,0.1773605588548029
2104.7000000000003,3.6895427133869525,1.6031811310174262
2106.7000000000003,3.689370788271058,1.5152512073867577
2108.7000000000003,3.719971106972108,0.12184766095838825
2110.7000000000003,3.7193288074264994,0.16545756015636554
2112.7000000000003,3.7201541509598974,0.1766613142857925
2114.7000000000003,3.6530538350073667,3.0649712484367684
2116.7000000000003,3.7143441449266317,0.2744200797652433
2118.7000000000003,3.6789581356020458,1.8437729252225252
2120.7000000000003,3.7026304829157093,0.6967016096088434
2122.7000000000003,3.7229129005410164,-0.19188192095277953
2124.7000000000003,3.659180505925199,2.6838493373000323
2126.7000000000003,3.681398699777497,1.573636280700969
2128.7000000000003,3.67199183500869,1.919863381950264
2130.7000000000003,3.6603775367784603,2.332164532764364
2132.7000000000003,3.6439953676130523,2.946970766874239
2134.7000000000003,3.6496800515995016,2.587317186822477
2136.7000000000003,3.624443488177692,3.6564561952171406
2138.7000000000003,3.293833942627665,17.709185968581387
2140.7000000000003,3.2562179447502544,18.467841102580127
2142.7000000000003,3.253235790531322,17.667062469088084
2144.7000000000003,3.348454042498248,12.862026175305068
2146.7000000000003,3.321656139629128,13.49158689102865
2148.7000000000003,3.592858141857853,1.2471723507588994
2150.7000000000003,3.62811441335457,-0.12170777390304066
2152.7000000000003,3.633842627879708,-0.16508650772251673
2154.7000000000003,3.6352816146941698,-0.023616730425499943
2156.7000000000003,3.451847475834854,7.946099107283195
2158.7000000000003,3.365551639564866,11.395071425585817
2160.7000000000003,3.282822707756409,14.740517678875317
2162.7000000000003,3.368229028401355,10.649367880909312
2164.7000000000003,3.492619641414158,4.905253934666249
2166.7000000000003,3.5810012107766878,1.1309854767935854
2168.7000000000003,3.592827184670194,0.7103748532325278
2170.7000000000003,3.617563712215859,-0.17734809675781693
2172.7000000000003,3.7274930433440288,-4.542656829033232
2174.7000000000003,3.713462324822476,-3.498172243234379
2176.7000000000003,3.6422295597914016,-0.16871124244558278
2178.7000000000003,3.579238302584307,2.660197540567863
2180.7000000000003,3.530368129459272,4.7598530217994615
2182.7000000000003,3.4965036180662312,6.059558555715138
2184.7000000000003,3.187505519032436,19.24097248338039
2186.7000000000003,3.1558876798521216,19.66294466852557
2188.7000000000003,3.142395131092452,19.3642325616737
2190.7000000000003,3.2212913940213816,15.106818918076353
2192.7000000000003,3.579947992831806,-1.008169123845349
2194.7000000000003,3.739569061381091,-7.464024218108358
2196.7000000000003,3.6416399278447797,-2.629323601866929
2198.7000000000003,3.651073933548522,-2.6860746701623226
2200.7000000000003,3.600753798678036,-0.22325399046787442
2202.7000000000003,3.5813916904152086,0.8133335211076895
2204.7000000000003,3.5603837255860107,1.8244169963196475
2206.7000000000003,3.550894003285914,2.304938663467854
2208.7000000000003,3.473613540347692,5.630611025114695
2210.7000000000003,3.5198827527827157,3.4393753227137926
2212.7000000000003,3.5774247017698264,0.9615379789182348
2214.7000000000003,3.521177669626567,3.4286442418819068
2216.7000000000003,3.4204771391581446,7.7264127769069155
2218.7000000000003,3.417610694578738,7.582317494115775
2220.7000000000003,3.425818529207835,6.972537074918707
2222.7000000000003,3.5807303112266444,0.19747893880197664
2224.7000000000003,3.5503128584269636,1.643314176346428
2226.7000000000003,3.4276713463937996,6.958231858192799
2228.7000000000003,3.417701179872077,7.165105554546912
2230.7000000000003,3.3376137077163603,10.313248241737734
2232.7000000000003,3.5398373524360394,1.1486140817426522
2234.7000000000003,3.5728867862825693,-0.11973536281239378
2236.7000000000003,3.5743934632140952,0.0026034464983184236
2238.7000000000003,3.3994731266311846,7.72924467711067
2240.7000000000003,3.4830455734901085,3.9814044284594106
2242.7000000000003,3.5776083319742873,-0.12987413008532953
2244.7000000000003,3.565694509927349,0.593376047747229
2246.7000000000003,3.5146966264696355,2.904730572413725
2248.7000000000003,3.34877624509596,10.274257562103882
2250.7000000000003,3.3364041775953526,10.480747901217917
2252.7000000000003,3.5354783786008936,1.5405290715441793
2254.7000000000003,3.45714966788413,5.2212033617952835
2256.7000000000003,3.414362543744651,7.006146065235347
2258.7000000000003,3.546254786748978,0.9522670985619823
2260.7000000000003,3.7012730812270256,-5.784532004353681
2262.7000000000003,3.7283420108392216,-6.4053621316414295
2264.7000000000003,3.716774988198057,-5.381782487855568
2266.7000000000003,3.6973183478232046,-4.062445129926951
2268.7000000000003,3.6649832781096583,-2.297335064789376
2270.7000000000003,3.6426202760017268,-1.1177530018891062
2272.7000000000003,3.613197337463219,0.29458745990223983
2274.7000000000003,3.594664347604337,1.1472520843617282
2276.7000000000003,3.59373892687775,1.2092894857465135
2278.7000000000003,3.499501347495018,5.42405682231289
2280.7000000000003,3.480518168846787,6.020720882850954
2282.7000000000003,3.5720721470675443,1.7530609023244867
2284.7000000000003,3.582407939949081,1.316436602190216
2286.7000000000003,3.5960803692121335,0.7635852985061904
2288.7000000000003,3.5815475902463896,1.4399581768178702
2290.7000000000003,3.5756383205139306,1.7110189586876787
2292.7000000000003,3.568150348156501,2.0500355631887315
2294.7000000000003,3.587401314958384,1.1925630561376264
2296.7000000000003,3.588307704750167,1.1782857588043856
2298.7000000000003,3.5892717666422405,1.1472995644273636
2300.7000000000003,3.589776382653491,1.1473829684407064
2302.7000000000003,3.586600703634959,1.3214688648846011
2304.7000000000003,3.5825807745021767,1.4918786783015663
2306.7000000000003,3.583353156346864,1.4565359853066568
2308.7000000000003,3.5836453277307623,1.4535288522866192
2310.7000000000003,3.588412302255399,1.246992513648858
2312.7000000000003,3.5154162600287773,4.491098973060757
2314.7000000000003,3.5119082962271464,4.470051339613151
2316.7000000000003,3.5082789324661907,4.478996202713959
2318.7000000000003,3.542171612767882,2.860438226383479
2320.7000000000003,3.583340717172708,0.9836264585433033
2322.7000000000003,3.583628700289868,1.0027862402992307
2324.7000000000003,3.5844731200813236,1.0151701489683544
2326.7000000000003,3.59518169948337,0.593369758164486
2328.7000000000003,3.5715798597287005,1.6787171426363081
2330.7000000000003,3.56021758300481,2.175419466310252
2332.7000000000003,3.163940480840268,19.31264838230283
2334.7000000000003,3.1312095037444365,19.78696094530181
2336.7000000000003,3.092657741234245,20.520473915637204
2338.7000000000003,3.364874440245062,7.685801292582351
2340.7000000000003,3.4696380711559143,2.86241233761326
2342.7000000000003,3.7036166438498026,-7.348684080087606
2344.7000000000003,3.7292006209210955,-7.864328224007868
2346.7000000000003,3.649952777804835,-3.7131610440997873
2348.7000000000003,3.650387338236873,-3.3744207801579487
2350.7000000000003,3.70115057971958,-5.326130588288486
2352.7000000000003,3.5971040805977785,-0.30308636860596894
2354.7000000000003,3.6363704086167483,-1.9328722052055625
2356.7000000000003,3.421031509972683,7.811073946397713
2358.7000000000003,3.5965862671824924,-0.1681546399765715
2360.7000000000003,3.597271029295172,-0.13186712800308623
2362.7000000000003,3.506779962833307,3.895601481711701
2364.7000000000003,3.50759992204272,3.7232931708505896
2366.7000000000003,3.531867671876878,2.5448007425802954
2368.7000000000003,3.5372866109128007,2.2710038581126253
2370.7000000000003,3.5585530906770604,1.3109853886137
2372.7000000000003,3.5782297848942584,0.4775956359601408
2374.7000000000003,3.591485646574866,-0.043703714521930066
2376.7000000000003,3.5935787873862863,-0.045988321882786086
2378.7000000000003,3.595881574614889,-0.065729767025767
2380.7000000000003,3.5975228350958433,-0.05892386354504788
2382.7000000000003,3.598948818688304,-0.04907873072871262
2384.7000000000003,3.6583770009715906,-2.638177219321917
2386.7000000000003,3.637387462936436,-1.4023323138492596
2388.7000000000003,3.5602415833846766,2.0544917956094393
2390.7000000000003,3.543528529943444,2.736098568097027
2392.7000000000003,3.566154573371858,1.6824976645418426
2394.7000000000003,3.6034236647299407,0.04368322981503369
2396.7000000000003,3.585670298820001,0.8766775517223413
2398.7000000000003,3.586369946000648,0.8494277267425315
2400.7000000000003,3.586602706598094,0.8516899092007547
2402.7000000000003,3.575937311682474,1.309128480967165
2404.7000000000003,3.56984823427153,1.550130282484208
2406.7000000000003,3.551938103041988,2.303212278049557
2408.7000000000003,3.545516005808359,2.511674946399483
2410.7000000000003,3.5434525874304406,2.5102036379019097
2412.7000000000003,3.5418133622064487,2.509239267394812
2414.7000000000003,3.5606134369114244,1.6067575017662816
2416.7000000000003,3.5895010794834152,0.3090104068128869
2418.7000000000003,3.5936253747045064,0.18679393259051633
2420.7000000000003,3.63540960629864,-1.6164189682259504
2422.7000000000003,3.599184148176133,0.13077258739116418
2424.7000000000003,3.5433610622717184,2.608729448594553
2426.7000000000003,3.5414350662122938,2.593420594011182
2428.7000000000003,3.5629934277820294,1.594681715321482
2430.7000000000003,3.550594419964272,2.0952092670535567
2432.7000000000003,3.552785764277888,1.942166349759894
2434.7000000000003,3.5946779089911383,0.10200019311120907
2436.7000000000003,3.5783728141512787,0.8596921448973044
2438.7000000000003,3.5268088706615455,3.1270914370103142
2440.7000000000003,3.5939493817304795,0.0726333449701976
2442.7000000000003,3.6406853869744684,-1.951143728924154
2444.7000000000003,3.652523367090119,-2.3045388353539913
2446.7000000000003,3.667959793980559,-2.762177408175406
2448.7000000000003,3.6446844226582873,-1.549333061837407
2450.7000000000003,3.636084356486253,-1.1005161431372437
2452.7000000000003,3.588308317970182,1.0674176974223615
2454.7000000000003,3.586514907832745,1.117448375582443
2456.7000000000003,3.5979122570640154,0.6007171585335311
2458.7000000000003,3.5900620403899968,0.9370721205082939
2460.7000000000003,3.601157476373409,0.404771620561448
2462.7000000000003,3.6105428924179317,0.0057753004548457
2464.7000000000003,3.607297342454959,0.21986083875656376
2466.7000000000003,3.527958849807429,3.6641922724526026
2468.7000000000003,3.5251769122920096,3.582589705709526
2470.7000000000003,3.5829412661483633,0.9633619046194892
2472.7000000000003,3.571177395439832,1.462313101596529
2474.7000000000003,3.5722222168212414,1.383717711055827
2476.7000000000003,3.571292110046297,1.3975595930573235
2478.7000000000003,3.5990115279253168,0.15166553708556643
2480.7000000000003,3.5992025155004073,0.18179140633364196
2482.7000000000003,3.599798976448716,0.19562456021246882
2484.7000000000003,3.6012668914113073,0.16233089159368488
2486.7000000000003,3.6031589332247878,0.15524784703226838
2488.7000000000003,3.5952058961935744,0.5366000397798449
2490.7000000000003,3.596720272176645,0.4932145657165961
2492.7000000000003,3.5905391107897637,0.7780682689639266
2494.7000000000003,3.602404800001018,0.2428416161863339
2496.7000000000003,3.5808996978704775,1.2121593820479717
2498.7000000000003,3.5807215104435555,1.1899695821273875
2500.7000000000003,3.6010370226473523,0.28885932384784907
2502.7000000000003,3.579903938299706,1.210827181038262
2504.7000000000003,3.5697867685672966,1.6322483925036215
2506.7000000000003,3.5932435070071054,0.5748884915883622
2508.7000000000003,3.6027568879851137,0.17432069935739192
2510.7000000000003,3.6035442574514103,0.172597860234177
2512.7000000000003,3.604275489208054,0.1755076334726727
2514.7000000000003,3.60500413545506,0.17391214488188023
2516.7000000000003,3.5960292783185803,0.5872707958772099
2518.7000000000003,3.588228500870009,0.9070390813310705
2520.7000000000003,3.598034498017817,0.4879894564760028
2522.7000000000003,3.581215178818364,1.2094993482345298
2524.7000000000003,3.586102284855228,0.9610976075853364
2526.7000000000003,3.592950718232414,0.6539692631662848
2528.7000000000003,3.5925768827840288,0.6677019007304923
2530.7000000000003,3.60414142825345,0.18421679051354806
2532.7000000000003,3.60482091286882,0.17711514859217103
2534.7000000000003,3.6049186059965943,0.19930385699122347
2536.7000000000003,3.6055535813239636,0.1936899899100873
2538.7000000000003,3.606546069736475,0.1694872730490272
2540.7000000000003,3.609860694854655,0.047169311793181325
2542.7000000000003,3.6357350878099752,-1.0737361172664193
2544.7000000000003,3.6338719530780845,-0.8443392665010061
2546.7000000000003,3.614963517087105,0.043216977226457294
2548.7000000000003,3.641417159100331,-1.07158909058957
2550.7000000000003,3.6158220362408104,0.11223189899660081
2552.7000000000003,3.6145659518198574,0.17857795604877208
2554.7000000000003,3.6144959931309817,0.18791609026654468
2556.7000000000003,3.6150053269893068,0.17379971551653003
2558.7000000000003,3.6331945576526876,-0.5927732429924837
2560.7000000000003,3.6164168858613084,0.16520782249141655
2562.7000000000003,3.616421440020123,0.17319794170709402
2564.7000000000003,3.6161294967978774,0.21708317867725258
2566.7000000000003,3.6027736912997614,0.8185226408452088
2568.7000000000003,3.600424009962905,0.867874768228557
2570.7000000000003,3.6032494772864068,0.7197962542860584
2572.7000000000003,3.600577026778907,0.821305029005854
2574.7000000000003,3.6071543599509264,0.5306255911797543
2576.7000000000003,3.609061696174169,0.43760902596580253
2578.7000000000003,3.6152835530176812,0.15949711088350105
2580.7000000000003,3.615536288199901,0.15993589646162115
2582.7000000000003,3.6154072614794543,0.17889908575682015
2584.7000000000003,3.615441917230228,0.17668077809939464
2586.7000000000003,3.6158341257065905,0.16759463637500369
2588.7000000000003,3.61604905988845,0.16663254483669235
2590.7000000000003,3.6119811465072265,0.353838799951963
2592.7000000000003,3.605887613874952,0.6231168897410199
2594.7000000000003,3.6160754408412203,0.16415163357702156
2596.7000000000003,3.6034904202404414,0.7315517171029297
2598.7000000000003,3.594412391952951,1.1030166776726704
2600.7000000000003,3.6147494375527955,0.1817995945271499
2602.7000000000003,3.6153215784746777,0.17499176825120555
2604.7000000000003,3.5969078030428787,0.9819153898555758
2606.7000000000003,3.5943278183189706,1.0582946010164358
2608.7000000000003,3.6149074961401144,0.12161596388617835
2610.7000000000003,3.614454156398631,0.15850028544618866
2612.7000000000003,3.614771708616929,0.16088103775309318
2614.7000000000003,3.6152586595659093,0.15493958677891265
2616.7000000000003,3.615524393887921,0.15897308224367443
2618.7000000000003,3.6159770910113656,0.15841328938934324
2620.7000000000003,3.6161118363118763,0.16925169133394272
2622.7000000000003,3.6167573854777686,0.15671059650602653
2624.7000000000003,3.617091225249846,0.14982636325060067
2626.7000000000003,3.6173243638247006,0.1522280215410679
2628.7000000000003,3.634491909298742,-0.5587013476042816
2630.7000000000003,3.619231487429653,0.15515648739332494
2632.7000000000003,3.6197911973200467,0.13875345714998785
2634.7000000000003,3.619610307268988,0.15669093192714798
2636.7000000000003,3.6198786775245066,0.15676779804233423
2638.7000000000003,3.6202357812084824,0.15171358791366957
2640.7000000000003,3.6202322639606836,0.15985007848710406
2642.7000000000003,3.6202754428247697,0.15879843399166413
2644.7000000000003,3.6205614342537484,0.16115147769822102
2646.7000000000003,3.6350195344552487,-0.47638824306331123
2648.7000000000003,3.6213717895843907,0.16063682118368575
2650.7000000000003,3.6216106689236227,0.16202998247484474
2652.7000000000003,3.632029760388791,-0.2921831408461779
2654.7000000000003,3.622694171012827,0.14095410104274872
2656.7000000000003,3.629626641011153,-0.15377407481983998
2658.7000000000003,3.6275716737659653,-0.05003376081395584
2660.7000000000003,3.6329566634520187,-0.26701899766373427
2662.7000000000003,3.636288287322974,-0.38408992367656086
2664.7000000000003,3.6244705573321467,0.16160899286396213
2666.7000000000003,3.6248224498606416,0.15343495979994776
2668.7000000000003,3.6250871570052685,0.1475174601262708
2670.7000000000003,3.604422824583611,1.0523965375487314
2672.7000000000003,3.6187901896815133,0.3716170322575625
2674.7000000000003,3.6243816237526354,0.12788661289075448
2676.7000000000003,3.6234772393272965,0.16720967141338938
2678.7000000000003,3.6392223358488143,-0.4862738041559739
2680.7000000000003,3.630507256726565,-0.07855039081305963
2682.7000000000003,3.6469492176105502,-0.7608625640762805
2684.7000000000003,3.6281049597828656,0.105115965582208
2686.7000000000003,3.628383719976491,0.09782847060383279
2688.7000000000003,3.628103591183419,0.11206480452129361
2690.7000000000003,3.631546854297064,-0.041501522952403516
2692.7000000000003,3.628536848527189,0.10803630770080086
2694.7000000000003,3.6276574844935205,0.1449966568336015
2696.7000000000003,3.6239263095730494,0.313997153622664
2698.7000000000003,3.6396366408258864,-0.3710010330744238
2700.7000000000003,3.6791840209756237,-2.0927653947316105
2702.7000000000003,3.636476125839459,-0.13052584961836552
2704.7000000000003,3.6306980854526185,0.1475571401785058
2706.7000000000003,3.629788530294648,0.15987646895419802
2708.7000000000003,3.5898444375398877,1.9145158532717084
2710.7000000000003,3.6047345471276517,1.183787484958044
2712.7000000000003,3.624530002728981,0.24286048381260977
2714.7000000000003,3.6272569562695196,0.12806148705731424
2716.7000000000003,3.6273235413267306,0.13051019997778898
2718.7000000000003,3.5948403016037207,1.551670947672783
2720.7000000000003,3.6072659754828047,0.9348375312930806
2722.7000000000003,3.6188710784822633,0.4219312541326071
2724.7000000000003,3.625270683683751,0.14128061467343442
2726.7000000000003,3.6471556380439187,-0.8096951337629159
2728.7000000000003,3.6371994678020734,-0.325839992545953
2730.7000000000003,3.6387545185087897,-0.3453593388195899
2732.7000000000003,3.629340284749753,0.09272908755073567
2734.7000000000003,3.6282757277656543,0.147135880107297
2736.7000000000003,3.627327787770691,0.189828959072725
2738.7000000000003,3.6287801301922538,0.125
2740.7000000000003,3.628809380887062,0.125
2742.7000000000003,3.6289529280525032,0.125
2744.7000000000003,3.629057579954141,0.125
2746.7000000000003,3.6292624921695364,0.125
2748.7000000000003,3.6294047175907274,0.125
2750.7000000000003,3.6295761087879597,0.125
2752.7000000000003,3.629769736685928,0.125
2754.7000000000003,3.629962103335085,0.125
2756.7000000000003,3.6283471389282314,0.20188153432503514
2758.7000000000003,3.6227818332849377,0.44841221990185914
2760.7000000000003,3.603220933137939,1.2759861468063747
2762.7000000000003,3.619138310207751,0.5337642250067391
2764.7000000000003,3.6093706661218743,0.9463858457645489
2766.7000000000003,3.601868018024506,1.2308735297412219
2768.7000000000003,3.6075108586718643,0.9434583011520221
2770.7000000000003,3.5954793609724134,1.4368631685704925
2772.7000000000003,3.599634866933848,1.2086935768852294
2774.7000000000003,3.60047007074113,1.1196930359450157
2776.7000000000003,3.608869827517483,0.7248032459014147
2778.7000000000003,3.6129005654994515,0.5354360822345672
2780.7000000000003,3.62303535712853,0.09444427673456045
2782.7000000000003,3.620084880670865,0.24914388761863498
2784.7000000000003,3.6014472242731834,1.0706819885931602
2786.7000000000003,3.607501070162367,0.7722543487913377
2788.7000000000003,3.622544633037168,0.10780780231480468
2790.7000000000003,3.6173109458261106,0.3519078081466365
2792.7000000000003,3.622669776704558,0.12684650609549672
2794.7000000000003,3.644110126577892,-0.7709344055380569
2796.7000000000003,3.60875101833222,0.8293806018820497
2798.7000000000003,3.5988068622758687,1.2563685901549966
2800.7000000000003,3.568732139330873,2.4983404964063154
2802.7000000000003,3.611092678803622,0.5442034402649069
2804.7000000000003,3.614022382648486,0.424367853082532
2806.7000000000003,3.619849098196427,0.1705893251314565
2808.7000000000003,3.6152145782140876,0.3899911074570178
2810.7000000000003,3.621198243891354,0.14125069774020543
2812.7000000000003,3.6103747077960184,0.6270880875901328
2814.7000000000003,3.6058850029945724,0.7940986259157625
2816.7000000000003,3.6167046278245065,0.32187267606853454
2818.7000000000003,3.616688621462494,0.3247972965119391
2820.7000000000003,3.621700477061482,0.12375026344042821
2822.7000000000003,3.617543868244922,0.3233671387926809
2824.7000000000003,3.6225035516086965,0.11920989308180764
2826.7000000000003,3.6180320027388837,0.3284212701502253
2828.7000000000003,3.6227819541738047,0.12529912768927992
2830.7000000000003,3.6230952983522577,0.13016830161558104
2832.7000000000003,3.6235893832570354,0.12440920234927226
2834.7000000000003,3.659901333235215,-1.4515798456412417
2836.7000000000003,3.631728633272037,-0.14807525946857314
2838.7000000000003,3.626540774734962,0.11048820521167037
2840.7000000000003,3.6264899540550473,0.12377110032892019
2842.7000000000003,3.6174509833733017,0.5236813510830197
2844.7000000000003,3.6265191518027136,0.11139935938057252
2846.7000000000003,3.6272639531468336,0.09182275496596966
2848.7000000000003,3.627688889471056,0.07500835476014257
2850.7000000000003,3.6279246402509413,0.08051521101198134
2852.7000000000003,3.628476587942548,0.07066255163010143
2854.7000000000003,3.628693269288718,0.07525975302701783
2856.7000000000003,3.6382718576508015,-0.33783779028466937
2858.7000000000003,3.6468420656316827,-0.6633143622696174
2860.7000000000003,3.6490200627371534,-0.7122381031047852
2862.7000000000003,3.6413063379929755,-0.33266447537163574
2864.7000000000003,3.6317507398820745,0.10242028792388704
2866.7000000000003,3.6249390026308617,0.40189825988880656
2868.7000000000003,3.621986642679441,0.5225465796909194
2870.7000000000003,3.630174475178372,0.15
2872.7000000000003,3.62746329173099,0.2668815894571768
2874.7000000000003,3.6279249340782003,0.24558313828823153
2876.7000000000003,3.624675771926497,0.3809463916724651
2878.7000000000003,3.6299718595054307,0.15
2880.7000000000003,3.630096981690674,0.15
2882.7000000000003,3.6363553466517096,-0.11267695639368944
2884.7000000000003,3.62303497567708,0.4836469438787804
2886.7000000000003,3.624555480865793,0.3828940054751415
2888.7000000000003,3.625642068578421,0.3278814652495083
2890.7000000000003,3.629609926714143,0.15
2892.7000000000003,3.62978913260597,0.15
2894.7000000000003,3.63198742382388,0.0651465012743357
2896.7000000000003,3.62916939337153,0.20119853544778543
2898.7000000000003,3.6261093399875315,0.3325879407921401
2900.7000000000003,3.6301444268780245,0.14444484152015397
2902.7000000000003,3.631505637195408,0.10364705030974031
2904.7000000000003,3.6100067968263456,1.0512239825921603
2906.7000000000003,3.6243624794512352,0.3958643102901265
2908.7000000000003,3.6409056589695976,-0.33582741227230894
2910.7000000000003,3.6365958824986677,-0.11926350526626218
2912.7000000000003,3.6309446221737467,0.14350280388860986
2914.7000000000003,3.6314864159747704,0.125
2916.7000000000003,3.6315512634024847,0.1250344634714027
2918.7000000000003,3.6232317794873428,0.48080030765520804
2920.7000000000003,3.6312704570499448,0.125
2922.7000000000003,3.629641850861881,0.2
2924.7000000000003,3.62975846325865,0.2
2926.7000000000003,3.630271573586605,0.1845665874924735
2928.7000000000003,3.6310649040502594,0.15180258509172928
2930.7000000000003,3.630323832650003,0.1848450143741398
2932.7000000000003,3.6297711792467964,0.21163098314931436
2934.7000000000003,3.6315820883000813,0.125
2936.7000000000003,3.6298869788740165,0.20009965144761194
2938.7000000000003,3.631814741872456,0.125
2940.7000000000003,3.6319809444997824,0.125
2942.7000000000003,3.6326509221589296,0.1
2944.7000000000003,3.6327753816222548,0.1
2946.7000000000003,3.6329565630065765,0.1
2948.7000000000003,3.633127984226349,0.1
2950.7000000000003,3.633101476400115,0.1
2952.7000000000003,3.6328423506841334,0.1112712840821292
2954.7000000000003,3.6326691463766037,0.125
2956.7000000000003,3.6327827933958776,0.125
2958.7000000000003,3.632935084926237,0.125
2960.7000000000003,3.6332342318837454,0.125
2962.7000000000003,3.633209307775288,0.125
2964.7000000000003,3.6332480835807752,0.125
2966.7000000000003,3.633563226862409,0.11903954829399063
2968.7000000000003,3.634043639906678,0.10460332607191432
2970.7000000000003,3.634173250340058,0.1
2972.7000000000003,3.634287766400435,0.1
2974.7000000000003,3.6343924924250564,0.1
2976.7000000000003,3.63437739794069,0.1
2978.7000000000003,3.6344500728827507,0.1
2980.7000000000003,3.6345769310993417,0.1
2982.7000000000003,3.634706951665734,0.1
2984.7000000000003,3.6348351822218334,0.1
2986.7000000000003,3.634958795365933,0.1
2988.7000000000003,3.6351038861004965,0.1
2990.7000000000003,3.635151384235928,0.1
2992.7000000000003,3.6352010882400765,0.1
2994.7000000000003,3.6353044035061237,0.1
2996.7000000000003,3.6354471309439282,0.1
2998.7000000000003,3.635575950872567,0.1
3000.7000000000003,3.635645908903539,0.1
3002.7000000000003,3.635698164870209,0.1
3004.7000000000003,3.6357492817277546,0.1
3006.7000000000003,3.635799305849945,0.1
3008.7000000000003,3.6358485693442617,0.1
3010.7000000000003,3.6358968788699872,0.1
3012.7000000000003,3.6359442195544074,0.1
3014.7000000000003,3.635990715104219,0.1
3016.7000000000003,3.637257180474808,0.05
3018.7000000000003,3.6374054507663893,0.05
3020.7000000000003,3.6375504698176444,0.05
3022.7000000000003,3.63769240687777,0.05
3024.7000000000003,3.637831421376184,0.05
3026.7000000000003,3.637967663497549,0.05
3028.7000000000003,3.638101274723077,0.05
3030.7000000000003,3.638232388340061,0.05
3032.7000000000003,3.6383590177440674,0.05
3034.7000000000003,3.6385281606919593,0.050000147436403436
3036.7000000000003,3.6385824616088467,0.05533565096792863
3038.7000000000003,3.638582691633596,0.05894478146979258
3040.7000000000003,3.638575745108498,0.062146941287025005
3042.7000000000003,3.6387560376069503,0.05738092928030229
3044.7000000000003,3.638838373642064,0.05696736108608407
3046.7000000000003,3.6389617781118053,0.05554451220702004
3048.7000000000003,3.6374139517499224,0.125
3050.7000000000003,3.637911249293958,0.1
3052.7000000000003,3.6378890045381618,0.1
3054.7000000000003,3.6379655284142074,0.09564609295218997
3056.7000000000003,3.6384547433486834,0.075
3058.7000000000003,3.6385175236777796,0.075
3060.7000000000003,3.6386465057209914,0.075
3062.7000000000003,3.6387480258875624,0.075
3064.7000000000003,3.638776876656374,0.075
3066.7000000000003,3.6394567178312696,0.05
3068.7000000000003,3.6395779667093233,0.05
3070.7000000000003,3.6396974458302433,0.05
3072.7000000000003,3.639738085678181,0.05
3074.7000000000003,3.6398638165296475,0.05
3076.7000000000003,3.639996207285498,0.05
3078.7000000000003,3.640125079018829,0.05
3080.7000000000003,3.64025255746612,0.05
3082.7000000000003,3.640315381331787,0.05
3084.7000000000003,3.6405114040697515,0.0437499016730175
3086.7000000000003,3.640594456335599,0.042886522905220104
3088.7000000000003,3.6406317910516166,0.04375065693022281
3090.7000000000003,3.6407275867191005,0.04227353417077153
3092.7000000000003,3.640833377017779,0.040864305034440274
3094.7000000000003,3.6409789325221005,0.03962251242038951
3096.7000000000003,3.6408633058684416,0.049989748761484654
3098.7000000000003,3.640919046209996,0.05
3100.7000000000003,3.640546521115829,0.075
3102.7000000000003,3.6387032513478013,0.16220462325909699
3104.7000000000003,3.6386593613754594,0.15
3106.7000000000003,3.6387311932102087,0.15
3108.7000000000003,3.638335915080901,0.17006168170592928
3110.7000000000003,3.6373934297610644,0.2
3112.7000000000003,3.6379329635550235,0.17050340011015838
3114.7000000000003,3.6382550717584166,0.15500816551026103
3116.7000000000003,3.6383182392872517,0.15472112982100608
3118.7000000000003,3.6381552336104184,0.16496322189079388
3120.7000000000003,3.637880121514007,0.1749971960214498
3122.7000000000003,3.637803497114239,0.17311842545761275
3124.7000000000003,3.637818753007691,0.17285569090505568
3126.7000000000003,3.637269596862968,0.1970554045810116
3128.7000000000003,3.637674655329704,0.17455782855316695
3130.7000000000003,3.637597862355422,0.175
3132.7000000000003,3.63748227942753,0.175
3134.7000000000003,3.637584909632821,0.175
3136.7000000000003,3.637559069872325,0.1798819296128482
3138.7000000000003,3.6377369988439106,0.17062437269317798
3140.7000000000003,3.564646374894894,3.3822302802460396
3142.7000000000003,3.6247990873085216,0.3565642394654445
3144.7000000000003,3.675760167593014,-1.8432469629859456
3146.7000000000003,3.682125345542015,-1.9834260207906211
3148.7000000000003,3.6424717300264087,-0.14363193280361536
3150.7000000000003,3.6275906028726923,0.5206638636929302
3152.7000000000003,3.635279660620637,0.18249309047074064
3154.7000000000003,3.6168227331250886,0.9782342211467484
3156.7000000000003,3.6196682001190355,0.809105578758472
3158.7000000000003,3.6222940036761235,0.6808999746680828
3160.7000000000003,3.630388540626976,0.2958520453816083
3162.7000000000003,3.633495586596638,0.16492841811021838
3164.7000000000003,3.633997773582437,0.1508585863150201
3166.7000000000003,3.654703831240709,-0.7234289534629385
3168.7000000000003,3.6417715702738147,-0.09766421877709808
3170.7000000000003,3.618298365045502,0.9591437600128809
3172.7000000000003,3.6448299762889684,-0.22075046041420018
3174.7000000000003,3.638161094796613,0.075
3176.7000000000003,3.637637041536447,0.10014583619040297
3178.7000000000003,3.605712334225509,1.5036173054789486
3180.7000000000003,3.611092193247235,1.1453378694508334
3182.7000000000003,3.632855094000019,0.15117008755905714
3184.7000000000003,3.633220905876644,0.13965112953196418
3186.7000000000003,3.6340262100918457,0.11191784512089732
3188.7000000000003,3.6321962704635067,0.21463710421547494
3190.7000000000003,3.67982147144323,-1.8875015946341331
3192.7000000000003,3.650351641048529,-0.504906515768613
3194.7000000000003,3.6377324766590307,0.075
3196.7000000000003,3.636727187919282,0.125
3198.7000000000003,3.635688432204831,0.17664225022773825
3200.7000000000003,3.6325176435944475,0.3198401132086269
3202.7000000000003,3.607869917397781,1.379155052006666
3204.7000000000003,3.627753242508539,0.43053710623031366
3206.7000000000003,3.6364316271189283,0.05321309275171214
3208.7000000000003,3.636834690519136,0.046106194346365724
3210.7000000000003,3.6371007583442125,0.045985495836547506
3212.7000000000003,3.614526976710741,1.0595405590369922
3214.7000000000003,3.6276999536013586,0.43053550181351985
3216.7000000000003,3.6355553097069677,0.0923304904959289
3218.7000000000003,3.6359618031303524,0.08421379313222023
3220.7000000000003,3.6360159413952835,0.08967706394556545
3222.7000000000003,3.6677445683329624,-1.2869261603048134
3224.7000000000003,3.668059277577056,-1.2122366546334398
3226.7000000000003,3.6543281537306322,-0.5369495900765234
3228.7000000000003,3.646367015651617,-0.1630070573148003
3230.7000000000003,3.641163384479684,0.075
3232.7000000000003,3.641189050102654,0.075
3234.7000000000003,3.641218685920275,0.075
3236.7000000000003,3.6413285756671674,0.075
3238.7000000000003,3.6413007530949644,0.075
3240.7000000000003,3.641258031908285,0.075
3242.7000000000003,3.641150426186518,0.075
3244.7000000000003,3.641083293500964,0.075
3246.7000000000003,3.6411621281582907,0.075
3248.7000000000003,3.641241603623633,0.075
3250.7000000000003,3.6413216705093054,0.075
3252.7000000000003,3.641340162966357,0.075
3254.7000000000003,3.6413400821288375,0.075
3256.7000000000003,3.641340461162308,0.075
3258.7000000000003,3.641340099632876,0.075
3260.7000000000003,3.6413980554112206,0.075
3262.7000000000003,3.6414097864341755,0.075
3264.7000000000003,3.6414218351194725,0.075
3266.7000000000003,3.5301329427704626,4.971290608581983
3268.7000000000003,3.587177528646975,2.02493725739092
3270.7000000000003,3.631026377570925,0.08969764944971377
3272.7000000000003,3.6310389285118303,0.10686421759526425
3274.7000000000003,3.6302189238995117,0.16088465395896315
3276.7000000000003,3.608476267376947,1.115313357601153
3278.7000000000003,3.617765023124771,0.5989185563960571
3280.7000000000003,3.6296742083262004,0.08871218452071539
3282.7000000000003,3.6719820077673275,-1.7595601999454469
3284.7000000000003,3.6432319084505567,-0.40274920278714954
3286.7000000000003,3.6437270252662377,-0.3909505212708866
3288.7000000000003,3.619466459728449,0.680653476281481
3290.7000000000003,3.5986452478528674,1.5384289360881354
3292.7000000000003,3.5439869091222245,3.7947676694622827
3294.7000000000003,3.5955342340251515,1.4415969394948258
3296.7000000000003,3.6018718092696598,1.114883326252017
3298.7000000000003,3.6083979953351335,0.8053027023707036
3300.7000000000003,3.6082270627774538,0.7981331718903478
3302.7000000000003,3.598752690480209,1.2076838486313257
3304.7000000000003,3.6029563190686766,0.993262920328703
3306.7000000000003,3.6026688968375757,0.9865349700416313
3308.7000000000003,3.6232352228515747,0.08210843137035463
3310.7000000000003,3.616098587644357,0.4152628163456647
3312.7000000000003,3.6257547964436347,0.05833170838335798
3314.7000000000003,3.604387272336528,0.9709842278707246
3316.7000000000003,3.624069302138132,0.07435239158425258
3318.7000000000003,3.602378923343717,1.0327773708520835
3320.7000000000003,3.601303853199355,1.0511266242141184
3322.7000000000003,3.6187870758025715,0.2797332108872815
3324.7000000000003,3.6049651570925967,0.8401517134281119
3326.7000000000003,3.5792735110622727,1.9216210103484594
3328.7000000000003,3.598255573426938,1.0610685658316468
3330.7000000000003,3.5605453056481746,2.661576742723847
3332.7000000000003,3.581502896121623,1.648963477759312
3334.7000000000003,3.592541386711097,1.105572596381229
3336.7000000000003,3.6156559837036193,0.08739806436733998
3338.7000000000003,3.616599430877858,0.08283677107599288
3340.7000000000003,3.6174781049587725,0.07349562264047582
3342.7000000000003,3.6176558163299832,0.0941973801754104
3344.7000000000003,3.6184606001018182,0.0896141742590383
3346.7000000000003,3.6189762460320356,0.09464871020795745
3348.7000000000003,3.610204455238464,0.49178137855126725
3350.7000000000003,3.5841209475581444,1.6081463483254235
3352.7000000000003,3.587730108648947,1.4190537366640057
3354.7000000000003,3.591514784247994,1.2170633651282172
3356.7000000000003,3.5905968196511044,1.220332425331594
3358.7000000000003,3.616631015016277,0.07813738993247446
3360.7000000000003,3.6009336622339756,0.7691842160101872
3362.7000000000003,3.616531652374879,0.09991747715631234
3364.7000000000003,3.6173501119735167,0.08691043521208236
3366.7000000000003,3.617947928310025,0.08959860961106561
3368.7000000000003,3.6189044845153746,0.07499367153739527
3370.7000000000003,3.6197672220730213,0.06392528078689115
3372.7000000000003,3.6202908354678125,0.06672301346658976
3374.7000000000003,3.649302929512258,-1.1369681003076932
3376.7000000000003,3.627117145679992,-0.09759641156277898
3378.7000000000003,3.612237177380422,0.5679553891802624
3380.7000000000003,3.6135027197732117,0.48841802138415386
3382.7000000000003,3.6097157678519802,0.651137018762254
3384.7000000000003,3.5885754133212693,1.5526088831123326
3386.7000000000003,3.599793597508671,0.9692647305329538
3388.7000000000003,3.618610684377751,0.13378754979930993
3390.7000000000003,3.6080667470152172,0.5989912884445943
3392.7000000000003,3.592922287672888,1.229462095319838
3394.7000000000003,3.610544031814183,0.42249554741538803
3396.7000000000003,3.6167410113089895,0.13958693323251753
3398.7000000000003,3.618115920055359,0.10048883384277014
3400.7000000000003,3.618789343458272,0.0935679726224854
3402.7000000000003,3.61958710942393,0.08843081678304644
3404.7000000000003,3.6198086057726857,0.09202282189454733
3406.7000000000003,3.6056641425428606,0.708580669187146
3408.7000000000003,3.6089680235110793,0.5493481188340938
3410.7000000000003,3.6097275425941624,0.5276210226611977
3412.7000000000003,3.606712399838979,0.6624968983520431
3414.7000000000003,3.6034718227240865,0.7914903473163147
3416.7000000000003,3.611269788996549,0.43109682458642856
3418.7000000000003,3.61957195368796,0.07525542494155454
3420.7000000000003,3.619991498691721,0.07696526067461532
3422.7000000000003,3.6118981647793835,0.4506708537798392
3424.7000000000003,3.610010628482645,0.5239073359832767
3426.7000000000003,3.619352949862668,0.09745293908803081
3428.7000000000003,3.648044591729431,-1.1139689999559306
3430.7000000000003,3.634409597675095,-0.4282675278051885
3432.7000000000003,3.62991240294875,-0.19607509449967284
3434.7000000000003,3.628358930357041,-0.10052594670354745
3436.7000000000003,3.624663011067697,0.075
3438.7000000000003,3.624925019881413,0.0725915757690413
3440.7000000000003,3.6254042009061656,0.06078526778833133
3442.7000000000003,3.625592362243037,0.06166913609251708
3444.7000000000003,3.625786020431033,0.06185671031762417
3446.7000000000003,3.6260786946331325,0.05691141001397516
3448.7000000000003,3.6214299405019723,0.2684085536253538
3450.7000000000003,3.586416096153739,1.767213398507065
3452.7000000000003,3.5761759174846204,2.1162404049433725
3454.7000000000003,3.577136125457701,1.999716356798188
3456.7000000000003,3.5452960411703094,3.2735669923305184
3458.7000000000003,3.5425466452058254,3.2418019950914063
3460.7000000000003,3.6049228612225925,0.468464527072999
3462.7000000000003,3.557886944542509,2.5001862839643207
3464.7000000000003,3.582114254798249,1.3155687168130807
3466.7000000000003,3.5837614396039554,1.2226277514142598
3468.7000000000003,3.601172918550851,0.43252001866572637
3470.7000000000003,3.602059113654079,0.4033365949895695
3472.7000000000003,3.571247253626303,1.7503983582280576
3474.7000000000003,3.5647690084717443,1.9625524854984049
3476.7000000000003,3.5665937722712986,1.7769225146046672
3478.7000000000003,3.605928432852461,0.05393809915263239
3480.7000000000003,3.60604091273384,0.08682284786489378
3482.7000000000003,3.6071563510392664,0.07334119801216475
3484.7000000000003,3.606165927017489,0.15175897143972528
3486.7000000000003,3.5914554626874464,0.8229039595314309
3488.7000000000003,3.5586700011749035,2.254535822111856
3490.7000000000003,3.5692644780526503,1.6970141277322104
3492.7000000000003,3.6062661520381663,0.06466028507797128
3494.7000000000003,3.6063000202131272,0.09332944830907572
3496.7000000000003,3.6643706977238395,-2.409510754191759
3498.7000000000003,3.6194998769696363,-0.35890500308550793
3500.7000000000003,3.6146238363061154,-0.10839170153913436
3502.7000000000003,3.6108755790229323,0.08171596822727802
3504.7000000000003,3.6112185135757047,0.08773206578256343
3506.7000000000003,3.6322107421462957,-0.8140175845639646
3508.7000000000003,3.6244786295463847,-0.3453254383279649
3510.7000000000003,3.631309986377368,-0.5971140431817465
3512.7000000000003,3.586510150761833,1.4068492734583402
3514.7000000000003,3.5860299277783776,1.3684522209704948
3516.7000000000003,3.6150879956284534,0.07863853948572763
3518.7000000000003,3.605300154888559,0.5206672610949581
3520.7000000000003,3.6055013906179916,0.504165900826926
3522.7000000000003,3.6178580156328355,-0.041824219143663875
3524.7000000000003,3.6183327624455757,-0.04095900928422825
3526.7000000000003,3.6040739765869807,0.5889912359384651
3528.7000000000003,3.5981835173746175,0.8481385630621828
3530.7000000000003,3.6211047493427957,-0.19717432281922745
3532.7000000000003,3.6209199214660197,-0.16400221087369726
3534.7000000000003,3.6210692398000552,-0.15332925832545666
3536.7000000000003,3.6163497628458936,0.07452925100396042
3538.7000000000003,3.6165764215474936,0.07664618501270162
3540.7000000000003,3.6148339835983467,0.16269844042223103
3542.7000000000003,3.6170927341986285,0.07778791577804488
3544.7000000000003,3.6143563198378614,0.19836229041723877
3546.7000000000003,3.6174309170362555,0.06878574624173267
3548.7000000000003,3.600272665639154,0.8181869153993809
3550.7000000000003,3.520797494739655,4.167477866296414
3552.7000000000003,3.5589673007820575,2.3798202958043286
3554.7000000000003,3.591500641358386,0.8631299043772629
3556.7000000000003,3.5989733865676143,0.5302255454942807
3558.7000000000003,3.4947637308766404,5.072872915809173
3560.7000000000003,3.5773303351250707,1.3018053079678011
3562.7000000000003,3.57106039862855,1.5447006723806571
3564.7000000000003,3.5345733163292885,3.070364117123456
3566.7000000000003,3.551198909096248,2.2171770954955856
3568.7000000000003,3.6034116438866945,-0.07916296292520589
3570.7000000000003,3.578434014403437,1.056043203637753
3572.7000000000003,3.5289815181831465,3.188299793145046
3574.7000000000003,3.559249056197323,1.7744192779025794
3576.7000000000003,3.5389639954144507,2.644101896048142
3578.7000000000003,3.460060332303372,5.810757755281836
3580.7000000000003,3.592491418264855,-0.10715872649323414
3582.7000000000003,3.3922181402127407,8.73879176951901
3584.7000000000003,3.5539016955581584,1.205730541933748
3586.7000000000003,3.5295296024595073,2.356018783278519
3588.7000000000003,3.5645646437875764,0.8098532987954702
3590.7000000000003,3.566463582615846,0.7863637789259385
3592.7000000000003,3.4589857039795273,5.686278471764884
3594.7000000000003,3.5682098208847264,0.5388881381150946
3596.7000000000003,3.500347214222225,3.683694377089908
3598.7000000000003,3.5057134908108307,3.307701986416263
3600.7000000000003,3.5501251337080006,1.2924408578957929
3602.7000000000003,3.5457611320377453,1.5300184910115124
3604.7000000000003,3.53976407382198,1.8391169892285109
3606.7000000000003,3.5434178977278106,1.668991585775709
3608.7000000000003,3.5260853878805065,2.491783825529473
3610.7000000000003,3.5103219661814946,3.2039640367345013
3612.7000000000003,3.482816226193298,4.341623355186361
3614.7000000000003,3.4837734333313772,4.168900431858437
3616.7000000000003,3.486696927189583,3.906181555573529
3618.7000000000003,3.4975289078129586,3.333259238308863
3620.7000000000003,3.5026464288980783,3.0333371674152163
3622.7000000000003,3.153591307555601,18.69428921387202
3624.7000000000003,3.2626163348638486,12.779871673514771
3626.7000000000003,3.4227150634347088,5.282179147367216
3628.7000000000003,3.471906263712125,3.023362122553091
3630.7000000000003,3.467444608204478,3.2273083566915166
3632.7000000000003,3.4393264216903168,4.534072288762935
3634.7000000000003,3.5357020736067937,0.13317785260644982
3636.7000000000003,3.4902790206661165,2.2601881035485873
3638.7000000000003,3.29693869395737,11.036250109576885
3640.7000000000003,3.516073038273609,0.8572810905194911
3642.7000000000003,3.479943858871597,2.524022962223004
3644.7000000000003,3.5449279974496912,-0.2955037141459381
3646.7000000000003,3.547118212331597,-0.23321014722116268
3648.7000000000003,3.548891003097903,-0.16632265848184524
3650.7000000000003,3.5529489830429273,-0.21262132758178748
3652.7000000000003,3.5534508531256197,-0.11720322177275724
3654.7000000000003,3.5572597451624044,-0.1736914263415425
3656.7000000000003,3.5587369194175786,-0.12669916565129158
3658.7000000000003,3.5615488384139016,-0.15018301509029633
3660.7000000000003,3.562960327651945,-0.11977602905200041
3662.7000000000003,3.565006508068345,-0.12400598869099366
3664.7000000000003,3.663943102716063,-4.40494716364463
3666.7000000000003,3.6010546134259576,-1.320430525289944
3668.7000000000003,3.576330455930654,-0.11898876910670379
3670.7000000000003,3.548439242229178,1.1753341412106837
3672.7000000000003,3.5480575091840114,1.1660010368419216
3674.7000000000003,3.5446574975579526,1.2994820402717977
3676.7000000000003,3.5516616620565737,0.9584820016176803
3678.7000000000003,3.5749797671652965,-0.0730581842713107
3680.7000000000003,3.5709243570038103,0.16060398570900583
3682.7000000000003,3.539147794756953,1.5863706972697562
3684.7000000000003,3.5094109274296423,2.8255145884108037
3686.7000000000003,3.506083877161535,2.860714339374838
3688.7000000000003,3.5093900751361025,2.6299927967965484
3690.7000000000003,3.5005428979291504,2.923278303829697
3692.7000000000003,3.4975937651105604,2.9608306622164413
3694.7000000000003,3.5598030376689156,0.14093643989252633
3696.7000000000003,3.535559100026223,1.2647207007861927
3698.7000000000003,3.47317078244223,4.00940381298298
3700.7000000000003,3.458730169067255,4.084680067783563
3702.7000000000003,3.5525465704812738,-0.099371708183074
3704.7000000000003,3.554317638266408,-0.0820443173818983
3706.7000000000003,3.556125778806514,-0.07242319706143312
3708.7000000000003,3.5576410355210033,-0.05933730428767787
3710.7000000000003,3.559234625753501,-0.05583718171788283
3712.7000000000003,3.5614333924616592,-0.08278828241017164
3714.7000000000003,3.5621147175153407,-0.04686477024007666
3716.7000000000003,3.564421427556796,-0.08843141049177944
3718.7000000000003,3.129307907319338,19.170624642922547
3720.7000000000003,3.0877305837407816,20.01222911257996
3722.7000000000003,3.0549141130531274,20.457693192371643
3724.7000000000003,3.062468681506077,19.139861882109205
3726.7000000000003,3.4612398208633475,1.3157046338229696
3728.7000000000003,3.4676077663342784,1.1738417515488293
3730.7000000000003,3.4588581518054435,1.4476721522221576
3732.7000000000003,3.6750533312955462,-7.895674656968325
3734.7000000000003,3.7035746127590756,-8.577825085464614
3736.7000000000003,3.4239283037277444,4.306500357703552
3738.7000000000003,3.481204154599149,1.748841983707344
3740.7000000000003,3.489601487037733,1.4118954257761716
3742.7000000000003,3.4717884023799046,2.2986646452789703
3744.7000000000003,3.0832733776825085,19.255118795306355
3746.7000000000003,3.043470154001939,20.05749025654324
3748.7000000000003,3.3650742775452063,5.252632716098771
3750.7000000000003,3.4350459162382845,2.1488138978532456
3752.7000000000003,3.491899503464397,-0.21447246213690846
3754.7000000000003,3.4954559863878734,-0.20312363062480326
3756.7000000000003,3.3613568616469043,5.689355524659198
3758.7000000000003,3.3551989842672385,5.821552322462491
3760.7000000000003,3.3489158765360245,5.926861813929589
3762.7000000000003,3.4285678636662347,2.3937356040095668
3764.7000000000003,3.4538731086755226,1.2983924058413765
3766.7000000000003,3.4187966634015234,2.8727583732878412
3768.7000000000003,3.3901330021263205,4.08585068118953
3770.7000000000003,3.382529855501343,4.337798745658265
3772.7000000000003,3.5002233439169332,-0.8592494604116216
3774.7000000000003,3.6836047730528056,-8.43138039082573
3776.7000000000003,3.5936998767256823,-3.9727101348419804
3778.7000000000003,3.30058535372044,8.97862263028137
3780.7000000000003,3.3787036953030003,5.302352732772961
3782.7000000000003,3.419467823676385,3.383922419540506
3784.7000000000003,3.3706697564949057,5.37868418634813
3786.7000000000003,3.4547893579910793,1.6805324674367847
3788.7000000000003,3.245138566201072,10.537312487421218
3790.7000000000003,3.380962750989611,4.3708966512008445
3792.7000000000003,3.3900928539737785,3.9067107953045346
3794.7000000000003,3.463829541248425,0.641267436599719
3796.7000000000003,3.484802873345758,-0.14937812584066198
3798.7000000000003,3.552900416814496,-2.7739316974663843
3800.7000000000003,3.4988736864896066,-0.2242628899977515
3802.7000000000003,3.4259819377706435,2.9356199825170357
3804.7000000000003,3.2876942318367055,8.767603434438055
3806.7000000000003,3.2999207895245544,7.856154142282702
3808.7000000000003,3.346666048530714,5.604988663495055
3810.7000000000003,3.239521913018242,10.224611250152922
3812.7000000000003,3.3181219039707655,6.5996047344662
3814.7000000000003,3.473463606612489,-0.2111021159521822
3816.7000000000003,3.480276122406363,-0.23527030705007496
3818.7000000000003,3.4439027754509586,1.657657214551285
3820.7000000000003,3.448284480290403,1.5946652051438748
3822.7000000000003,3.4273831871285347,2.695330207377327
3824.7000000000003,3.3556094640799277,5.921089191224495
3826.7000000000003,3.2788918499430335,9.143642916318598
3828.7000000000003,3.389301355108748,3.8484741684893704
3830.7000000000003,3.3651306168644664,4.909842692283379
3832.7000000000003,3.3705568720139536,4.596754119512996
3834.7000000000003,3.3130902860189426,7.107891799491419
3836.7000000000003,3.35394996322678,5.180936485467942
3838.7000000000003,3.6571385168745785,-8.28344370708308
3840.7000000000003,3.648354526405072,-7.228722635435873
3842.7000000000003,3.679397009220941,-8.021125288897446
3844.7000000000003,3.64111450775091,-5.714849782006735
3846.7000000000003,3.549212530859376,-1.2990778703281822
3848.7000000000003,3.557030908964325,-1.5040556767899287
3850.7000000000003,3.4983970702207254,1.2528242926669477
3852.7000000000003,3.3802789823109225,6.556978747825644
3854.7000000000003,3.419838439414271,4.427846714363625
3856.7000000000003,3.441442406225601,3.23006904344095
3858.7000000000003,3.4606170377577232,2.2507509981794436
3860.7000000000003,3.4541824243238084,2.4890106189585253
3862.7000000000003,3.449983458733682,2.6221955450138483
3864.7000000000003,3.4215076472110315,3.807537534784764
3866.7000000000003,3.4394270280020347,2.8602038437040957
3868.7000000000003,3.463923761253858,1.6839234506843985
3870.7000000000003,3.4635462678030575,1.7077979953889533
3872.7000000000003,3.4412218250968474,2.67556173838082
3874.7000000000003,3.473052155155702,1.198118454210667
3876.7000000000003,3.5028272861742202,-0.09767773943360461
3878.7000000000003,3.473464407207074,1.3184177378797888
3880.7000000000003,3.4668112012465144,1.634307965327081
3882.7000000000003,3.438806474233397,2.8570468692823257
3884.7000000000003,3.4098653498790825,4.059581512516813
3886.7000000000003,3.44476556471546,2.2987127095991666
3888.7000000000003,3.079370032933038,18.9340215632973
3890.7000000000003,3.0737139918992544,18.00273605219943
3892.7000000000003,3.475375397760832,-0.18871605162601904
3894.7000000000003,3.5083348018353266,-1.5292543671090448
3896.7000000000003,3.509790892260644,-1.2980398497396386
3898.7000000000003,3.3937650623589137,4.100982837050608
3900.7000000000003,3.3943403651928055,3.9943428679248565
3902.7000000000003,3.4739246442582727,0.3852351410543934
3904.7000000000003,3.432619679139173,2.3194688925380724
3906.7000000000003,3.4650677010350175,0.8804758382163046
3908.7000000000003,3.488640910793455,-0.11398234030923647
3910.7000000000003,3.491311129030866,-0.12210830957662833
3912.7000000000003,3.4764499791772776,0.6176967545390519
3914.7000000000003,3.4725898348168207,0.8445281503230053
3916.7000000000003,3.415882072590552,3.403011452123049
3918.7000000000003,3.4088432507615507,3.589479413832274
3920.7000000000003,3.3747310406022493,4.946467104850225
3922.7000000000003,3.445586869379742,1.6500255522959937
3924.7000000000003,3.408196093393243,3.2602419350918215
3926.7000000000003,3.3415164802938135,6.059211906132383
3928.7000000000003,3.349375071311793,5.171593919411499
3930.7000000000003,3.3823347901336294,3.5832018336744955
3932.7000000000003,3.4449565316140784,0.849002807205778
3934.7000000000003,3.014318743158755,19.993842681384265
3936.7000000000003,2.9725447767673736,20.70522487612147
3938.7000000000003,2.9562007562176533,20.317809019646322
3940.7000000000003,2.948177351591607,19.638695891610865
3942.7000000000003,3.112060253692452,11.49108848217957
3944.7000000000003,3.381054085780723,-0.2629265040871368
3946.7000000000003,3.386710694490945,-0.23953504047339155
3948.7000000000003,3.234207367803256,6.401626818950668
3950.7000000000003,3.294798188870556,3.737532048225546
3952.7000000000003,3.3279643007249926,2.2983820387895606
3954.7000000000003,3.3879418650350237,-0.1185978835884067
3956.7000000000003,3.519969757198154,-5.867857328823511
3958.7000000000003,3.584802937158732,-8.078948557937169
3960.7000000000003,3.4655436774672137,-2.2605493671519876
3962.7000000000003,3.463705013219713,-1.8958761643451056
3964.7000000000003,3.4289376034528627,-0.17219636645405878
3966.7000000000003,3.3538164843984,3.0465811289293967
3968.7000000000003,3.4310438216140073,-0.37778627677257226
3970.7000000000003,3.6101948920849263,-7.822548691383259
3972.7000000000003,3.4431923179073465,-0.09027386096587292
3974.7000000000003,3.3254199907415436,5.022603739031575
3976.7000000000003,3.4042721909997615,1.4633922795523275
3978.7000000000003,3.424299975561344,0.6025678988702498
3980.7000000000003,3.3738984331790567,2.841228371783353
3982.7000000000003,3.265623718245431,7.248824154127477
3984.7000000000003,2.950814374970152,20.29510919566456
3986.7000000000003,2.9207487264663765,20.45946615390655
3988.7000000000003,2.907240124018238,19.947026334023015
3990.7000000000003,2.8870262648170515,19.779281369803684
3992.7000000000003,2.990028445530043,14.459247136781194
3994.7000000000003,3.4817456717138593,-6.874833093527101
3996.7000000000003,3.508349099952193,-7.377244490216159
3998.7000000000003,3.3757539586667797,-1.044773245324783
4000.7000000000003,3.340876531493027,0.6577319656735428
4002.7000000000003,3.2626139530786555,4.0470693300706415
4004.7000000000003,3.2951902361513405,2.5971952176441007
4006.7000000000003,3.5085711129876844,-6.295955185384456
4008.7000000000003,3.448787577166683,-3.327971860339109
4010.7000000000003,3.405653010549727,-1.1325737162511025
4012.7000000000003,3.290436376477277,3.9756275073626655
4014.7000000000003,3.2870168987296875,3.9044776343673
4016.7000000000003,3.3997139433178556,-1.0185448511414332
4018.7000000000003,3.2763410728962787,4.4517443635850755
4020.7000000000003,3.17770577191448,8.362442186477416
4022.7000000000003,3.260440159253283,4.585913818944472
4024.7000000000003,3.188618780802248,7.407066435552161
4026.7000000000003,3.201097811183625,6.599367703733822
4028.7000000000003,3.257412987301099,4.044452011999745
4030.7000000000003,3.1707031149761353,7.720377480115818
4032.7000000000003,3.262931955312479,3.759422996141973
4034.7000000000003,3.1555036310495224,8.659992305760781
4036.7000000000003,3.279127415667205,3.0456138017420513
4038.7000000000003,3.253990479322997,4.451904216035619
4040.7000000000003,3.130180414374806,9.848173011593158
4042.7000000000003,2.8911703111056317,19.797352448910576
4044.7000000000003,2.934576059951264,16.591481737940043
4046.7000000000003,3.0049847204394102,13.174091906164335
4048.7000000000003,3.1601494130977112,5.8790797073157055
4050.7000000000003,3.472915009413961,-7.335940293577108
4052.7000000000003,3.4554650678375114,-5.748197496685894
4054.7000000000003,3.371191619590411,-1.555867550482358
4056.7000000000003,3.2524154853160496,3.8290628684070613
4058.7000000000003,3.221479268960847,5.074025912838559
4060.7000000000003,3.33249101896298,0.24742549792316268
4062.7000000000003,3.2793859319850407,2.6537551654701645
4064.7000000000003,3.2794271570810185,2.656591158717437
4066.7000000000003,3.289573953350877,2.223539229933792
4068.7000000000003,3.337210931734189,0.2413655217561071
4070.7000000000003,3.339831415171537,0.29611346408743433
4072.7000000000003,3.270989343050512,3.3066506918575236
4074.7000000000003,2.8548497482017146,20.42043955770465
4076.7000000000003,2.8204479988492794,20.439979062094594
4078.7000000000003,2.793910588656328,20.200013626387996
4080.7000000000003,2.7691885081552567,19.95477182791015
4082.7000000000003,3.263527311534412,-1.1076216347466006
4084.7000000000003,3.2742256405730377,-1.1538898424510795
4086.7000000000003,3.284389299987267,-1.2002592179750784
4088.7000000000003,3.225504278726754,1.4956913880195657
4090.7000000000003,3.07250190352267,7.779029190882732
4092.7000000000003,2.9820869292029637,11.091745139092453
4094.7000000000003,2.9575196494167124,11.502479752486972
4096.7,3.425228005697969,-7.394404216663287
4098.7,3.4632652737718788,-8.214148090093083
4100.7,3.0140153381227055,10.343936049986699
4102.7,3.1407201927229655,4.777960664863863
4104.7,3.100881227088123,6.192586838166366
4106.7,3.2127894807275768,1.5934532505376493
4108.7,3.2228452209683316,1.3041154592205186
4110.7,3.2475706769369648,0.46378761226257265
4112.7,3.053761009964824,8.374644856004982
4114.7,3.0277552331399593,8.995702206049291
4116.7,2.8659371882737106,14.92964594410323
4118.7,2.9143475183409366,11.992646670418786
4120.7,2.9207443239840076,11.152758313790386
4122.7,2.9330058397232905,10.081992546231543
4124.7,3.12373407753717,2.494956646917525
4126.7,3.1857613686742923,0.3299790643695355
4128.7,3.090665367615743,4.302065134332738
4130.7,3.23287591693095,-1.2893449180550443
4132.7,3.2419203436619237,-1.2997607923342092
4134.7,3.250587687468597,-1.3110722971514404
4136.7,3.2012300381618317,0.8396603930268102
4138.7,3.1766409925365795,1.8481584377310198
4140.7,3.1310075200878145,3.5898132639763283
4142.7,3.1270546548036706,3.5613258585636967
4144.7,3.1377763732955533,3.161693712991225
4146.7,2.64069350934128,20.905850876127122
4148.7,2.650317367921393,18.855653017032807
4150.7,2.5673219228786603,20.021029875949054
4152.7,2.7361807663916333,14.244371060253295
4154.7,2.664600618294131,16.284603135622866
4156.7,2.7955713063838163,10.101488985228718
4158.7,3.0576410686490147,-0.9948142550480721
4160.7,3.2220518414136046,-7.063776360138526
4162.7,2.9340072260979757,5.5977856879695675
4164.7,3.029181394533233,1.2761148924028345
4166.7,3.0057297502421214,2.5412317654649024
4168.7,2.893987720723341,6.988516398352875
4170.7,2.9991248680862777,2.4623018555288936
4172.7,3.0903450644911468,-1.1697455841947118
4174.7,2.8881092891558717,7.399692939988049
4176.7,2.74144342624912,12.933473439159538
4178.7,3.001580690780108,1.4604867089694573
4180.7,3.0465900198868656,-0.30045682714923655
4182.7,3.069642075457481,-1.0336639962326186
4184.7,2.7793192965812232,10.727555607767004
4186.7,2.659632909801159,14.962108424910678
4188.7,2.718690674341932,11.505193954302127
4190.7,2.68841601058663,11.901201234426589
4192.7,2.8991309630300286,1.9173216296107003
4194.7,2.8200527854520074,4.927702311595956
4196.7,2.6596281165499023,11.21537771472454
