time,voltage,current
0.6000000000000001,4.143416192744366,-1.4390936378216044
2.6,4.0944256937766665,0.125
4.6000000000000005,4.0950313973701,0.1
6.6000000000000005,4.094770493300335,0.1
8.6,4.094479357835317,0.1
10.600000000000001,4.094260565872965,0.1
12.600000000000001,4.094168101317436,0.1
14.600000000000001,4.094002308994131,0.1
16.6,4.093840346989549,0.1
18.6,4.0937576443979085,0.1
20.6,4.093814103163029,0.1
22.6,4.093708449459415,0.1
24.6,4.093636142678225,0.1
26.6,4.093447670291877,0.1
28.6,4.0933241224571875,0.1
30.6,4.093264478802172,0.1
32.6,4.093209553918257,0.1
34.6,4.093150852760782,0.1
36.6,4.093124898886197,0.1
38.6,4.093035101522992,0.1
40.6,4.092941434663212,0.1
42.6,4.092791497856757,0.1
44.6,4.0926444195102745,0.1
46.6,4.092592961328193,0.1
48.6,4.092500214638699,0.1
50.6,4.092409697606004,0.1
52.6,4.092318339983249,0.1
54.6,4.092252907484879,0.1
56.6,4.09225160429206,0.1
58.6,4.092259614670515,0.1
60.6,4.092271540167148,0.1
62.6,4.092285227141815,0.1
64.60000000000001,4.092285731131035,0.1
66.60000000000001,4.092183997723424,0.1
68.60000000000001,4.092175528994295,0.1
70.60000000000001,4.092168665523629,0.1
72.60000000000001,4.092126597744833,0.1
74.60000000000001,4.0920792941315955,0.1
76.60000000000001,4.091994423131386,0.1
78.60000000000001,4.091992757936384,0.1
80.60000000000001,4.091873885744126,0.1
82.60000000000001,4.091755634890952,0.1
84.60000000000001,4.091669822257713,0.1
86.60000000000001,4.0916504672778276,0.1
88.60000000000001,4.09163160845406,0.1
90.60000000000001,4.091613210634669,0.1
92.60000000000001,4.091567746379172,0.1
94.60000000000001,4.091457018291933,0.1
96.60000000000001,4.091346661922109,0.1
98.60000000000001,4.091044353638394,0.10929518515710766
100.60000000000001,4.08988768071669,0.1501089126445849
102.60000000000001,4.089828351190616,0.15004354668820405
104.60000000000001,4.089626868784849,0.15002647540742167
106.60000000000001,4.088564113434758,0.17696459754299962
108.60000000000001,4.088420541632342,0.175
110.60000000000001,4.088956112414655,0.1529433824291154
112.60000000000001,4.089742652645505,0.12942256484324896
114.60000000000001,4.089156650665708,0.15
116.60000000000001,4.087526479495909,0.2
118.60000000000001,4.086227936376304,0.2304630519554885
120.60000000000001,4.089038181102143,0.13079384435545724
122.60000000000001,4.089177449575212,0.1278707635805669
124.60000000000001,4.086021689187738,0.2277909102316514
126.60000000000001,4.084145126396111,0.2788730844482882
128.6,4.088024756650998,0.15012150577074307
130.6,4.075527180019539,0.5512181395990982
132.6,4.089051973349329,0.11762324612052868
134.6,4.089080409624225,0.11547186746966528
136.6,4.089591026685197,0.1017626403442571
138.6,4.087336933711083,0.17429006313977277
140.6,4.085200249598201,0.23668734532030028
142.6,4.089383631687941,0.10442443037115805
144.6,4.0827678298968575,0.31229481060581926
146.6,4.084370042319957,0.25100777374730254
148.6,4.088349013330861,0.125
150.6,4.088340616992259,0.125
152.6,4.088109141142245,0.13022889862000875
154.60000000000002,4.0850344731295145,0.22268847606743059
156.60000000000002,4.080803383343823,0.35
158.60000000000002,4.080744423788786,0.3499720708537449
160.60000000000002,4.086793484368751,0.15292903866933602
162.60000000000002,4.08683902530207,0.1501250801183488
164.60000000000002,4.084879284855544,0.20955804901865957
166.60000000000002,4.094505366271423,-0.09576357887877429
168.60000000000002,4.088258461137261,0.10731018005207592
170.60000000000002,4.084348923380095,0.22452728468793798
172.60000000000002,4.086485383454736,0.14999984038802358
174.60000000000002,4.089057044782609,0.07131640820480778
176.60000000000002,4.081945043853509,0.30000185711257793
178.60000000000002,4.084313891376546,0.2121138645496112
180.60000000000002,4.085509714890146,0.175
182.60000000000002,4.08633392524124,0.14582088707688715
184.60000000000002,4.086289827335824,0.1495394931804211
186.60000000000002,4.095325431549045,-0.13465688363760472
188.60000000000002,4.082586743737293,0.2710541583637253
190.60000000000002,4.086743739492902,0.13615735208945642
192.60000000000002,4.079386240071895,0.36741539713441357
194.60000000000002,4.076249506011418,0.4477984569675766
196.60000000000002,4.085367760831214,0.15
198.60000000000002,4.085383223285085,0.15
200.60000000000002,4.085662252818547,0.1428743842026007
202.60000000000002,4.0854383333865805,0.15
204.60000000000002,4.085454773974006,0.14934585323184363
206.60000000000002,4.07754382435912,0.4029913053264947
208.60000000000002,4.071454495708461,0.5752699824656448
210.60000000000002,4.084590192633716,0.15
212.60000000000002,4.086894977710451,0.08087340602962617
214.60000000000002,4.08610461641757,0.10931068512050321
216.60000000000002,4.08585347354107,0.11985744565501319
218.60000000000002,4.08582886752173,0.125
220.60000000000002,4.085950683431695,0.125
222.60000000000002,4.0860657762857135,0.12500958865920875
224.60000000000002,4.078170630663008,0.37510881235100724
226.60000000000002,4.080231287476087,0.3
228.60000000000002,4.084886794895192,0.15008472927629402
230.60000000000002,4.080264479726056,0.29301732994111346
232.60000000000002,4.076270794759455,0.3998230630966119
234.60000000000002,4.083874689499916,0.15416965984596823
236.60000000000002,4.091922997879881,-0.09606495655784743
238.60000000000002,4.082787094872401,0.20607513089790397
240.60000000000002,4.060583837589147,0.9046278625257314
242.60000000000002,4.07996024669887,0.25
244.60000000000002,4.082694721737064,0.16139686260091593
246.60000000000002,4.077248711285529,0.3384505250698536
248.60000000000002,4.083139309072284,0.14869303165964798
250.60000000000002,4.084550803717358,0.11226325990448117
252.60000000000002,4.074473721560807,0.4369532742911487
254.60000000000002,4.0311995731412065,1.7847140483726844
256.6,4.051276683840387,1.0568893108714494
258.6,4.072809623568597,0.3570927127248021
260.6,4.0793837967461055,0.1493823035966407
262.6,4.079618197423048,0.15089684270334625
264.6,4.131452751534409,-1.5027771104694891
266.6,4.100242395761206,-0.4473418947249964
268.6,4.093612326410973,-0.1982952315327394
270.6,4.0837390617732465,0.1250003642024404
272.6,4.08374308358389,0.12499969124888932
274.6,4.084288245400662,0.10691842551732422
276.6,4.084671593161862,0.1
278.6,4.0848717025224754,0.1
280.6,4.08501473021071,0.1
282.6,4.085050672074302,0.10004495729152667
284.6,4.084415693331208,0.1190241955641904
286.6,4.084156918336018,0.125
288.6,4.084199789685994,0.125
290.6,4.084133480322041,0.125
292.6,4.084243162204897,0.125
294.6,4.084179641563172,0.125
296.6,4.084218607957029,0.125
298.6,4.0843382510372015,0.125
300.6,4.084455949628562,0.125
302.6,4.0844501217962925,0.125
304.6,4.084415751249415,0.12499236994655762
306.6,4.084428774301611,0.125
308.6,4.085857846579554,0.0755187002653845
310.6,4.05183729509733,1.1438418896371518
312.6,4.059358428817201,0.8512603574165944
314.6,4.0809528792030845,0.12774584974188094
316.6,3.9154773295276124,5.406552246895253
318.6,4.0523114808196645,0.8961322273441059
320.6,4.075589412149283,0.12233886700278021
322.6,4.0760361620770915,0.14017968523229227
324.6,4.0551507354668175,0.8148945867033078
326.6,4.060339240105612,0.6377253894761792
328.6,4.060357458758314,0.6198188189312609
330.6,4.060442688838305,0.6092989689533027
332.6,4.06037182185724,0.609023834299831
334.6,4.060032297034243,0.6072834126882266
336.6,4.035791557983939,1.3724322656544112
338.6,4.035090949046511,1.3524702826956072
340.6,4.0442100469068105,1.0222640175209161
342.6,4.0427889795950245,1.0526026508762627
344.6,4.049424173251637,0.815120482745457
346.6,4.048370202336843,0.8458529279048004
348.6,4.047628700361121,0.8554391473783453
350.6,4.010037414577996,2.0638859258365465
352.6,4.042262335522737,0.9513318551222214
354.6,4.044625417694252,0.8617714292705277
356.6,4.044772278730968,0.8543123684705589
358.6,4.047124892940422,0.7726126230842675
360.6,4.049809120310647,0.6806810775372707
362.6,4.043171688579358,0.8922387735045462
364.6,4.03851843795642,1.0370395687017755
366.6,4.038402626253614,1.0274205045488887
368.6,4.0377484887978525,1.0250698476245848
370.6,4.040666645232577,0.9201009722176737
372.6,4.040763243712107,0.9053994251114736
374.6,4.058978236791878,0.3041792904347271
376.6,4.0529374806181275,0.5173550969047437
378.6,4.053721686759688,0.5033767734145647
380.6,4.054074035428361,0.5010859197056601
382.6,4.0624856240107095,0.24335588781567258
384.6,4.059121509860488,0.36989649323619844
386.6,4.062105421862329,0.2886889342079859
388.6,4.068624638306386,0.09660670887405735
390.6,4.0534499504770976,0.5990908812698751
392.6,4.068837401242757,0.1078002682474921
394.6,4.066010366204413,0.21944377580959343
396.6,4.069593788122932,0.11479446938847494
398.6,4.070855154914512,0.0910766386648058
400.6,4.070852196070137,0.11714981823087664
402.6,4.072028439625618,0.09299709763189523
404.6,4.072331090388184,0.09733871515898575
406.6,4.072542906659887,0.0963029019309824
408.6,4.062646301857277,0.42899455233905087
410.6,4.044700277162196,0.99975629477501
412.6,4.05223463047195,0.7184613136846834
414.6,4.063157655925362,0.354543180367515
416.6,4.063620364350282,0.3437779255741681
418.6,4.063744060023861,0.3335186203263526
420.6,4.045780888021321,0.915596656467749
422.6,4.042808523575358,0.9813340525467361
424.6,4.050257932999109,0.7155087938682891
426.6,4.06911058808773,0.09403422376692186
428.6,4.0695754005935285,0.0947617699646406
430.6,4.057453900819142,0.5012580621121415
432.6,4.058978179451936,0.43546866376786375
434.6,4.059132761511727,0.43041616824107626
436.6,4.063783926909067,0.2763478654002095
438.6,4.069879163703965,0.08814955607771562
440.6,4.0703508933522405,0.08952418263902916
442.6,4.060621718557706,0.4167193342152767
444.6,4.060510830539847,0.42434000620024553
446.6,4.058518567843964,0.48543822728890296
448.6,4.057487485718695,0.5117238726687192
450.6,4.047879951290231,0.8205218343390154
452.6,4.0470337212526,0.8207943780471176
454.6,4.050347092517922,0.6892972527673622
456.6,4.046035993640422,0.819983180025784
458.6,4.045644112271222,0.8194584680246227
460.6,4.0603577235981705,0.32927498879240796
462.6,4.056935128479309,0.44888265442000175
464.6,4.046023487900436,0.7980341846857713
466.6,4.045474378067546,0.8033210713324018
468.6,4.044978076538356,0.7944020830176379
470.6,4.047323354329404,0.7135755378234581
472.6,4.046875619281984,0.7085743108596358
474.6,4.047026889022362,0.6988284768976248
476.6,4.029062816469797,1.2718279310610536
478.6,4.025164753915583,1.3636983864317105
480.6,4.023770400875576,1.3680151944864622
482.6,4.060576690363533,0.1226158621207149
484.6,4.047947473779007,0.5617136113747763
486.6,4.049086808733714,0.5222603380623576
488.6,4.06216345705916,0.10465262842729033
490.6,4.050280684172032,0.5249551826262346
492.6,4.06252618425542,0.12101592595658967
494.6,4.0640456889986565,0.09333275175724687
496.6,4.040141140911526,0.8775539816901872
498.6,4.033144400754761,1.0930111586933784
500.6,4.039173932593386,0.8589806104189127
502.6,4.036540993784353,0.9365064753992749
504.6,4.052799045445907,0.38947355659090144
506.6,4.047609175258401,0.5777636582666562
508.6,4.043950995347841,0.6945820648495177
510.6,4.043114786402928,0.7115515813528452
512.6,4.035726938576733,0.9521258127792764
514.6,4.032576580104977,1.0308817292240013
516.6,4.03243521141798,1.0169099049553876
518.6,4.031353806601893,1.0394778219203884
520.6,4.025989831278218,1.198584628764246
522.6,4.025354935966884,1.192061334044711
524.6,4.033772569593779,0.8947367092893325
526.6,4.027324984413623,1.0986192981215543
528.6,4.0270424908748375,1.0885196895167288
530.6,4.034236748301871,0.8421044050642321
532.6,4.034708495683938,0.8202699863208697
534.6,4.039500625796689,0.6606533981492704
536.6,4.031216929770424,0.9430855350196566
538.6,4.021267153427134,1.2571217548848723
540.6,4.02030217205889,1.2569420375690918
542.6,4.0224223478119745,1.1635325210356962
544.6,4.0253272792949355,1.0536786603589545
546.6,4.025259394507152,1.0434324983359204
548.6,4.024574914259641,1.0589395946002156
550.6,4.019877929373779,1.197118710545042
552.6,4.019787891703274,1.191022213623987
554.6,4.021829685943595,1.1003120918293734
556.6,4.021651590828597,1.0952157394460762
558.6,4.015376537532221,1.2974433219543013
560.6,4.014502590194938,1.3098947138800536
562.6,4.013527223051256,1.3173220539597732
564.6,4.0126746175819665,1.3298090657472552
566.6,4.012606722291755,1.3145017053040338
568.6,4.011825000420844,1.3203710086672031
570.6,4.01182593760037,1.3096459442898938
572.6,4.010954524229692,1.3253249383544594
574.6,4.009931924506682,1.3390927657933507
576.6,4.033810122000875,0.5094867280377063
578.6,4.034216671085519,0.5294027988829455
580.6,4.035053081064749,0.5221037977314857
582.6,4.024669873952931,0.8833561681358181
584.6,4.023194983726151,0.9367904655122218
586.6,4.037578528380754,0.44625311771843235
588.6,4.041044881884813,0.3619818879586029
590.6,4.032011984582058,0.6847505076972068
592.6,4.028237835778951,0.8141533202399295
594.6,4.025156603580305,0.912093586191034
596.6,4.016185580158353,1.2132548441639963
598.6,4.015282573961002,1.2197040770293126
600.6,4.023155970879893,0.9368568428597677
602.6,4.024856711947245,0.8807441572646871
604.6,4.024498234622625,0.8820876277295869
606.6,4.017413563646598,1.1203450386815266
608.6,4.017195563321381,1.1206602715883942
610.6,4.014439763269198,1.1985345556415248
612.6,3.9973513997200767,1.7468268703023078
614.6,4.022221218674875,0.8818278225713967
616.6,4.014922869363457,1.1363205518308725
618.6,4.026177664818957,0.747154467654108
620.6,4.045979469905923,0.08906103339819472
622.6,4.046911989072316,0.09350917507077554
624.6,4.089676459054316,-1.2982473392339924
626.6,4.140015408982209,-2.9110656753088024
628.6,4.0638476828596755,-0.16656879813081524
630.6,4.01946484753271,1.3494854928810156
632.6,3.9961284346632424,2.0932899811789185
634.6,4.0458163766436765,0.32154728433184104
636.6,4.01684241253637,1.3160686520416394
638.6,4.01429977438966,1.3630700756005312
640.6,4.013390672005506,1.3530182239498096
642.6,4.047721615743096,0.13241735463926277
644.6,4.048218784594703,0.14609817740933367
646.6,4.017742776515149,1.1924750298549136
648.6,4.022856525425021,0.9882189657055914
650.6,4.028501931093763,0.7845397309851763
652.6,4.038268915330656,0.4548745006915671
654.6,4.029406435867817,0.7638447877019299
656.6,4.027412239291706,0.8259896131452001
658.6,4.047629494468822,0.11909467581088436
660.6,4.0486833480614335,0.10774323407553628
662.6,4.034640725439405,0.6104387594817272
664.6,4.117100442534502,-2.2297908865194036
666.6,4.046790553722909,0.2715482869556199
668.6,4.0466282625149645,0.2935889885885109
670.6,4.052888353381736,0.09209282824893315
672.6,4.066393002589604,-0.3390862605433371
674.6,4.04124455261152,0.5472724768857551
676.6,4.036725611427843,0.697530577559732
678.6,4.037886000407504,0.634596598059949
680.6,4.053774121786024,0.07495647575882762
682.6,4.053705126165422,0.09247202077542509
684.6,4.0544453297523315,0.08913607853301056
686.6,4.054851219199314,0.09152358757318187
688.6,4.055180478936224,0.09279157584247653
690.6,4.055485788746615,0.08802371361945542
692.6,4.0423241921191,0.5509864348476151
694.6,4.049955537664949,0.28409784635535096
696.6,4.034184307772145,0.821847775461297
698.6,4.018395339281134,1.3212822030649536
700.6,4.053492911528745,0.09484664816204907
702.6,4.011359214891085,1.52953006330033
704.6,4.008641515303952,1.5653519975006627
706.6,4.101157536191077,-1.661940219728201
708.6,4.156776575785778,-3.455143793971589
710.6,4.087593445077659,-0.913911140206049
712.6,4.072509696348925,-0.35844158850796143
714.6,4.0723009804181345,-0.33795675497984207
716.6,4.068563429649066,-0.1935004682196454
718.6,4.063092599634409,0.0
720.6,4.061609948353345,0.054392712332087596
722.6,4.063354133028354,-0.0038415221219189593
724.6,4.062632700323871,0.024068637012550482
726.6,4.028008206940477,1.2144798388618288
728.6,3.9417199133942775,4.095795900963786
730.6,4.021103686236763,1.2154504180634091
732.6,4.0149609358830185,1.3864439543858127
734.6,4.012515885738586,1.430505810637516
736.6,4.023775807684387,1.0222861981681375
738.6,4.0132829506011705,1.3509713976375275
740.6,3.9982199979005557,1.8277321645867641
742.6,4.012400653474302,1.3291251794688825
744.6,4.0177003541930425,1.090705077507814
746.6,4.008635038926505,1.3747093905918426
748.6,4.007181347188563,1.3935669527685204
750.6,4.005350433475593,1.43581223193274
752.6,4.00385659291065,1.451760527302945
754.6,4.003020707816896,1.4570370378145745
756.6,4.011504656533687,1.1300113285010103
758.6,4.012569249507277,1.0931358727841523
760.6,4.040279242409726,0.1038885555863682
762.6,4.002121029483771,1.4544120141935901
764.6,4.041575767858052,0.05543446178942852
766.6,4.020132435875264,0.8468142576574528
768.6,4.038627384930676,0.21725865445727707
770.6,4.041847989572654,0.13315924733190604
772.6,4.041223995506377,0.18334392626083465
774.6,4.036886615798812,0.36015202187412493
776.6,4.045362281862588,0.0887506743054929
778.6,4.045979972331995,0.09694746922481665
780.6,4.028489364405046,0.7206788869593732
782.6,4.038363669343804,0.38070970463625714
784.6,4.022823435578271,0.9378555054977311
786.6,4.015352714599461,1.169936741742918
788.6,4.024706823061549,0.8191124030705605
790.6,4.025956242978879,0.7762565253900848
792.6,4.026050741097771,0.7651153883859061
794.6,4.046032463387072,0.05861049182230927
796.6,4.026471802650388,0.7831461455876145
798.6,4.024101565142219,0.8623933885358638
800.6,4.007532232103577,1.418154796504039
802.6,4.007619520006934,1.3683749957501057
804.6,3.9866296708892213,2.0717307249479795
806.6,4.003798416933945,1.3950098616051543
808.6,4.006825623139967,1.2698749924832675
810.6,3.9828420597975915,2.067072923685873
812.6,4.023548211621169,0.5870589898087337
814.6,4.0250673601815175,0.5555886994500575
816.6,4.02743384058303,0.49959127070572273
818.6,4.075243005294814,-1.144328987280747
820.6,4.074739954750418,-1.0300969593609626
822.6,4.0452297050311055,0.07928851543694487
824.6,4.024267524679795,0.8410368133637758
826.6,4.022811179698343,0.871240151688521
828.6,4.014973771575989,1.138168557051378
830.6,4.010958599679191,1.2528134732853615
832.6,4.0184771653956695,0.9649613362071964
834.6,4.036116110638973,0.33970998285997
836.6,4.021118240575084,0.8766796800153059
838.6,4.018041952748006,0.9743376134798188
840.6,4.022987798786688,0.7875518445233898
842.6,4.017022064944707,0.991621972361838
844.6,4.014245972048486,1.0656684376104857
846.6,4.0397048117885,0.14656632088331356
848.6,4.04246785422123,0.08166629005457537
850.6,4.042921948831173,0.09211579802288562
852.6,4.043212416981269,0.10547662710446687
854.6,4.043837253711812,0.10609757926414175
856.6,4.044723148138981,0.09692481210411345
858.6,4.045307580113233,0.09702751852457389
860.6,4.045746939057973,0.10625346351767173
862.6,4.046698696758833,0.09420415051665455
864.6,4.046661069302128,0.11130206480071436
866.6,4.034719032932776,0.5423461737420112
868.6,4.043795698486456,0.21325959319339013
870.6,4.033612658693341,0.5819896695266152
872.6,4.037175511595261,0.45082308239841623
874.6,4.03715132800249,0.4539916432569796
876.6,4.047865660612034,0.07975890374258861
878.6,4.048671880349351,0.06656654349978618
880.6,4.081523495222799,-1.076339331948275
882.6,4.050403364957066,0.06814015155669609
884.6,4.09328539631753,-1.4644402991236498
886.6,4.08246957899373,-0.9941664802053477
888.6,4.053070536617505,0.07568861968290995
890.6,4.052702789204232,0.09153818494494012
892.6,4.09056161323794,-1.2159378090292023
894.6,4.054410987168054,0.10293316341951464
896.6,4.054647411034838,0.09353338355118342
898.6,4.054353643749829,0.0997074582284271
900.6,4.0541360667667075,0.10277886290616554
902.6,4.05389959913911,0.10967522832712091
904.6,4.079693369852347,-0.7849498864475771
906.6,4.055623872440197,0.0899663038625384
908.6,4.055479036588559,0.09000494965080308
910.6,4.046754857121773,0.3967755118158354
912.6,4.023412413237585,1.1964079067445137
914.6,4.026255272790004,1.0327016628796524
916.6,4.031164137860546,0.8283695347434546
918.6,4.052908886908413,0.030505498932032277
920.6,4.051996843065811,0.07137463680739342
922.6,4.0519033212868205,0.08061940279738854
924.6,4.047076411014537,0.256604316049944
926.6,4.041233801909228,0.45451202645250993
928.6,4.039383621307758,0.51243727969818
930.6,4.038176577644348,0.5417980863727682
932.6,4.030366374599085,0.7994997427895627
934.6,4.028022609543443,0.8631710345958241
936.6,4.049962298731699,0.04001506729023454
938.6,4.082668105913011,-1.0778648270485043
940.6,4.069854719033029,-0.5622218591124551
942.6,4.052965068363492,0.06733395384777377
944.6,4.05265699130627,0.08394875687238093
946.6,4.042901524641175,0.44229963579800957
948.6,4.026853994444053,0.9798398630187893
950.6,4.015042110838064,1.360640072715943
952.6,4.0262621457087935,0.8972473198791656
954.6,4.049058115269253,0.07673502493441532
956.6,4.037954963891801,0.488899601302118
958.6,4.035675255843576,0.5531680175606037
960.6,4.048994303871667,0.08725567873785914
962.6,4.037697948787156,0.5077200833841071
964.6,4.021947846084811,1.0622805353447857
966.6,4.018797382253594,1.1294365102700274
968.6,4.013294661423958,1.2861488217330197
970.6,4.012209586619836,1.2872526381086178
972.6,4.011304038348176,1.278060688846392
974.6,4.010130350345769,1.2882370110295236
976.6,4.0368895337605,0.2823957134851979
978.6,4.043859702917153,0.057027232689017944
980.6,4.026593349897296,0.6984786083741588
982.6,4.038728053288612,0.2800088528710369
984.6,4.0449506825590875,0.07400219303300029
986.6,4.042482494429808,0.18318230515278663
988.6,4.029908831248042,0.6383799802033489
990.6,4.019191481927005,1.0198534659913703
992.6,4.024856907025713,0.7748003517686249
994.6,4.027696007420169,0.6675406471476731
996.6,4.028569647669526,0.6332625271250846
998.6,4.027627404830907,0.6795983321246054
1000.6,4.023874476497151,0.8197382691226677
1002.6,4.0147403491950655,1.1216590330171934
1004.6,4.031058614609806,0.4961500632036243
1006.6,4.031717061755927,0.49858670897294877
1008.6,4.026064330777226,0.6891226822545664
1010.6,4.033341182624221,0.42630355618090615
1012.6,4.020137163615814,0.9120208516294592
1014.6,4.03665438202866,0.30390574471544096
1016.6,4.024416255832276,0.7620714212616883
1018.6,4.043391590186867,0.08667788516265026
1020.6,4.043782629426435,0.09484827323751288
1022.6,4.0230416046994675,0.8554891386263043
1024.6000000000001,4.036831085076398,0.3287320545719515
1026.6000000000001,4.024526164292701,0.7871213926193463
1028.6000000000001,4.016018515224851,1.0647320185118934
1030.6000000000001,4.032487143055723,0.46747269066651476
1032.6000000000001,4.026087425086859,0.6953317744571916
1034.6000000000001,4.006690321756775,1.3817091021071237
1036.6000000000001,4.005263792238223,1.3926516809806835
1038.6000000000001,4.040463900055332,0.08871037282741498
1040.6000000000001,4.0412148325505886,0.09258830466131832
1042.6000000000001,4.092924529305508,-1.761214916556466
1044.6000000000001,4.097389011532154,-1.7967623836062614
1046.6000000000001,4.055127117551631,-0.16301622802643834
1048.6000000000001,4.04873742045293,0.08302741653249374
1050.6000000000001,4.048453158521823,0.10372799834757482
1052.6000000000001,4.048951571194174,0.09453641602817903
1054.6000000000001,4.048961052094044,0.10313916179312276
1056.6000000000001,4.049691202889882,0.08421351976750721
1058.6000000000001,4.04418552736997,0.2561921053091122
1060.6000000000001,4.048116654351791,0.11432430226125621
1062.6000000000001,4.021539342264303,1.0595818627322253
1064.6000000000001,4.047612871047604,0.07424850973383
1066.6000000000001,4.047272220134623,0.09790764583305898
1068.6000000000001,4.049515636277986,0.025163181167026302
1070.6000000000001,4.061260699058637,-0.34819034559929035
1072.6000000000001,4.050588886344324,0.06399636871495061
1074.6000000000001,4.050214184565068,0.08337328445691036
1076.6000000000001,4.050207567558725,0.08987194885215667
1078.6000000000001,4.042028791494737,0.37335060232432205
1080.6000000000001,4.039964704142671,0.4499643911151689
1082.6000000000001,4.038847813337342,0.4783060952387361
1084.6000000000001,4.034219789116289,0.6391522665950953
1086.6000000000001,4.035105579157452,0.5878833169317706
1088.6000000000001,4.045374240229155,0.19964542318017747
1090.6000000000001,4.045119851791628,0.2147058675336025
1092.6000000000001,4.045620146822991,0.1985691097657726
1094.6000000000001,4.043835313460462,0.26933318846357224
1096.6000000000001,4.0479412724600214,0.11435555286538102
1098.6000000000001,4.035709127758695,0.5650108212307041
1100.6000000000001,4.0249413457301735,0.9333696466986026
1102.6000000000001,4.04774170813131,0.0987779770091334
1104.6000000000001,4.041472411000642,0.3382452860778901
1106.6000000000001,4.029333687014697,0.7613028302375935
1108.6000000000001,4.028685401831807,0.7569825254225254
1110.6000000000001,4.039168175862317,0.3699909007139583
1112.6000000000001,4.046553949764025,0.1011762892957562
1114.6000000000001,4.046666501616342,0.10885297297620677
1116.6000000000001,4.047731739145499,0.08409147925352502
1118.6000000000001,4.047862357257121,0.09304409636200515
1120.6000000000001,4.048091417845448,0.09556783942356105
1122.6000000000001,4.0485590892282675,0.09063044237372195
1124.6000000000001,4.031552173878623,0.6961161947339533
1126.6000000000001,4.0355408438682945,0.5290366017997775
1128.6000000000001,4.035547354154517,0.5160927934219507
1130.6000000000001,4.035633657799613,0.5120184440703678
1132.6000000000001,4.035379804685909,0.5095797885976814
1134.6000000000001,4.0351407388409894,0.5068831845921061
1136.6000000000001,4.0350712089392475,0.5065022150321138
1138.6000000000001,4.034896673108469,0.49922067527777303
1140.6000000000001,4.034327609615213,0.5130998031886093
1142.6000000000001,4.0347392557072395,0.4971513640455943
1144.6000000000001,4.034295692967302,0.5124153664027746
1146.6000000000001,4.046015881941544,0.0758034296595465
1148.6000000000001,4.04162695150171,0.25458483293960665
1150.6000000000001,4.0421619403879365,0.24685577361126196
1152.6000000000001,4.0350007060028625,0.5189574052776575
1154.6000000000001,4.028204520768023,0.7492266552333919
1156.6000000000001,4.028317113722254,0.7210837440362888
1158.6000000000001,4.0170757932164785,1.1173177433305617
1160.6000000000001,4.016154540109932,1.1240820258476953
1162.6000000000001,4.0083239011303435,1.3742323528852498
1164.6000000000001,3.9831312725418053,2.219576541710528
1166.6000000000001,3.9808148392022105,2.229463660499229
1168.6000000000001,4.023784151858491,0.5787466115545798
1170.6000000000001,4.024285116419489,0.568535202262504
1172.6000000000001,4.020156261803585,0.735933610625119
1174.6000000000001,4.009375196247931,1.124317519335576
1176.6000000000001,4.011741117013571,1.0088961160087317
1178.6000000000001,4.037851960952946,0.06194173364130976
1180.6000000000001,4.038492123457014,0.07451946746700255
1182.6000000000001,4.0395185306326225,0.07079329135139088
1184.6000000000001,4.039844746562858,0.08975538145322323
1186.6000000000001,4.0409099828754425,0.07845594642323656
1188.6000000000001,4.041920395090735,0.06718426432725193
1190.6000000000001,4.042420246538485,0.0735416056197986
1192.6000000000001,4.028006946754647,0.627662205045132
1194.6000000000001,4.036619990131732,0.3034436112332252
1196.6000000000001,4.0274757683873705,0.6490005378562616
1198.6000000000001,4.025642884140688,0.7086160133791205
1200.6000000000001,4.00767567384265,1.3524186763775325
1202.6000000000001,4.00604087986217,1.3710517459488292
1204.6000000000001,4.012972618971982,1.0703068238503315
1206.6000000000001,4.020005517593719,0.7955753960084426
1208.6000000000001,4.022158703090611,0.70021808600557
1210.6000000000001,4.024033501294192,0.6331663473388206
1212.6000000000001,4.018322448242454,0.8470599963224487
1214.6000000000001,4.01021783630153,1.1219586732221911
1216.6000000000001,4.018665847909758,0.7894629467333529
1218.6000000000001,4.027275819128526,0.4803227092565981
1220.6000000000001,4.011819479752776,1.0442737544483678
1222.6000000000001,4.016624570849475,0.8735513371186328
1224.6000000000001,4.023390147976974,0.5969860030499327
1226.6000000000001,4.007810354948099,1.1813442194793025
1228.6000000000001,4.0069653456600935,1.1897048422733916
1230.6000000000001,4.004311748091454,1.2639358700883976
1232.6000000000001,3.9997695835625837,1.4087430354297552
1234.6000000000001,3.998126147718027,1.429812838269862
1236.6000000000001,4.033132869635317,0.0997055387575048
1238.6000000000001,4.034947751505425,0.07187829156423547
1240.6000000000001,4.036423486999418,0.040633141021335833
1242.6000000000001,4.036355791152745,0.07630207196522973
1244.6000000000001,4.0368502127847625,0.08788109662442822
1246.6000000000001,4.022769775082908,0.6426271086197147
1248.6000000000001,4.035994575504706,0.14412329021589054
1250.6000000000001,4.02163206572923,0.7107740393013052
1252.6000000000001,4.0099849417194555,1.144217969621054
1254.6000000000001,4.0372547732890185,0.10244956334216312
1256.6000000000001,4.008068556939953,1.2112155292358497
1258.6000000000001,4.029225640643979,0.3823330083556744
1260.6000000000001,4.0368046101943,0.12080315927181882
1262.6000000000001,4.037282724312596,0.12776750664236586
1264.6000000000001,4.037547418678842,0.13352812209813136
1266.6000000000001,4.037986245126694,0.13675244954602442
1268.6000000000001,4.0385255125770865,0.13819506839663612
1270.6000000000001,4.039612730799858,0.11702355677310193
1272.6000000000001,4.030763443557247,0.46117227422941653
1274.6000000000001,4.032436816953607,0.41039824754980103
1276.6000000000001,4.033619379513916,0.36637367131840914
1278.6000000000001,4.0408414503521275,0.08732437798655424
1280.6000000000001,4.041425911228153,0.08112104410699156
1282.6000000000001,4.068102628970717,-0.9372759903635335
1284.6000000000001,4.043952720477813,0.07332599743745219
1286.6000000000001,4.03178261933513,0.5640335733534919
1288.6000000000001,4.038847189390599,0.27176174551419546
1290.6000000000001,4.041144949042729,0.196918530193396
1292.6000000000001,4.036428668400941,0.3807612749083724
1294.6000000000001,4.0309850398123945,0.5806876843481289
1296.6000000000001,4.02855352618774,0.6593060441116998
1298.6000000000001,4.044091445468935,0.044290173455097524
1300.6000000000001,4.044058657114252,0.06056961567496445
1302.6000000000001,4.044416613995482,0.06545431018391838
1304.6000000000001,4.038618572245391,0.30090301876369424
1306.6000000000001,4.034681856297519,0.4540052655969506
1308.6000000000001,4.0229661324167605,0.8997834610475796
1310.6000000000001,4.025684317079118,0.752118125585259
1312.6000000000001,4.043481879844895,0.0568011940201401
1314.6000000000001,4.03049091558745,0.5824722618490339
1316.6000000000001,4.0251475010097755,0.7773066729238209
1318.6000000000001,4.0400519472373055,0.16311737438049947
1320.6000000000001,4.024927804895651,0.7666065640222556
1322.6000000000001,4.042679816046221,0.06368906043619428
1324.6000000000001,4.032557527200947,0.47637674070426417
1326.6000000000001,4.0338318008969525,0.4209262418621955
1328.6000000000001,4.0332194483302946,0.44094868295318607
1330.6000000000001,4.043127358829663,0.05955348664501836
1332.6000000000001,4.043234839714204,0.0703442357253338
1334.6000000000001,4.030859416246569,0.5477287852780669
1336.6000000000001,4.004292549972437,1.5870714616908135
1338.6000000000001,3.9157338851079566,4.981294315711408
1340.6000000000001,3.907110067357002,5.0739592511644505
1342.6000000000001,3.8818323358210804,5.84771336346876
1344.6000000000001,3.894259124900982,5.133008747338492
1346.6000000000001,3.9966366811474536,1.1165634680031402
1348.6000000000001,3.990785546204743,1.342787146338691
1350.6000000000001,3.9879727338214033,1.4711496409039488
1352.6000000000001,3.959996272662099,2.5557667259528274
1354.6000000000001,3.958789728244568,2.5589798497936913
1356.6000000000001,3.942180497967633,3.145307820776647
1358.6000000000001,3.939585281234211,3.184586894187208
1360.6000000000001,3.9369374350268354,3.2256415957952087
1362.6000000000001,3.935160485014535,3.2336590226579496
1364.6000000000001,3.946214279437378,2.753902684816682
1366.6000000000001,3.9574404900018374,2.2910721957013434
1368.6000000000001,3.963225868006456,2.068868736067761
1370.6000000000001,3.9632995569803455,2.0618899488237368
1372.6000000000001,3.9579778769717704,2.289452563204739
1374.6000000000001,3.9418499475427216,2.8840927905762945
1376.6000000000001,3.981090881857985,1.3370130316182054
1378.6000000000001,3.9555999069118637,2.325968010519425
1380.6000000000001,3.9443672848991858,2.7304787511040676
1382.6000000000001,3.9431054414761917,2.732022892455886
1384.6000000000001,3.9407190040817315,2.782915689784447
1386.6000000000001,3.9420829860090687,2.703040699482635
1388.6000000000001,3.948144513541126,2.426378967765218
1390.6000000000001,3.943802630122582,2.571798844986985
1392.6000000000001,3.9422085038203134,2.5980346947411754
1394.6000000000001,3.94012993773772,2.6417996694953367
1396.6000000000001,3.939879257316231,2.6277229431522873
1398.6000000000001,3.9852689247515727,0.8679774566917796
1400.6000000000001,3.9921486734639946,0.6396938274029381
1402.6000000000001,3.993373986899709,0.6652641218876103
1404.6000000000001,4.007232396169862,0.19477559193543476
1406.6000000000001,3.9574708755153707,2.1440708912301902
1408.6000000000001,3.9929989041133926,0.7594897239441848
1410.6000000000001,3.9933408969290167,0.7685927032512084
1412.6000000000001,3.9795651887535928,1.3277548851190801
1414.6000000000001,4.017214018941805,-0.11800235819278074
1416.6000000000001,3.9895435474773264,1.0041581937837671
1418.6000000000001,3.945356993596433,2.701378776111341
1420.6000000000001,3.9329183401318577,3.109342289502469
1422.6000000000001,3.9322168498679444,3.05308798433621
1424.6000000000001,3.9295932236383018,3.080844520937525
1426.6000000000001,3.934103622571807,2.8291730257146153
1428.6000000000001,3.967643720551793,1.4630957485532936
1430.6000000000001,3.971446139686442,1.3100982860300485
1432.6000000000001,3.915588062759312,3.4517990422569844
1434.6000000000001,4.005203200267827,-0.08752887419254148
1436.6000000000001,4.007777702523364,-0.10593125417609787
1438.6000000000001,4.008719944869671,-0.0675911848239587
1440.6000000000001,4.152457408179358,-5.538583152581573
1442.6000000000001,4.022398836106333,-0.3159294983349493
1444.6000000000001,4.070462380138502,-2.0635625523413488
1446.6000000000001,4.075536845756189,-2.1122188207645185
1448.6000000000001,4.02362853822679,-0.038122370187768664
1450.6000000000001,4.024765582332046,-0.05232045953718361
1452.6000000000001,4.025204920282568,-0.041525365018474376
1454.6000000000001,4.006244378999299,0.718587161277728
1456.6000000000001,3.997892901131468,1.0233891370729642
1458.6000000000001,4.024979815941875,-0.028993241517649895
1460.6000000000001,4.026223868890886,-0.05215339921258776
1462.6000000000001,4.017915559219979,0.29518472691529374
1464.6000000000001,3.9997722563508282,0.9890810884837478
1466.6000000000001,4.028157340423424,-0.15268174366576243
1468.6000000000001,4.010979615284844,0.5375127554202266
1470.6000000000001,3.9866507234283683,1.4660779995939304
1472.6000000000001,3.9691349516045196,2.0885432056927566
1474.6000000000001,4.000485956532105,0.8153041757831047
1476.6000000000001,3.9480221719284017,2.8009061695399122
1478.6000000000001,3.965239963390915,2.0327016646780067
1480.6000000000001,3.9354929581009492,3.120894088074625
1482.6000000000001,3.978324975581241,1.33338328789445
1484.6000000000001,4.016104392478111,-0.11765247175796252
1486.6000000000001,3.9595243117494103,2.0970419539567713
1488.6000000000001,3.9630693857493933,1.9026861856130883
1490.6000000000001,3.9888000559216303,0.9222062773285816
1492.6000000000001,3.9809763145324912,1.2429643216646387
1494.6000000000001,3.9770075968500818,1.3753163650312337
1496.6000000000001,3.9954555343705924,0.6506604312414863
1498.6000000000001,3.990482796023286,0.8460698929943071
1500.6000000000001,3.977887860732732,1.3229513300381912
1502.6000000000001,3.985638559966601,1.0091051612005444
1504.6000000000001,3.9856804057921593,1.001854159804886
1506.6000000000001,3.975082993263634,1.403210021049796
1508.6000000000001,3.9654022235454303,1.7626717642225258
1510.6000000000001,3.940354067004427,2.701903842761826
1512.6000000000001,3.936344766443586,2.758606851112756
1514.6000000000001,3.9339719228615664,2.772787797571234
1516.6000000000001,3.929515873815893,2.870041558968327
1518.6000000000001,3.9698534922784456,1.2189409124760917
1520.6000000000001,3.9431421950029275,2.247071936607524
1522.6000000000001,3.9526051763561525,1.8385179226546584
1524.6000000000001,3.960310376891066,1.515002285980104
1526.6000000000001,3.962355125510528,1.413696909624487
1528.6000000000001,3.9742784166319347,0.9822422188973162
1530.6000000000001,3.971923564623711,1.0713520999613706
1532.6000000000001,3.972815995282952,1.0661648116842537
1534.6000000000001,3.9591591897307614,1.5983298731203441
1536.6000000000001,3.976403854337791,0.914202831756967
1538.6000000000001,3.975011458174474,0.9840110155435314
1540.6000000000001,3.9670219141108003,1.2942132642092126
1542.6000000000001,3.9626951803801536,1.446467379675878
1544.6000000000001,3.962359173097318,1.4519730026228717
1546.6000000000001,3.9603914909802573,1.499420470248364
1548.6000000000001,3.958281421135082,1.5579591721460966
1550.6000000000001,3.9583531387216677,1.5374665724279524
1552.6000000000001,3.956934778493906,1.5733410971109731
1554.6000000000001,3.957490108073378,1.530733899450487
1556.6000000000001,3.9365906543324143,2.3216400395630052
1558.6000000000001,3.9488407341959304,1.7885533900534338
1560.6000000000001,3.94097023930129,2.0591918685571855
1562.6000000000001,3.935478998920411,2.225892142433607
1564.6000000000001,3.960285219743537,1.21186656916538
1566.6000000000001,3.9962605592002243,-0.21037443217052243
1568.6000000000001,3.9963149066741983,-0.1414721153932371
1570.6000000000001,3.996713670399101,-0.08610968069528326
1572.6000000000001,3.9883665625499396,0.30313291533779735
1574.6000000000001,3.999930441320211,-0.1016817733982396
1576.6000000000001,4.001172643273008,-0.0935897532759146
1578.6000000000001,3.9733406948792034,1.0505210309910962
1580.6000000000001,3.9753096725676156,0.9474710941793005
1582.6000000000001,3.988547200781231,0.4375281435501222
1584.6000000000001,3.972982561201378,1.0545613071030735
1586.6000000000001,3.9682541106476026,1.224477257459333
1588.6000000000001,3.9512530833928956,1.858909538486552
1590.6000000000001,3.9462498441406044,1.9990548756413475
1592.6000000000001,3.942794723500486,2.063955182790463
1594.6000000000001,3.940471054296952,2.09213274270338
1596.6000000000001,3.9158865733269272,3.006293011561213
1598.6000000000001,3.906919531877498,3.2337751304656597
1600.6000000000001,3.9031377425978944,3.2710712183213886
1602.6000000000001,3.986914190816898,-0.0030761105335564143
1604.6000000000001,3.9645278708364,0.8937110690404266
1606.6000000000001,3.9702284753951345,0.7070936382656943
1608.6000000000001,3.961436989902127,1.055854232260224
1610.6000000000001,3.9587369052343586,1.168685874704711
1612.6000000000001,3.932725136867541,2.1778309696374776
1614.6000000000001,3.9665073232203887,0.8179122333628652
1616.6000000000001,3.905661472242529,3.200670267346023
1618.6000000000001,3.9160368953877724,2.6702977676323307
1620.6000000000001,3.9429458079203723,1.5852846000843546
1622.6000000000001,3.9362646447617866,1.8177907171754202
1624.6000000000001,3.9214374870349795,2.3522550282824017
1626.6000000000001,3.920554748130621,2.3228433270157764
1628.6000000000001,3.978041369819434,-0.0019789191235676656
1630.6000000000001,3.947892900450691,1.2687030852547831
1632.6000000000001,3.902267932348518,2.9896186555129924
1634.6000000000001,3.9601149044598767,0.6314117427662173
1636.6000000000001,3.941735263776772,1.3689249972293402
1638.6000000000001,3.943087949527876,1.3093562353296815
1640.6000000000001,3.9379741109012456,1.502511634347324
1642.6000000000001,3.9308134071135155,1.769388255472047
1644.6000000000001,3.9726466369383506,0.09723510676705079
1646.6000000000001,3.945497374559384,1.2037706695359665
1648.6000000000001,3.950121512791478,1.0310410798351746
1650.6000000000001,3.9430373115215382,1.3087674177362583
1652.6000000000001,3.9364921035074407,1.5444930948539628
1654.6000000000001,3.9359165470420328,1.5526712192390988
1656.6000000000001,3.954234955116014,0.8162669185284959
1658.6000000000001,3.9736431839795716,0.0917925041671465
1660.6000000000001,3.9705791340522336,0.26211978987099394
1662.6000000000001,3.9651699223353107,0.5083503575079191
1664.6000000000001,3.980345086832633,-0.060809423942172376
1666.6000000000001,3.955400557896955,0.9748633088403023
1668.6000000000001,3.9615295429490494,0.7250153733369038
1670.6000000000001,3.962744026161785,0.7100243728239279
1672.6000000000001,3.954009560178423,1.0569944872623815
1674.6000000000001,3.9514538615008425,1.147544076044469
1676.6000000000001,3.944473812377613,1.4013329172024012
1678.6000000000001,3.943691249021539,1.4045446791747214
1680.6000000000001,3.9813941398418438,-0.09094632753450725
1682.6000000000001,3.98273322960618,-0.09087643256660662
1684.6000000000001,3.983725784444638,-0.07859961578786887
1686.6000000000001,3.9462002301184853,1.4031155280932675
1688.6000000000001,3.9445568785173823,1.4312563407658518
1690.6000000000001,3.957835103222822,0.8945914513365693
1692.6000000000001,3.8904987137922675,3.5486438500879496
1694.6000000000001,3.952914960470509,0.945879946517344
1696.6000000000001,3.964677186168534,0.4725270413806747
1698.6000000000001,3.953325628249652,0.9437208403965539
1700.6000000000001,3.939812815460643,1.4202174441745932
1702.6000000000001,3.942056739039574,1.3158854017330783
1704.6000000000001,3.891561691565701,3.227552317929664
1706.6000000000001,3.8644926401349964,4.129682814348058
1708.6000000000001,3.912617014820658,2.0878021341741473
1710.6000000000001,3.9108889389083887,2.122300560232383
1712.6000000000001,3.908883735665019,2.1368726087921006
1714.6000000000001,3.8720767472953255,3.5183821346466426
1716.6000000000001,3.917287249244961,1.6432419100926634
1718.6000000000001,3.899156030274985,2.317332415610154
1720.6000000000001,3.897701017611416,2.3161709060854707
1722.6000000000001,3.896651266528216,2.3079757921087465
1724.6000000000001,3.8944930405836495,2.3374687843136903
1726.6000000000001,3.9179246818439375,1.3522167192014594
1728.6000000000001,3.925325680275851,1.0726904297542532
1730.6000000000001,3.92533515010053,1.0826183213267522
1732.6000000000001,3.924818704984697,1.1147697577564213
1734.6000000000001,3.898564937812745,2.15981904001404
1736.6000000000001,3.8970636332867605,2.165745049737941
1738.6000000000001,3.8905990408444304,2.3618213560980537
1740.6000000000001,3.921758829021936,1.1284474431832712
1742.6000000000001,3.9188689117411144,1.2483123585516638
1744.6000000000001,3.916019380035467,1.3670384655730565
1746.6000000000001,3.9168903242648256,1.32826051783958
1748.6000000000001,3.9142459252436117,1.4294323539493141
1750.6000000000001,3.8960362410521046,2.1077917322954836
1752.6000000000001,3.8950978416935014,2.0926616933555304
1754.6000000000001,3.9127255145095137,1.3501597517328343
1756.6000000000001,3.927567476233997,0.7869949331913555
1758.6000000000001,3.9451802577620154,0.09947056195334786
1760.6000000000001,3.9515198217568077,-0.06637531642170516
1762.6000000000001,3.9535158333228293,-0.0623738502991719
1764.6000000000001,3.939630306511105,0.547803307859079
1766.6000000000001,3.923259169213704,1.2141649085161608
1768.6000000000001,3.900845636308338,2.0948850382816904
1770.6000000000001,3.940103689399142,0.49933256716632474
1772.6000000000001,3.940159561037787,0.5277900850603883
1774.6000000000001,3.865699132013019,3.5150487642642245
1776.6000000000001,3.8575743855758393,3.6778192756733077
1778.6000000000001,3.9108059462175806,1.4498616174660834
1780.6000000000001,3.8942302050383533,2.0850866753484794
1782.6000000000001,3.892173733258652,2.105817814644673
1784.6000000000001,3.9056392107160156,1.5104860412739733
1786.6000000000001,3.8721302666229076,2.829108326454105
1788.6000000000001,3.866420363013468,2.942282849118582
1790.6000000000001,3.8890817124034798,1.9660718495476424
1792.6000000000001,3.8595444486934496,3.0569393637775852
1794.6000000000001,3.8570277950054748,3.0476592829668925
1796.6000000000001,3.8536882411766924,3.0787188986701395
1798.6000000000001,3.895413831723178,1.3068635264408417
1800.6000000000001,3.8939244412864937,1.3788555323887655
1802.6000000000001,3.862847093315723,2.620255719150834
1804.6000000000001,3.841150987241978,3.4245909924599345
1806.6000000000001,3.820426260735155,4.093969410356145
1808.6000000000001,3.8146724951509694,4.160911074638221
1810.6000000000001,3.8166758826318015,3.9210246793637866
1812.6000000000001,3.842666953748524,2.8086682351722936
1814.6000000000001,3.8612860560721973,2.0062715788912864
1816.6000000000001,3.9034239109705196,0.3620747487430804
1818.6000000000001,3.8921551800998193,0.8516044723896187
1820.6000000000001,3.903633895388909,0.45673601100349404
1822.6000000000001,3.859486424399623,2.244174399030755
1824.6000000000001,3.8625950040220105,2.0874033586180794
1826.6000000000001,3.865586957714807,1.9321034388494018
1828.6000000000001,3.865267112509206,1.930233307124542
1830.6000000000001,3.8456905758137503,2.6630343251950146
1832.6000000000001,3.8684870360511416,1.678619670045181
1834.6000000000001,3.893369782144434,0.7623327501154926
1836.6000000000001,3.9167413396980075,-0.12494608275480877
1838.6000000000001,3.8809045755780476,1.422958324470664
1840.6000000000001,3.8999578834922057,0.6454985618800811
1842.6000000000001,3.918697232684046,-0.030933080256956045
1844.6000000000001,3.9087336968278086,0.46184699431969795
1846.6000000000001,3.910985072154915,0.4295864344047988
1848.6000000000001,3.905833840430331,0.6732141390110664
1850.6000000000001,3.9027573879328594,0.82648733665065
1852.6000000000001,3.9161234455106606,0.2776315693300894
1854.6000000000001,3.864145915415311,2.4115046028782117
1856.6000000000001,3.9290848502927243,-0.2768398450544527
1858.6000000000001,3.9282527956515367,-0.1561996424388254
1860.6000000000001,3.9220691978083293,0.17745521253198396
1862.6000000000001,3.8841640712692738,1.6878881716206564
1864.6000000000001,3.864063410280723,2.423208645807407
1866.6000000000001,3.881657021612778,1.6709401210521542
1868.6000000000001,3.8545955823011786,2.6593693181410623
1870.6000000000001,3.8248422781385947,3.705633914691346
1872.6000000000001,3.819832578013248,3.7318045260494785
1874.6000000000001,3.835197663710433,3.06675180773546
1876.6000000000001,3.883513499300591,1.09071172748795
1878.6000000000001,3.882010055819943,1.1502497315626405
1880.6000000000001,3.8677393501166017,1.7924656572515094
1882.6000000000001,3.850332123033633,2.5037314703702127
1884.6000000000001,3.869289752484164,1.6380956173939751
1886.6000000000001,3.878234281790435,1.3253990896446097
1888.6000000000001,3.850313190805004,2.44560041366759
1890.6000000000001,3.8536730553595206,2.263645402697503
1892.6000000000001,3.8747583589957064,1.3990226000369785
1894.6000000000001,3.8433804865317254,2.705497762233615
1896.6000000000001,3.8395587368753037,2.8333284388054465
1898.6000000000001,3.83881271532626,2.8273064703523234
1900.6000000000001,3.8372731160838716,2.8690818389640516
1902.6000000000001,3.905115264256318,0.0017553420434710254
1904.6000000000001,3.871279962653109,1.513330994958231
1906.6000000000001,3.8562898968237684,2.1617982253253647
1908.6000000000001,3.8691743736238453,1.6104624592259342
1910.6000000000001,3.879544984567403,1.208788975852029
1912.6000000000001,3.912432100882203,-0.10637391418260761
1914.6000000000001,3.8857354945343703,1.1363482963949276
1916.6000000000001,3.8707029854192316,1.802975735380611
1918.6000000000001,3.881181826286196,1.3947906697152554
1920.6000000000001,3.8701263735783256,1.8861286962562165
1922.6000000000001,3.8594209931617267,2.326901530208413
1924.6000000000001,3.8537434485382427,2.5199332225080644
1926.6000000000001,3.852504769398895,2.5372949749706035
1928.6000000000001,3.8452802513831963,2.777959402379107
1930.6000000000001,3.831672613768586,3.3033301997866227
1932.6000000000001,3.82730897176356,3.4010269510816236
1934.6000000000001,3.82478055434478,3.409920240085579
1936.6000000000001,3.823145140590014,3.3901834624622347
1938.6000000000001,3.8212948127210193,3.391388740496119
1940.6000000000001,3.819662670095081,3.375799194365769
1942.6000000000001,3.814486030561626,3.5104289879204402
1944.6000000000001,3.845528349804669,2.148254093082705
1946.6000000000001,3.8329113412918066,2.658737550715902
1948.6000000000001,3.8284368110585687,2.7953844331609328
1950.6000000000001,3.898799358562867,-0.16637714985933608
1952.6000000000001,3.8668401161741315,1.3172548709445373
1954.6000000000001,3.8200731309782596,3.2991470551383513
1956.6000000000001,3.8300331711706916,2.773807942271661
1958.6000000000001,3.8708928597982113,1.0017363481336723
1960.6000000000001,3.8992093282530362,-0.13329625509051338
1962.6000000000001,3.8300971981578913,2.8549428606668883
1964.6000000000001,3.8627843692637938,1.3987775843814731
1966.6000000000001,3.8322756748365765,2.7090670965417503
1968.6000000000001,3.8277424409904777,2.8328545576398994
1970.6000000000001,3.826550534259369,2.817025747044036
1972.6000000000001,3.829210326772762,2.6226296350272147
1974.6000000000001,3.8519629264994433,1.6495507927305533
1976.6000000000001,3.8937787733684095,-0.11104089685268077
1978.6000000000001,3.8710562930347696,0.9437964906944497
1980.6000000000001,3.857340179518508,1.5616221257158782
1982.6000000000001,3.8429565576546216,2.146966935378328
1984.6000000000001,3.841652143962943,2.154223765418801
1986.6000000000001,3.840831256879554,2.1527348147491274
1988.6000000000001,3.840060558468127,2.1554319678765204
1990.6000000000001,3.8391498220302593,2.147134864228108
1992.6000000000001,3.8349492542702097,2.286528654856867
1994.6000000000001,3.824745094068654,2.673219835270027
1996.6000000000001,3.8228304115486225,2.6847273623217878
1998.6000000000001,3.8893837421108874,-0.12062267330995186
2000.6000000000001,3.836965836833755,2.1841225145637098
2002.6000000000001,3.829802249714528,2.4344506324681587
2004.6000000000001,3.8360246038854924,2.1209197020208825
2006.6000000000001,3.851205582799239,1.4425239723633125
2008.6000000000001,3.8522858073514534,1.3933183957228148
2010.6000000000001,3.8467773177357447,1.6154900748395578
2012.6000000000001,3.846403537522174,1.6214845561214626
2014.6000000000001,3.8465177381531594,1.6120699631971078
2016.6000000000001,3.8451094329320608,1.651974705748943
2018.6000000000001,3.808840415330283,3.1322296937840672
2020.6000000000001,3.87429022586066,0.3034591868804985
2022.6000000000001,3.859933592062414,0.9994270886896384
2024.6000000000001,3.8279862548884096,2.3658590166567044
2026.6000000000001,3.821797175942056,2.551787597342152
2028.6000000000001,3.8196325817744303,2.585604020886953
2030.6000000000001,3.8178176969090307,2.5927237215537615
2032.6000000000001,3.8164928526259834,2.5809451010624955
2034.6000000000001,3.8750184849425993,0.015606875280994746
2036.6000000000001,3.855286710122202,0.9462065683509066
2038.6000000000001,3.8450576374814234,1.3915086363716513
2040.6000000000001,3.875945451405859,0.06119003284850666
2042.6000000000001,3.873922578074218,0.233333291292983
2044.6000000000001,3.857567619047016,0.965800446536591
2046.6000000000001,3.859283101935676,0.9077011363097736
2048.6,3.8842607041477204,-0.12329505042431084
2050.6,3.8858094149623894,-0.10936647945145356
2052.6,3.8763585826069793,0.354277357109024
2054.6,3.8639892767298623,0.8888089452011492
2056.6,3.8500418015718165,1.47799512263454
2058.6,3.8920236109552997,-0.32069166840472224
2060.6,3.819569105756955,2.7948798261753676
2062.6,3.864851475368605,0.7546764792662422
2064.6,3.7676484318632606,4.823927286415516
2066.6,3.8065525917526783,3.064322604435635
2068.6,3.8014052745607914,3.1631132884210436
2070.6,3.85356413886898,0.8539739412754719
2072.6,3.795370810924767,3.286167017435126
2074.6,3.7981663687030722,3.0442626730168234
2076.6,3.8162487865550596,2.286041602426794
2078.6,3.786285265612489,3.455906026635313
2080.6,3.7853694761447882,3.4057428909144645
2082.6,3.772318335486097,3.816247992986267
2084.6,3.788864461157712,2.9994340193886746
2086.6,3.7394273961947047,4.958419455919887
2088.6,3.787490120283594,2.7338715047302897
2090.6,3.786319601353334,2.7374261899499537
2092.6,3.8441528222800176,0.3329062316096771
2094.6,3.7681544430074045,3.530744292818854
2096.6,3.7567618482983245,3.9034622984865104
2098.6,3.7534199908625054,3.9081643684104317
2100.6,3.8180361351679353,1.1953221643542635
2102.6,3.7822902208377958,2.6945324204464174
2104.6,3.753083425063864,3.849592493504419
2106.6,3.743136539552788,4.138344522184533
2108.6,3.7402995743635894,4.12119576849804
2110.6,3.736677240795434,4.151578735461444
2112.6,3.7337567034332637,4.149384366805009
2114.6,3.813625652815966,0.6562391098616146
2116.6,3.7665776623815894,2.7064282098884966
2118.6,3.81946737013365,0.415533922746642
2120.6,3.800012520486104,1.3266506309193438
2122.6,3.7788351421164186,2.22647707871577
2124.6,3.835922058366798,-0.11777304916093605
2126.6,3.8357958576461963,0.006355910269119596
2128.6,3.8048609037174246,1.3753397546555597
2130.6,3.8405211865393296,-0.04042342254962
2132.6,3.836613589947178,0.2090190217900601
2134.6,3.783306171298033,2.498491721474708
2136.6,3.7685691147026725,3.000470437279422
2138.6,3.7618521189865515,3.1738408312188606
2140.6,3.7429404413242406,3.858708841627116
2142.6,3.7973958847459928,1.4446794889498034
2144.6,3.8296002323675555,0.14225171517552138
2146.6,3.831949152476758,0.14006695439363903
2148.6,3.800431252530741,1.5243751903211833
2150.6,3.759976622512353,3.1940652790710806
2152.6,3.7858041202784287,2.028545194319299
2154.6,3.7818522635678424,2.1772801073632104
2156.6,3.7616720895313898,2.9655389015272617
2158.6,3.7594462360106147,2.974089997211504
2160.6,3.758013093324656,2.9490964234505226
2162.6,3.77394250243061,2.241927152105783
2164.6,3.773653889497463,2.216547516952621
2166.6,3.771588613075549,2.27072062838404
2168.6,3.7717268416484924,2.2362135519365043
2170.6,3.7929680396281684,1.322279085628957
2172.6,3.794544995813211,1.274435797273361
2174.6,3.7960861669556554,1.240227393787216
2176.6,3.796736603955786,1.2315034123084136
2178.6,3.797180023643411,1.2372713848949082
2180.6,3.799243728604258,1.168502338417631
2182.6,3.9005928505793914,-3.0211785680370333
2184.6,3.967882259752394,-5.366288558682773
2186.6,3.880711210473757,-1.3694885320973162
2188.6,3.8514056382050734,-0.06565385624427039
2190.6,3.8523877945173437,0.0715895921434158
2192.6,3.855301218539114,-0.008448517735215292
2194.6,3.840222716553341,0.6417472059382624
2196.6,3.8447929272734283,0.46382179748170327
2198.6,3.855843513816379,0.016681671234653264
2200.6,3.859846404550124,-0.11556566345550068
2202.6,3.8739858918318433,-0.6393162157346534
2204.6,3.841771432728144,0.747764506309053
2206.6,3.8363107434223287,0.9623737063576187
2208.6,3.8170803840111325,1.7214762602199039
2210.6,3.828035542316243,1.2086331898777836
2212.6,3.8267286977069,1.2238333118822293
2214.6,3.8248002110648645,1.2650198779133845
2216.6,3.833465976478739,0.8993347650582136
2218.6,3.7973247211166736,2.3689562678999594
2220.6,3.768303849987923,3.4621410701601425
2222.6,3.824339218308517,0.984759353006743
2224.6,3.926237172905098,-3.2275720585918193
2226.6,3.8522489649398333,0.02980121493506386
2228.6,3.8431105161811074,0.4544154905209559
2230.6,3.81804028942659,1.505655377052873
2232.6,3.7487084048706247,4.287964672288954
2234.6,3.7280676229290357,4.888929881237544
2236.6,3.723016232766223,4.848555854009014
2238.6,3.7671410321813354,2.80188566251169
2240.6,3.758394980861187,3.057502323210141
2242.6,3.698805909882384,5.331776051624109
2244.6,3.698073550160108,5.1007086620719235
2246.6,3.6940494031872766,5.048426319677904
2248.6,3.6880616218691515,5.071701185872025
2250.6,3.6829073349089585,5.075935994248368
2252.6,3.6780383689142555,5.066008936914109
2254.6,3.7873708236635615,0.2729177208650878
2256.6,3.8009944860796083,-0.14845061501210158
2258.6,3.8047676825710015,-0.16992787171017293
2260.6,3.8068340210942395,-0.12748728231861892
2262.6,3.877140117931958,-2.7421037252900877
2264.6,3.8489877879265904,-1.2992183597072824
2266.6,3.97458007923759,-6.413980867625209
2268.6,3.8299129491600006,-0.013967118700047569
2270.6,3.8246376612652533,0.2680409606630824
2272.6,3.8081468083635386,0.9603965005651737
2274.6,3.8083013858427353,0.9637849976734788
2276.6,3.802956811829531,1.18299611185148
2278.6,3.7997566516959353,1.2877320563529195
2280.6,3.7990849099530086,1.3006005307019268
2282.6,3.797776491525562,1.3317334408519592
2284.6,3.797506880018975,1.313107127000439
2286.6,3.7971664734730135,1.3135582864348072
2288.6,3.7962265022077695,1.3289515693020184
2290.6,3.7957826607147185,1.3139714860733125
2292.6,3.79560566871907,1.313695594609276
2294.6,3.7900301123687417,1.5202374716530798
2296.6,3.7891972959953293,1.5194596941009977
2298.6,3.8240193720780997,0.038699296387366224
2300.6,3.7982939458764107,1.13981569681365
2302.6,3.7963149920685173,1.2136917201742425
2304.6,3.795483888089773,1.2359638231710866
2306.6,3.7954903587377657,1.218115622184014
2308.6,3.8055772714602765,0.7929180282428523
2310.6,3.807677794639403,0.7622056839558734
2312.6,3.8070303770728513,0.7875910628460882
2314.6,3.803732568129188,0.9390490668379747
2316.6,3.7977845557465173,1.1627916583238251
2318.6,3.796963798485693,1.1921758051186064
2320.6,3.796471843574625,1.182815959225775
2322.6,3.7959425562402673,1.1966768811554747
2324.6,3.769279411152016,2.2794068179514784
2326.6,3.800809554703483,0.8969834615883556
2328.6,3.8025436166252633,0.8368363508942389
2330.6,3.8040889992390894,0.7830551028941809
2332.6,3.8042635566938663,0.7888417274922853
2334.6,3.790151650516163,1.35811299953063
2336.6,3.7896362437533444,1.3551750375933735
2338.6,3.788722478076173,1.3551970054704263
2340.6,3.7852327451785097,1.4737103141727457
2342.6,3.78339505206325,1.5208711996796414
2344.6,3.7824480082025373,1.5165555770101928
2346.6,3.78145761751433,1.5206852904337476
2348.6,3.7635090397029463,2.2316938489659557
2350.6,3.7605045982499914,2.2734069959477097
2352.6,3.804870024819979,0.35509762334043216
2354.6,3.7823080003517067,1.3221950623208305
2356.6,3.7824148249367133,1.2921225021269127
2358.6,3.78599493654797,1.1393876902270803
2360.6,3.818340394965297,-0.20249452648677557
2362.6,3.8171402107101633,-0.07406900258118979
2364.6,3.797465561710747,0.8027861442772126
2366.6,3.795864185722934,0.881101184661899
2368.6,3.7840775848568557,1.3617221332827796
2370.6,3.7820180050677434,1.4122361426510384
2372.6,3.78090329850512,1.4211846040958458
2374.6,3.7568813776677343,2.367859314867533
2376.6,3.7817490427439613,1.306534664890282
2378.6,3.781321388752052,1.3050825885172712
2380.6,3.776699191025386,1.496232176557674
2382.6,3.809762041839086,0.044657444668252624
2384.6,3.7877912135860763,1.0306635001320321
2386.6,3.8030512553566207,0.4181700470657926
2388.6,3.781250001951528,1.3606284326636962
2390.6,3.8076784743333776,0.24405397558704434
2392.6,3.8039491703477513,0.4232263142153909
2394.6,3.8029266921643,0.5107299615214487
2396.6,3.814259108049495,0.0741200144406061
2398.6,3.799279268602116,0.7357653267267564
2400.6,3.8138764881528315,0.14343462498441809
2402.6,3.81954298233543,-0.042264363926974316
2404.6,3.8202884324090087,-0.018906349800299004
2406.6,3.821846318750963,-0.03304026678446828
2408.6,3.8226829776368625,-0.018691254399747562
2410.6,3.8238931661145044,-0.022788561875510326
2412.6,3.824496734642691,-0.0028549810799507235
2414.6,3.825637902934442,-0.008133901187304322
2416.6,3.826715473265196,-0.012257257282017492
2418.6,3.826798678771914,0.02473237239476623
2420.6,3.8284070874794947,-0.005484737380682102
2422.6,3.7937869140507674,1.5022370981001583
2424.6,3.7926132305826927,1.517518761400789
2426.6,3.7789323719599905,2.0443745718053523
2428.6,3.797566648589307,1.189926094877424
2430.6,3.794558992595951,1.307461519813423
2432.6,3.7752323369587217,2.0958137939077592
2434.6,3.7750135921612573,2.0611601152657695
2436.6,3.7467824106498977,3.198996894947568
2438.6,3.7140530665471303,4.47080453382574
2440.6,3.706497764543579,4.640012851728334
2442.6,3.7167194016320657,4.060479705472627
2444.6,3.7158836578024794,3.9796203701878317
2446.6,3.713386404632192,3.9898987535225063
2448.6,3.710737244371157,3.997964192366269
2450.6,3.804677744465645,-0.10643514165113575
2452.6,3.746225096797568,2.5203900387814
2454.6,3.7289370182285366,3.2239593343694533
2456.6,3.7898823089873077,0.5381783258183269
2458.6000000000004,3.776434768350896,1.2177697343966143
2460.6000000000004,3.753430407226526,2.2429544895921896
2462.6000000000004,3.709242431552508,4.111626789591631
2464.6000000000004,3.8059752439437378,-0.11784155104944015
2466.6000000000004,3.801652051735416,0.16150609687398892
2468.6000000000004,3.80323799238396,0.16912301533272733
2470.6000000000004,3.770127481863809,1.6480010281034079
2472.6000000000004,3.7500559231094024,2.476804444126304
2474.6000000000004,3.7456142908593977,2.6076445072835126
2476.6000000000004,3.754400263533175,2.187155422184609
2478.6000000000004,3.7650119335348644,1.7018066796145448
2480.6000000000004,3.774387589550525,1.297454530930988
2482.6000000000004,3.783204176942174,0.9309094074018839
2484.6000000000004,3.781771188142488,1.020229954102065
2486.6000000000004,3.7834291506868354,0.9933386948912136
2488.6000000000004,3.758992359383048,2.0747123057381303
2490.6000000000004,3.7501025462289963,2.398863721918845
2492.6000000000004,3.789213126728008,0.7209639834138615
2494.6000000000004,3.7902597144126084,0.7064299565297871
2496.6000000000004,3.7785472176813104,1.2319988359574334
2498.6000000000004,3.8092114726454214,-0.07310733030303905
2500.6000000000004,3.8106953817626876,-0.07288134229700988
2502.6000000000004,3.812098868071023,-0.06930482228588947
2504.6000000000004,3.8128681292339937,-0.042501444226010245
2506.6000000000004,3.79278309859604,0.8765071212415328
2508.6000000000004,3.7931122977078564,0.8811710828609364
2510.6000000000004,3.8025351345270426,0.4794169878885652
2512.6000000000004,3.811216419808355,0.13700244096428368
2514.6000000000004,3.815998507242896,-0.028315438426724376
2516.6000000000004,3.814716014356906,0.07038915506774529
2518.6000000000004,3.789562478255101,1.1472995059535211
2520.6000000000004,3.786743746182993,1.2592778157034816
2522.6000000000004,3.79065102079493,1.057516754407368
2524.6000000000004,3.809990588070591,0.21263527900386697
2526.6000000000004,3.8177110263815637,-0.07921054083265786
2528.6000000000004,3.7844482839879534,1.3804000589585186
2530.6000000000004,3.7664653979727754,2.11148785536851
2532.6000000000004,3.791454136067529,0.9548916608129951
2534.6000000000004,3.800624454855278,0.5680579845012117
2536.6000000000004,3.778821650042852,1.5136649155939257
2538.6000000000004,3.752234445418969,2.587037663071822
2540.6000000000004,3.7490515135480624,2.642515349101158
2542.6000000000004,3.74681353053792,2.653107566888571
2544.6000000000004,3.7562288306008607,2.1814931333219505
2546.6000000000004,3.807989277920601,-0.07188781224080219
2548.6000000000004,3.8089119875792714,-0.052589236342016434
2550.6000000000004,3.8055117972363517,0.1490024117516502
2552.6000000000004,3.784449931635359,1.064713429158776
2554.6000000000004,3.794089720322407,0.6514740398344298
2556.6000000000004,3.7946035637137636,0.6554822332536469
2558.6000000000004,3.7832245321891738,1.1385619148785997
2560.6000000000004,3.7754207820290673,1.4704697097523787
2562.6000000000004,3.7729453821450525,1.5427829121626635
2564.6000000000004,3.7718995923612484,1.5487159291021997
2566.6000000000004,3.7709345937474104,1.5601585665166102
2568.6000000000004,3.7841504985093994,0.9651961091565631
2570.6000000000004,3.8086716813250012,-0.06946710536582282
2572.6000000000004,3.80977174924648,-0.0661955536782656
2574.6000000000004,3.810801665919081,-0.06305119797324962
2576.6000000000004,3.81127851659972,-0.039559864667217726
2578.6000000000004,3.8106272753594914,0.028645355971362092
2580.6000000000004,3.7993597748088352,0.5413537903919537
2582.6000000000004,3.8082505589602462,0.1795101988740048
2584.6000000000004,3.80744482348088,0.23954780698458156
2586.6000000000004,3.80391283866586,0.41313542377152435
2588.6000000000004,3.7976215287572623,0.6842735636462391
2590.6000000000004,3.799534658339824,0.5944654880123398
2592.6000000000004,3.797960602842153,0.6621877760792071
2594.6000000000004,3.798161852591602,0.656084467693583
2596.6000000000004,3.7969603701791224,0.695773286802698
2598.6000000000004,3.8152160434001225,-0.08467370303752927
2600.6000000000004,3.8019564783122672,0.5226555281702336
2602.6000000000004,3.77847800103938,1.5251123239926918
2604.6000000000004,3.777967995734957,1.4841458268766223
2606.6000000000004,3.744229122465773,2.8892088244618592
2608.6000000000004,3.739242162566294,2.958103163080486
2610.6000000000004,3.7587835218434975,2.0234127103470394
2612.6000000000004,3.7994147076649454,0.21170506493682206
2614.6000000000004,3.79739883130951,0.35348563727703664
2616.6000000000004,3.7646076186774735,1.7656714169057028
2618.6000000000004,3.736755811796389,2.8864530110098694
2620.6000000000004,3.7342567853439452,2.8940535277787918
2622.6000000000004,3.742842098667886,2.4266029106193217
2624.6000000000004,3.7411938784898915,2.4302398894709683
2626.6000000000004,3.768470594595048,1.1936856546885226
2628.6000000000004,3.761429044697396,1.4867928268877688
2630.6000000000004,3.7607449867433806,1.4995249678388176
2632.6000000000004,3.7434990905295384,2.214863985843337
2634.6000000000004,3.752453319420411,1.7842124054512063
2636.6000000000004,3.797036457457302,-0.08514698410578803
2638.6000000000004,3.7913618299506906,0.2247621491463448
2640.6000000000004,3.7628043325449854,1.4601215683898707
2642.6000000000004,3.7612030705937807,1.5092433868008688
2644.6000000000004,3.7036353448876853,3.952929714632055
2646.6000000000004,3.7474448598480663,1.931417366874722
2648.6000000000004,3.7296642296686158,2.6509434518400976
2650.6000000000004,3.764590464392428,1.1054309737284214
2652.6000000000004,3.762711484614689,1.1932420032965534
2654.6000000000004,3.7593794430454937,1.333151775807878
2656.6000000000004,3.742157233475838,2.0538034802009735
2658.6000000000004,3.705956863003488,3.5201596482692095
2660.6000000000004,3.688385254371885,4.152285867946653
2662.6000000000004,3.75371649169086,1.2356954368380118
2664.6000000000004,3.7481837591250082,1.4900152246552298
2666.6000000000004,3.7392829302969113,1.807635850387025
2668.6000000000004,3.7497895808611004,1.3344158306650635
2670.6000000000004,3.723809319345145,2.4483397865950414
2672.6000000000004,3.75682773384182,0.9724632083721991
2674.6000000000004,3.7826057178175447,-0.0641426325906977
2676.6000000000004,3.802962214964996,-0.7479892038357017
2678.6000000000004,3.7876691453462823,-0.0193245357887967
2680.6000000000004,3.789001165970857,-0.015529694374710483
2682.6000000000004,3.7901367510029216,-0.007183081175950621
2684.6000000000004,3.7912951140891233,-0.002802280842685297
2686.6000000000004,3.8475208683487363,-2.3305950568299685
2688.6000000000004,3.8174464490618565,-0.9099507011816941
2690.6000000000004,3.8266396107959677,-1.2070106733503967
2692.6000000000004,3.8268449507988582,-1.1221758019903667
2694.6000000000004,3.8211647459235087,-0.7970063658786404
2696.6000000000004,3.823324600278439,-0.8322810964659499
2698.6000000000004,3.8913911348110264,-3.6131844933769215
2700.6000000000004,3.828210006123622,-0.775227506422427
2702.6000000000004,3.808747351211623,0.08290716133975472
2704.6000000000004,3.8149418751742776,-0.16406985519104975
2706.6000000000004,3.8095875870357214,0.07604816636954163
2708.6000000000004,3.8098401992608144,0.07237318998067516
2710.6000000000004,3.8099584050905073,0.07447882039022835
2712.6000000000004,3.8104803167741776,0.059090166064594545
2714.6000000000004,3.810249602868748,0.07532811469556247
2716.6000000000004,3.8105811953769706,0.06615625411535163
2718.6000000000004,3.8106394520046,0.06876551416503386
2720.6000000000004,3.805714263037901,0.26776382321197645
2722.6000000000004,3.8104557526405585,0.06672903783024142
2724.6000000000004,3.8002655220387322,0.5005632259372059
2726.6000000000004,3.7923830949033053,0.8187209551621533
2728.6000000000004,3.800148362552584,0.4560408199411684
2730.6000000000004,3.786625526607825,1.0210178926348
2732.6000000000004,3.7844581481967277,1.0778360189095204
2734.6000000000004,3.782998686340358,1.0925852313740114
2736.6000000000004,3.7588827169474435,2.0618819611285564
2738.6000000000004,3.7103661246162725,4.0303125299916855
2740.6000000000004,3.6854664519224483,4.871916005567795
2742.6000000000004,3.681121117870944,4.830688080198016
2744.6000000000004,3.4928893242447314,12.615087707783282
2746.6000000000004,3.4927514003668065,11.975999302832705
2748.6000000000004,3.7677575086933923,-0.1354832695427179
2750.6000000000004,3.67466782097636,3.913379773548606
2752.6000000000004,3.669881768811645,4.001963031411211
2754.6000000000004,3.6524710977284736,4.597792548891773
2756.6000000000004,3.6922152376406348,2.7345530195768255
2758.6000000000004,3.7624031352167457,-0.1797236613787671
2760.6000000000004,3.7639468404616814,-0.13065884455895152
2762.6000000000004,3.766368096627892,-0.12745209285284687
2764.6000000000004,3.8969967394975327,-5.613589043389318
2766.6000000000004,3.7725389158410993,-0.06626180563439378
2768.6000000000004,3.7736677087192216,-0.034819457923054936
2770.6000000000004,3.7752080369080367,-0.026670140425218196
2772.6000000000004,3.7216018828007456,2.266139148484072
2774.6000000000004,3.7665015737739282,0.35713839382548673
2776.6000000000004,3.746326239824348,1.2366308603624194
2778.6000000000004,3.7203540942685662,2.297032517316444
2780.6000000000004,3.7510273910401355,0.9746169541259025
2782.6000000000004,3.750714244246757,0.9902522911733703
2784.6000000000004,3.776064701149548,-0.0650211284025406
2786.6000000000004,3.764968803575167,0.46709158405487594
2788.6000000000004,3.7537361436663543,0.9746714938618425
2790.6000000000004,3.7425148946111855,1.4482818600015832
2792.6000000000004,3.7404298665541527,1.5103271447722868
2794.6000000000004,3.738473975449714,1.5636012233858134
2796.6000000000004,3.777506910133992,-0.09851886855497667
2798.6000000000004,3.778415076419724,-0.07520047462524174
2800.6000000000004,3.7515723890741177,1.109046033422504
2802.6000000000004,3.724174381452092,2.2397933386745383
2804.6000000000004,3.756770024102005,0.7949420413183225
2806.6000000000004,3.7734685579205816,0.10538674116053166
2808.6000000000004,3.774125883377519,0.1293466140202388
2810.6000000000004,3.7443799958447346,1.4100299854740537
2812.6000000000004,3.72191677416581,2.3071167137721384
2814.6000000000004,3.7399591771148737,1.4946457025696818
2816.6000000000004,3.737622724319826,1.5586241074318452
2818.6000000000004,3.7291481366908417,1.8756480970810894
2820.6000000000004,3.723249078182486,2.07694860092912
2822.6000000000004,3.724267294131587,1.9720638261511292
2824.6000000000004,3.7532267700076,0.7159556639634952
2826.6000000000004,3.7682081779611445,0.11632078086031447
2828.6000000000004,3.729251689737268,1.813075311580306
2830.6000000000004,3.6681512651981834,4.324428222870443
2832.6000000000004,3.7448233542976155,0.9887914937163895
2834.6000000000004,3.7465494846004272,0.9447690034309821
2836.6000000000004,3.6867051402629154,3.4418483809484366
2838.6000000000004,3.6936065906999027,3.093039362244883
2840.6000000000004,3.6883977342322964,3.196129726655158
2842.6000000000004,3.619737800447408,5.982708942211628
2844.6000000000004,3.581098740557441,7.308273741710808
2846.6000000000004,3.719991457570702,1.104402798174346
2848.6000000000004,3.6537395374042982,3.9298040631911966
2850.6000000000004,3.7127644118663543,1.2874077360598013
2852.6000000000004,3.70598452409949,1.5973647314877841
2854.6000000000004,3.677645897017496,2.757823144443586
2856.6000000000004,3.662144635620057,3.3320406636599214
2858.6000000000004,3.6605881033680996,3.3075389505127712
2860.6000000000004,3.688917883509683,2.027304968678226
2862.6000000000004,3.6651151565979734,3.0326783710025786
2864.6000000000004,3.6214112650153005,4.746059784897005
2866.6000000000004,3.617754069573308,4.721372801359232
2868.6000000000004,3.699802848975049,1.184650052447908
2870.6000000000004,3.681783052586419,1.988237440044848
2872.6000000000004,3.7345687377326544,-0.17871770395294514
2874.6000000000004,3.7369261277994577,-0.16341740024681933
2876.6000000000004,3.718638117664376,0.7141823937275742
2878.6000000000004,3.719505675689124,0.7303793390637774
2880.6000000000004,3.692896987236195,1.8882123380437987
2882.6000000000004,3.6686184629694587,2.869685016653285
2884.6000000000004,3.6612452308425394,3.095494849385412
2886.6000000000004,3.6383817893012345,3.9348272262575614
2888.6000000000004,3.6350379642920596,3.9329664665416555
2890.6000000000004,3.63155929793511,3.935717192008991
2892.6000000000004,3.6288320321066405,3.918131412755722
2894.6000000000004,3.6418581176286424,3.3072409833801744
2896.6000000000004,3.624100117621678,3.9391299688077765
2898.6000000000004,3.6279202669261554,3.6552088103500426
2900.6000000000004,3.68643092122269,1.164950259625
2902.6000000000004,3.704561060968192,0.40469067942055614
2904.6000000000004,3.656875862256712,2.4875354199211492
2906.6000000000004,3.6918218457197067,0.9548193656367283
2908.6000000000004,3.7138779350865176,0.1055230906021169
2910.6000000000004,3.668167802421418,2.085148603971564
2912.6000000000004,3.7056273377417854,0.49771771063798903
2914.6000000000004,3.632095409185856,3.601873922153613
2916.6000000000004,3.5897346255022784,5.206119305812818
2918.6000000000004,3.673460844529949,1.5198577269677573
2920.6000000000004,3.674180300960799,1.5100197588601496
2922.6000000000004,3.62084611962857,3.704582039020528
2924.6000000000004,3.6184696151110236,3.6868032958443235
2926.6000000000004,3.6707898682924314,1.3855865750523892
2928.6000000000004,3.6697486126228847,1.4616353835474816
2930.6000000000004,3.70122999775974,0.15567398965243562
2932.6000000000004,3.7115221570008177,-0.15882566300246084
2934.6000000000004,3.7143530312717146,-0.16452225798020662
2936.6000000000004,3.6742768410226425,1.5801723990585133
2938.6000000000004,3.6557679319067597,2.33684877026026
2940.6000000000004,3.715250968116917,-0.10796358685522078
2942.6000000000004,3.717651471805924,-0.1241682199354259
2944.6000000000004,3.717377383582805,-0.014904618775201592
2946.6000000000004,3.721127523691519,-0.1067332624833041
2948.6000000000004,3.723585168858517,-0.12480893628404328
2950.6000000000004,3.7009822694471524,0.9137991308779709
2952.6000000000004,3.6952669033896215,1.1601759874055457
2954.6000000000004,3.7170255740117137,0.21646150799918656
2956.6000000000004,3.725840037412184,-0.08638359160672379
2958.6000000000004,3.697218163019184,1.182209750273255
2960.6000000000004,3.671822407000168,2.2188365450808485
2962.6000000000004,3.668597918997238,2.270524842916419
2964.6000000000004,3.6865750416795002,1.4592366465666424
2966.6000000000004,3.6858112763213917,1.4677707280323953
2968.6000000000004,3.6848680819012447,1.472944478338134
2970.6000000000004,3.684428363376636,1.4719528771421853
2972.6000000000004,3.6835400095352924,1.475107189763093
2974.6000000000004,3.6831871554314093,1.4742818995067948
2976.6000000000004,3.683119024807295,1.4683785546062698
2978.6000000000004,3.6831639398197202,1.4566567261080405
2980.6000000000004,3.6820997822135673,1.4923484017992152
2982.6000000000004,3.695324816952406,0.907239478134161
2984.6000000000004,3.7059523195857627,0.49353511032429487
2986.6000000000004,3.70452863907994,0.6006232748716719
2988.6000000000004,3.7023627103719208,0.730352423572439
2990.6000000000004,3.7026466946825463,0.7317843979805203
2992.6000000000004,3.7030275466615135,0.7393929977542381
2994.6000000000004,3.703527435092041,0.7396660998375555
2996.6000000000004,3.6998759305357165,0.9200829135994341
2998.6000000000004,3.700459842661223,0.912079757721708
3000.6000000000004,3.700720521997955,0.9103033978994091
3002.6000000000004,3.6889091007392385,1.4160365318691581
3004.6000000000004,3.684625515979918,1.592955045877216
3006.6000000000004,3.6664601627191833,2.3250009929074675
3008.6000000000004,3.5971640914854768,5.310998952566263
3010.6000000000004,3.5941701846523757,5.224656162121024
3012.6000000000004,3.596476913554321,4.941388748093383
3014.6000000000004,3.6627728344347545,1.9330795741201174
3016.6000000000004,3.662891055926418,1.9281907575777835
3018.6000000000004,3.6621348267377,1.9449552075890597
3020.6000000000004,3.6618293517322886,1.9423320791941312
3022.6000000000004,3.682885472266888,1.0342410100501984
3024.6000000000004,3.6853661722122673,0.963852789346375
3026.6000000000004,3.686320809704078,0.9594481275588744
3028.6000000000004,3.6870449610036697,0.9508240978221465
3030.6000000000004,3.6892838097177227,0.8867854604785507
3032.6000000000004,3.7056897042524946,0.1889620441563397
3034.6000000000004,3.694257978649847,0.7847487586810883
3036.6000000000004,3.690694661452015,0.9619765515341105
3038.6000000000004,3.6990316676392885,0.6263122723851234
3040.6000000000004,3.691524604519369,0.9886468598639442
3042.6000000000004,3.658584891057843,2.4314531916869897
3044.6000000000004,3.6401955940166117,3.1796256184118494
3046.6000000000004,3.6297801181110536,3.5242950014170655
3048.6000000000004,3.609712206528037,4.30792905441217
3050.6000000000004,3.6141575607777465,3.910313755776034
3052.6000000000004,3.6296905902041607,3.1253505255356844
3054.6000000000004,3.6673560302391177,1.406696519963959
3056.6000000000004,3.6808156178494182,0.838501465976535
3058.6000000000004,3.687605909179809,0.5816098767004477
3060.6000000000004,3.626514824308755,3.296623633320765
3062.6000000000004,3.6215395895213662,3.4210060611858784
3064.6000000000004,3.6763153490294957,0.9728746799069283
3066.6000000000004,3.6639044934204503,1.5426743161185779
3068.6000000000004,3.7018478670344757,-0.06309392238047873
3070.6000000000004,3.685783160225263,0.7012418617727354
3072.6000000000004,3.6764448905692855,1.140873590149606
3074.6000000000004,3.6804409670484803,0.9899157865568625
3076.6000000000004,3.6823028559308026,0.9215434863755705
3078.6000000000004,3.69797938699725,0.2515096949827266
3080.6000000000004,3.6960025859915566,0.4001158329952519
3082.6000000000004,3.7010111915398753,0.22408242917587287
3084.6000000000004,3.7043966531574077,0.12498045644018926
3086.6000000000004,3.7185283686999586,-0.41600302680813855
3088.6000000000004,3.706406513852739,0.18487024584131925
3090.6000000000004,3.7135689106745207,-0.08372448221600567
3092.6000000000004,3.7138954447247583,0.25524157571671985
3094.6000000000004,3.7213458734830343,-0.03663280839761049
3096.6000000000004,3.7026521381272075,0.8051760693265814
3098.6000000000004,3.701881953325919,0.8157765907826084
3100.6000000000004,3.6985217503363,0.9560834780336076
3102.6000000000004,3.6967422196693844,1.0190534580889823
3104.6000000000004,3.6825128855223936,1.6081183215085944
3106.6000000000004,3.6725153075236427,1.99573597435235
3108.6000000000004,3.6706391090722037,2.0097470125404264
3110.6000000000004,3.689898937641743,1.1099777490911422
3112.6000000000004,3.7196605010252894,-0.22023069937595033
3114.6000000000004,3.7168940584210612,-0.04992134683877383
3116.6000000000004,3.673834783205175,1.8508986805312113
3118.6000000000004,3.640203808386546,3.238056411382698
3120.6000000000004,3.62787190730785,3.6456850081386345
3122.6000000000004,3.622940853002113,3.709744764966145
3124.6000000000004,3.6381189785182055,2.9206721915266876
3126.6000000000004,3.651267576170137,2.260180869695814
3128.6000000000004,3.6688070645340733,1.4460269247585373
3130.6000000000004,3.655166131674689,2.0385111166281535
3132.6000000000004,3.6528789243046282,2.0920994588020636
3134.6000000000004,3.6521781790193724,2.075
3136.6000000000004,3.651168479422523,2.075
3138.6000000000004,3.6694615103476713,1.2239857597222106
3140.6000000000004,3.698473795700721,-0.019763515408039875
3142.6000000000004,3.6700796103580218,1.2781409539187754
3144.6000000000004,3.6689777673820574,1.32782946030986
3146.6000000000004,3.668692734777634,1.327492795185504
3148.6000000000004,3.701917882871949,-0.09250317639724277
3150.6000000000004,3.678897260654957,0.9769760640672772
3152.6000000000004,3.692476437305867,0.39138184643496693
3154.6000000000004,3.8931664409774056,-8.33286109832001
3156.6000000000004,3.7119336594312284,-0.046215286394566665
3158.6000000000004,3.7125702030599657,-0.036112880199218864
3160.6000000000004,3.7129691546189862,-0.016563022561078458
3162.6000000000004,3.713686667159248,-0.013224104169963979
3164.6000000000004,3.714171290013833,-0.0017764577308205945
3166.6000000000004,3.7149431733031295,-0.004640706260595078
3168.6000000000004,3.7186095152127576,-0.13380481983692533
3170.6000000000004,3.717653403184238,-0.055700993500963095
3172.6000000000004,3.7173047882097303,-0.012256735684861287
3174.6000000000004,3.7177696687892503,-0.0071277086951390895
3176.6000000000004,3.7183759603236353,-0.009365078110190661
3178.6000000000004,3.718756698833931,-0.0028006069471492295
3180.6000000000004,3.719401715217208,-0.008785212720649046
3182.6000000000004,3.6862231419866145,1.462515572108339
3184.6000000000004,3.7167214144779206,0.05132040057252346
3186.6000000000004,3.7029508674348697,0.6848116612755331
3188.6000000000004,3.715865951826652,0.10234583216286185
3190.6000000000004,3.718963184092458,-0.011262900281430522
3192.6000000000004,3.719162382667592,0.0028237817683485255
3194.6000000000004,3.719602915039717,0.005247691892196635
3196.6000000000004,3.72012754663469,0.002742170034350476
3198.6000000000004,3.699746683396839,0.9183745730282382
3200.6000000000004,3.6987293252181943,0.9318942537663292
3202.6000000000004,3.6898025704339283,1.2888266237662873
3204.6000000000004,3.6723003411184116,2.0168001079772417
3206.6000000000004,3.6539515388483736,2.7085499412913574
3208.6000000000004,3.668641423745644,1.9686502639664765
3210.6000000000004,3.6712546663567776,1.780746720338496
3212.6000000000004,3.6667620231013904,1.909925598356897
3214.6000000000004,3.667603014018487,1.8177483178976548
3216.6000000000004,3.6682987080622245,1.7362648789697652
3218.6000000000004,3.6689599093471172,1.6605035491072067
3220.6000000000004,3.670318927291063,1.5540530019831247
3222.6000000000004,3.6736589167699694,1.381531486424087
3224.6000000000004,3.6759363085401233,1.2526238495267534
3226.6000000000004,3.679111666911309,1.0986853894861164
3228.6000000000004,3.6807874170064228,1.0282372951337222
3230.6000000000004,3.6808995163044735,1.019091040404595
3232.6000000000004,3.680332101695256,1.0324594910688847
3234.6000000000004,3.680274935099052,1.0357645505585775
3236.6000000000004,3.678751052359769,1.0953752733528246
3238.6000000000004,3.678527821945182,1.0880552115997109
3240.6000000000004,3.6778205507904556,1.1221851259408688
3242.6000000000004,3.676742439821215,1.1445812527713277
3244.6000000000004,3.6756604745067816,1.1828400969856327
3246.6000000000004,3.674293486256025,1.238039905194867
3248.6000000000004,3.6729964834263433,1.2748385669836584
3250.6000000000004,3.6709465063148814,1.3471090289259466
3252.6000000000004,3.6695934888421458,1.3799470130267495
3254.6000000000004,3.6695924057611804,1.3552458298144807
3256.6000000000004,3.6716372688378507,1.25462443791316
3258.6000000000004,3.6714171523509913,1.2532641331552772
3260.6000000000004,3.671667443011591,1.2274020083311983
3262.6000000000004,3.67177754761619,1.1992724939739485
3264.6000000000004,3.672920967462399,1.1382674314490309
3266.6000000000004,3.673835578216964,1.090912735159004
3268.6000000000004,3.673861114078881,1.0950041865179116
3270.6000000000004,3.6724852219589175,1.1483115511291433
3272.6000000000004,3.6727346590152288,1.1254089348569956
3274.6000000000004,3.6728247408489088,1.1204524953895767
3276.6000000000004,3.67250725339145,1.1260774423907272
3278.6000000000004,3.6748316069608844,1.0164439133423662
3280.6000000000004,3.67474110661591,1.020166450791599
3282.6000000000004,3.6779236015595225,0.8821771074573996
3284.6000000000004,3.6765938102508864,0.9344358734382031
3286.6000000000004,3.6745176323907582,1.0303153750702094
3288.6000000000004,3.6743637481441374,1.0268404615410642
3290.6000000000004,3.6729892300664684,1.0885363989729506
3292.6000000000004,3.672112401608106,1.1180702917444143
3294.6000000000004,3.671051923484692,1.14201721054837
3296.6000000000004,3.6708811852638203,1.1504400524005596
3298.6000000000004,3.673238027626366,1.024200057505165
3300.6000000000004,3.6735599811872084,1.0184454276884771
3302.6000000000004,3.670429889920358,1.1392334629204202
3304.6000000000004,3.6695006808110877,1.1803415920209843
3306.6000000000004,3.6690346041148794,1.175259248406824
3308.6000000000004,3.668674892123174,1.176466616988482
3310.6000000000004,3.6626566408986982,1.4267494874440527
3312.6000000000004,3.6595216204873697,1.548193884011188
3314.6000000000004,3.660442925177711,1.466228219268258
3316.6000000000004,3.6636348375601324,1.3018643888826424
3318.6000000000004,3.669448840066105,1.0396387738035082
3320.6000000000004,3.6708714053553737,0.9789718167280917
3322.6000000000004,3.6784103375085087,0.65534271138878
3324.6000000000004,3.679969679650994,0.6046209340536274
3326.6000000000004,3.682670661473195,0.5078587220936694
3328.6000000000004,3.681440161982892,0.5730544946876492
3330.6000000000004,3.6795864056267824,0.6763025173096073
3332.6000000000004,3.675444578285877,0.8709579287200111
3334.6000000000004,3.671963941818933,1.0114883329942026
3336.6000000000004,3.6708335008934982,1.0531573414431656
3338.6000000000004,3.6661609235684116,1.2556129328389147
3340.6000000000004,3.6670649742266406,1.1871562747481794
3342.6000000000004,3.6687655273922894,1.1008480301274528
3344.6000000000004,3.669212927954391,1.0803263662943423
3346.6000000000004,3.666029862115388,1.2075541602722775
3348.6000000000004,3.664423910721478,1.2470282063813365
3350.6000000000004,3.664188455881753,1.237793506045675
3352.6000000000004,3.6641237836946554,1.2325740234039435
3354.6000000000004,3.6664505345840817,1.1159692893823947
3356.6000000000004,3.6682878032309856,1.0277211476110972
3358.6000000000004,3.6681006191275274,1.0258805389732704
3360.6000000000004,3.668864303505388,0.9931491197486951
3362.6000000000004,3.668059132386373,1.0091985868929405
3364.6000000000004,3.666204771735694,1.0961454512896374
3366.6000000000004,3.6655491646204355,1.1102097586454072
3368.6000000000004,3.6651329047514314,1.1212054021338818
3370.6000000000004,3.6649302120732274,1.1140370685791423
3372.6000000000004,3.6635772397398463,1.1545446991734427
3374.6000000000004,3.663873260658805,1.1315993711741181
3376.6000000000004,3.6635408842660344,1.1406183490715016
3378.6000000000004,3.6628808137906637,1.1526813173266208
3380.6000000000004,3.663842220959488,1.0992353706676128
3382.6000000000004,3.6640942818684703,1.0867569139670972
3384.6000000000004,3.663094683620619,1.110915420592737
3386.6000000000004,3.662684201376302,1.1195355454532787
3388.6000000000004,3.661929143260301,1.1417483358011988
3390.6000000000004,3.6624114434768686,1.1110090810365825
3392.6000000000004,3.6626882542717802,1.0861173391335741
3394.6000000000004,3.663901661672456,1.0397734458611838
3396.6000000000004,3.662235621877673,1.0945199674004982
3398.6000000000004,3.6620404943612015,1.093139169648775
3400.6000000000004,3.6613866163996938,1.1202433784419235
3402.6000000000004,3.6612379263879533,1.116018480411125
3404.6000000000004,3.6611132763792447,1.1123980216330454
3406.6000000000004,3.660991839387166,1.1034361327088757
3408.6000000000004,3.660623602298802,1.116695158161537
3410.6000000000004,3.6606560079675665,1.1067879610361815
3412.6000000000004,3.659670566748134,1.126783386009076
3414.6000000000004,3.6587019067059274,1.1638721532192595
3416.6000000000004,3.657396913293636,1.2020413908335297
3418.6000000000004,3.656309123739836,1.2446456669575587
3420.6000000000004,3.657794619260949,1.1622111777573074
3422.6000000000004,3.6573589666377018,1.163034980373691
3424.6000000000004,3.6572463557583785,1.1555826153081359
3426.6000000000004,3.6565099226455073,1.1757216633409873
3428.6000000000004,3.65018737524068,1.43817109232052
3430.6000000000004,3.6442701380255635,1.6686196092298948
3432.6000000000004,3.6390170969007802,1.867467010085479
3434.6000000000004,3.6364971108459248,1.919503124808211
3436.6000000000004,3.629249458857993,2.1900829796110863
3438.6000000000004,3.6350922419509617,1.8703805362370416
3440.6000000000004,3.65001209997915,1.1971961885764622
3442.6000000000004,3.656896024338394,0.8906568051255742
3444.6000000000004,3.6615511479280927,0.6932001504309272
3446.6000000000004,3.6601104318975457,0.7842521702942601
3448.6000000000004,3.6240935822397278,2.368244760410982
3450.6000000000004,3.6330712442450146,1.9015213879734025
3452.6000000000004,3.639107825983459,1.5994298037483772
3454.6000000000004,3.6232794752757447,2.243787349838627
3456.6000000000004,3.62013939166463,2.324966650478501
3458.6000000000004,3.619899258076563,2.276231372113931
3460.6000000000004,3.6248268368997305,2.007606832812442
3462.6000000000004,3.6314221438628365,1.6846384292310832
3464.6000000000004,3.6332781250691206,1.5825695631311891
3466.6000000000004,3.6325644389623344,1.5951887776793328
3468.6000000000004,3.630850312229015,1.646969400953345
3470.6000000000004,3.629560296999355,1.6863642834591366
3472.6000000000004,3.6334921852760433,1.5003719467304208
3474.6000000000004,3.63835582211302,1.2750806928197727
3476.6000000000004,3.641442234608427,1.1470457904556828
3478.6000000000004,3.6453685691177213,0.9793949352918192
3480.6000000000004,3.6437068723989023,1.0641251459254366
3482.6000000000004,3.641991449651084,1.1383787862043588
3484.6000000000004,3.642024964321571,1.1491363308067828
3486.6000000000004,3.642069798561643,1.1469622212221557
3488.6000000000004,3.640006941667084,1.2236739595819583
3490.6000000000004,3.6364501253168298,1.3767286952582967
3492.6000000000004,3.6267786988904422,1.7819033405287452
3494.6000000000004,3.624861824084891,1.8309927533401873
3496.6000000000004,3.6265203761652645,1.7242567385313494
3498.6000000000004,3.6314711822089016,1.4903686879840154
3500.6000000000004,3.6362040093273644,1.2582842860662127
3502.6000000000004,3.637046288262913,1.220071992007356
3504.6000000000004,3.638021382389983,1.1772452611202817
3506.6000000000004,3.6380638249941843,1.176373567571784
3508.6000000000004,3.6346721875778387,1.3327885200515845
3510.6000000000004,3.6254568651012047,1.7086954314134022
3512.6000000000004,3.62377510663702,1.757145190868734
3514.6000000000004,3.623539165857216,1.7411352153658795
3516.6000000000004,3.6271279329987456,1.55741926005549
3518.6000000000004,3.631091352033994,1.3640563536885983
3520.6000000000004,3.6357487107953625,1.1471676432823594
3522.6000000000004,3.6392764632068664,1.0065584865614066
3524.6000000000004,3.643244490253814,0.8394796858237127
3526.6000000000004,3.64821816848217,0.6434638404701797
3528.6000000000004,3.6497600269999095,0.6029882305759573
3530.6000000000004,3.6489750221740205,0.657834779629472
3532.6000000000004,3.648639622391817,0.7040028462830946
3534.6000000000004,3.65099404045045,0.6181386044527648
3536.6000000000004,3.651005915244122,0.6336904558718025
3538.6000000000004,3.650239169080422,0.6760412030429883
3540.6000000000004,3.650161130605721,0.6970082311384679
3542.6000000000004,3.6505623337007598,0.6937465197922549
3544.6000000000004,3.6511438151131617,0.6890353278800144
3546.6000000000004,3.651004921182531,0.6931689147094809
3548.6000000000004,3.652825803727643,0.6337487881946746
3550.6000000000004,3.6644898468198392,0.13913025282619887
3552.6000000000004,3.6734331823997137,-0.2082757091318895
3554.6000000000004,3.667026749722815,0.12481994760561858
3556.6000000000004,3.661069548206479,0.40676684546483255
3558.6000000000004,3.6620240440515546,0.386272705169184
3560.6000000000004,3.66672976648933,0.20742510048203425
3562.6000000000004,3.6699139879883336,0.090873548444196
3564.6000000000004,3.674951272709216,-0.09991399104820739
3566.6000000000004,3.673840538392571,-0.0018829442871481222
3568.6000000000004,3.6680765692333543,0.2626930537332355
3570.6000000000004,3.6687294311007017,0.2554566279907041
3572.6000000000004,3.666592279164409,0.36636764457500387
3574.6000000000004,3.666297686185744,0.38849725004769087
3576.6000000000004,3.6595000063989502,0.6958963620691425
3578.6000000000004,3.6594651298920593,0.6904405017654837
3580.6000000000004,3.6591009963227585,0.6988190818571851
3582.6000000000004,3.6615005469244366,0.5823500271224517
3584.6000000000004,3.663354838357629,0.5033629438014672
3586.6000000000004,3.663695009696024,0.49546044641042725
3588.6000000000004,3.664524371234668,0.4478088364960512
3590.6000000000004,3.6663227554172386,0.3815870168100992
3592.6000000000004,3.6635130338201742,0.5140269546141929
3594.6000000000004,3.6494758422482967,1.1218655176885541
3596.6000000000004,3.7414532144302077,-2.8918249464692405
3598.6000000000004,3.691489522489663,-0.564206647629676
3600.6000000000004,3.6656357669225264,0.5882003696848355
3602.6000000000004,3.6512583787828397,1.1984481991076874
3604.6000000000004,3.6440296123805136,1.4644040924540747
3606.6000000000004,3.63910648820405,1.6160269847153235
3608.6000000000004,3.64018064203673,1.5168488185625064
3610.6000000000004,3.6435986899518418,1.3192015672786717
3612.6000000000004,3.641128500470591,1.379148688066702
3614.6000000000004,3.643330873625037,1.2472694275390255
3616.6000000000004,3.64225898597345,1.266435482795946
3618.6000000000004,3.64275226833972,1.2099313618571765
3620.6000000000004,3.644497075457328,1.1008421935884984
3622.6000000000004,3.6443037978806307,1.0878355785727352
3624.6000000000004,3.645274584837676,1.0357501128850923
3626.6000000000004,3.643049387217208,1.1095263084607176
3628.6000000000004,3.6421802872185016,1.1232139711000524
3630.6000000000004,3.6425886581676035,1.0850682630260753
3632.6000000000004,3.642428505796207,1.084713003817585
3634.6000000000004,3.643181022953142,1.0314037755466328
3636.6000000000004,3.6433794622939613,1.008542846833858
3638.6000000000004,3.643057802901134,1.0111841879325616
3640.6000000000004,3.6425343764259432,1.0221134369754525
3642.6000000000004,3.60841243237867,2.4758162958498167
3644.6000000000004,3.6118313416838963,2.2350987241934077
3646.6000000000004,3.62062851671028,1.7975809559533953
3648.6000000000004,3.626584749857454,1.5002290573135455
3650.6000000000004,3.634094786561247,1.1392196739282994
3652.6000000000004,3.6374944773529214,0.9800257556232027
3654.6000000000004,3.6415352001182764,0.8068095474024881
3656.6000000000004,3.6456369168015543,0.6392540617467216
3658.6000000000004,3.648361445895886,0.5411835719926593
3660.6000000000004,3.6500426896906055,0.4788738776510345
3662.6000000000004,3.648941614417653,0.554760676964826
3664.6000000000004,3.6422854933941853,0.857412224642409
3666.6000000000004,3.636391763120888,1.1061188760099823
3668.6000000000004,3.63412524890735,1.1899329195963118
3670.6000000000004,3.633606844229001,1.1917899732870223
3672.6000000000004,3.632997577029335,1.207057375476032
3674.6000000000004,3.63305790872316,1.1893665852587925
3676.6000000000004,3.6317941281158106,1.2194420078491728
3678.6000000000004,3.6311345108203423,1.235606911207083
3680.6000000000004,3.6305130106174626,1.2352503332202265
3682.6000000000004,3.6300466449555637,1.2439290510588985
3684.6000000000004,3.6298596012642452,1.2269985264002286
3686.6000000000004,3.629712426336887,1.22012798453799
3688.6000000000004,3.629527324493686,1.21824335493823
3690.6000000000004,3.6295348922806507,1.1880612920867446
3692.6000000000004,3.6298585884963988,1.1611775908861852
3694.6000000000004,3.629297805477716,1.1687223667194513
3696.6000000000004,3.629558199218801,1.1464267552245744
3698.6000000000004,3.6295658830666695,1.1463514688241407
3700.6000000000004,3.628200238304072,1.1807331123999365
3702.6000000000004,3.627620151417191,1.1948070454701611
3704.6000000000004,3.6283029148519965,1.1574438916613283
3706.6000000000004,3.627814364019045,1.1576900409398294
3708.6000000000004,3.6278030115162423,1.1581922002971248
3710.6000000000004,3.626640079823623,1.1886189122252055
3712.6000000000004,3.6261872056092326,1.1975099887399936
3714.6000000000004,3.625944969832858,1.2003315706740405
3716.6000000000004,3.626526081664897,1.1779532240557615
3718.6000000000004,3.626320450879954,1.1727580201287606
3720.6000000000004,3.6267890724959915,1.152908724262787
3722.6000000000004,3.6274745062599627,1.1253198207426873
3724.6000000000004,3.6255186124166494,1.208635090961006
3726.6000000000004,3.6258269008271946,1.2037864628949242
3728.6000000000004,3.6271289080126508,1.1462333392288215
3730.6000000000004,3.627306944758665,1.140828948376162
3732.6000000000004,3.6272532932413846,1.1331931391741175
3734.6000000000004,3.627460199888599,1.130388337740056
3736.6000000000004,3.6274723422639665,1.1424132400375118
3738.6000000000004,3.6262181584996473,1.200792897264044
3740.6000000000004,3.624260915652421,1.2760555649731466
3742.6000000000004,3.6244658452097864,1.2667244406290188
3744.6000000000004,3.6243006402503615,1.2646285791443963
3746.6000000000004,3.625788247907487,1.2077269387236866
3748.6000000000004,3.6265607799928254,1.1851011333290902
3750.6000000000004,3.6261246120308055,1.2028641020586477
3752.6000000000004,3.625919323897628,1.2098836553142933
3754.6000000000004,3.626497825325269,1.1888166573374555
3756.6000000000004,3.627461531343206,1.151704513253169
3758.6000000000004,3.627926439582651,1.1419009634730612
3760.6000000000004,3.6274902727005065,1.1646033800005908
3762.6000000000004,3.6268981827140516,1.1954492887588914
3764.6000000000004,3.626720111569895,1.1933321276775994
3766.6000000000004,3.626958034215712,1.1920915682472413
3768.6000000000004,3.626649208383003,1.2063279145632002
3770.6000000000004,3.62561545635851,1.2342575886973413
3772.6000000000004,3.625789840906579,1.2351315078799785
3774.6000000000004,3.625774155914314,1.219657553214354
3776.6000000000004,3.6261201002024004,1.200812931437016
3778.6000000000004,3.6257486184676684,1.2285833920544604
3780.6000000000004,3.625040954492935,1.2475151981968633
3782.6000000000004,3.624503647978924,1.2647085923341703
3784.6000000000004,3.6253873372241263,1.2151935959110716
3786.6000000000004,3.6259048473194886,1.1915122604027335
3788.6000000000004,3.6257849357548375,1.2000539958163599
3790.6000000000004,3.626019219911466,1.181268000051416
3792.6000000000004,3.6238320911993767,1.2678119446517
3794.6000000000004,3.6233583275523733,1.2937593614034835
3796.6000000000004,3.6233690961436,1.2718981020700821
3798.6000000000004,3.62392537308028,1.2508133436693736
3800.6000000000004,3.624320870847316,1.216320614229593
3802.6000000000004,3.6247692344592144,1.198877849561181
3804.6000000000004,3.6247506205326907,1.1966954466077244
3806.6000000000004,3.625155302171939,1.1735389987215763
3808.6000000000004,3.6243904229097414,1.2010852188782484
3810.6000000000004,3.6244703731595544,1.1945704428156412
3812.6000000000004,3.6241774712577266,1.190825524967926
3814.6000000000004,3.623575431873632,1.2204828483064334
3816.6000000000004,3.6236383674186787,1.2150382195551361
3818.6000000000004,3.6236527157358918,1.1966625039441972
3820.6000000000004,3.622664358277188,1.2276031566363705
3822.6000000000004,3.623146010580897,1.212682577992877
3824.6000000000004,3.6230276785811646,1.2080359055388972
3826.6000000000004,3.6232286540116823,1.1932755255338314
3828.6000000000004,3.622420182480817,1.2109981335448516
3830.6000000000004,3.6222429763546704,1.2209862056353444
3832.6000000000004,3.6216496199490975,1.2421939450354214
3834.6000000000004,3.6220339344436994,1.2030195764656875
3836.6000000000004,3.622117542718917,1.1903587461226368
3838.6000000000004,3.6212444077148533,1.2202093005780472
3840.6000000000004,3.62073762077701,1.238947120361916
3842.6000000000004,3.6204762245625033,1.2459492207921499
3844.6000000000004,3.6206350507728517,1.2209377744154752
3846.6000000000004,3.6210699743343024,1.1969353920990244
3848.6000000000004,3.621474402260134,1.1794089540478754
3850.6000000000004,3.6217314734003088,1.1504334449053508
3852.6000000000004,3.622771189251068,1.1130067898370077
3854.6000000000004,3.6236046404995053,1.073681586830021
3856.6000000000004,3.6230882137408598,1.0866103354554046
3858.6000000000004,3.623441329639195,1.0760192213905013
3860.6000000000004,3.623637472062109,1.058469264536146
3862.6000000000004,3.6221241384921754,1.1175469186920524
3864.6000000000004,3.6220350650932827,1.115049192923007
3866.6000000000004,3.6228368099782293,1.0868890334170072
3868.6000000000004,3.621772775385029,1.1265205042467648
3870.6000000000004,3.62138062757939,1.1380046056892652
3872.6000000000004,3.6209853174865625,1.1440315844447961
3874.6000000000004,3.6204683517885585,1.1541908589892573
3876.6000000000004,3.620103268798827,1.1680932426590467
3878.6000000000004,3.6189615361644165,1.2047324340078676
3880.6000000000004,3.6188108335227267,1.1958659652731036
3882.6000000000004,3.6177453815628757,1.2285541192249116
3884.6000000000004,3.617507246826911,1.2295640367128318
3886.6000000000004,3.6179813550268216,1.2079910888265588
3888.6000000000004,3.616804217932364,1.2444513874627467
3890.6000000000004,3.6170609890617498,1.2167629625534837
3892.6000000000004,3.6176002519845016,1.1801438006165044
3894.6000000000004,3.6177755954841633,1.164002355701498
3896.6000000000004,3.618400177557548,1.1330432125924845
3898.6000000000004,3.6181212070233943,1.1413997279550956
3900.6000000000004,3.617453499032344,1.156740301989765
3902.6000000000004,3.61639255961558,1.1911760550486965
3904.6000000000004,3.616331670007621,1.1841456808405109
3906.6000000000004,3.6160389123488783,1.1885603520019488
3908.6000000000004,3.6167697041266296,1.146264097354973
3910.6000000000004,3.617051706413461,1.1370813589266209
3912.6000000000004,3.6176745254000804,1.1069396213896396
3914.6000000000004,3.617595136210641,1.0977536226136444
3916.6000000000004,3.6167703059560448,1.1227363044827845
3918.6000000000004,3.6169497382904794,1.1167698821397833
3920.6000000000004,3.616293046674963,1.139871773203002
3922.6000000000004,3.6160814751203345,1.127521412759659
3924.6000000000004,3.6162310674412868,1.1183280141419822
3926.6000000000004,3.6158461640788597,1.1232992374025748
3928.6000000000004,3.6155991735353252,1.1383463212706977
3930.6000000000004,3.6152570828111084,1.1318579093271641
3932.6000000000004,3.6155199193433303,1.1139750960631156
3934.6000000000004,3.6155782821837232,1.1045498165240042
3936.6000000000004,3.6162662571622,1.076764579428408
3938.6000000000004,3.615997903227097,1.0781684843697263
3940.6000000000004,3.6165738014791593,1.044833742469258
3942.6000000000004,3.6162872587683843,1.0548845847665302
3944.6000000000004,3.616152094915674,1.0605034996586946
3946.6000000000004,3.7741907522642815,-5.957303781698903
3948.6000000000004,3.7235064738828534,-3.395106851618888
3950.6000000000004,3.6497759583271816,0.01333357333612341
3952.6000000000004,3.5768733110821653,3.2543529314686044
3954.6000000000004,3.617938251410709,1.2976251857062469
3956.6000000000004,3.6478284868363544,-0.0582293128648068
3958.6000000000004,3.647523949806535,-0.009505366623136051
3960.6000000000004,3.6463768580383094,0.07517251074052929
3962.6000000000004,3.637699779865481,0.4734117959765609
3964.6000000000004,3.623497229076436,1.0898135091834946
3966.6000000000004,3.6193282698017706,1.2466890312161025
3968.6000000000004,3.615251494626377,1.388415601311175
3970.6000000000004,3.615114987251736,1.3559334132011398
3972.6000000000004,3.6161365312634044,1.2858616060554777
3974.6000000000004,3.6458047231501878,-0.06786625781747124
3976.6000000000004,3.6267806098975868,0.8052185378114078
3978.6000000000004,3.6239221309325322,0.9311177925163509
3980.6000000000004,3.6244045353344414,0.9035031673248768
3982.6000000000004,3.628110133417263,0.7246811893458498
3984.6000000000004,3.6262719659551808,0.8000917799173297
3986.6000000000004,3.6263835333829606,0.792982478601461
3988.6000000000004,3.626139204210534,0.7913098902308864
3990.6000000000004,3.6344991595302365,0.44275962859106516
3992.6000000000004,3.6311767499596184,0.6040959945568073
3994.6000000000004,3.629861958275369,0.6619761356191926
3996.6000000000004,3.630386324782732,0.6384514918340287
3998.6000000000004,3.64269876184249,0.09327468294205375
4000.6000000000004,3.633948258382077,0.5127593155963909
4002.6000000000004,3.6212426275331886,1.0539581565128158
4004.6000000000004,3.619351961397818,1.1161727415802136
4006.6000000000004,3.6181606280683183,1.1450771092184737
4008.6000000000004,3.6177540949176814,1.1483423178679222
4010.6000000000004,3.617336038070946,1.129496309189037
4012.6000000000004,3.6160769818051697,1.1748393030068558
4014.6000000000004,3.6153023233221413,1.1721045264084917
4016.6000000000004,3.6151635285059083,1.1650688567575054
4018.6000000000004,3.6214125945959053,0.8659148889035221
4020.6000000000004,3.6401972670513953,0.045818290458713926
4022.6000000000004,3.638040704406385,0.15381472510705116
4024.6000000000004,3.6290342342962574,0.5931747071930381
4026.6000000000004,3.6251586897443793,0.7698681348300792
4028.6000000000004,3.620566671492281,0.958589945391088
4030.6000000000004,3.6425006485823532,0.00027129772811503765
4032.6000000000004,3.6307882712899135,0.5550582844301182
4034.6000000000004,3.6446258913717995,-0.0666340364946866
4036.6000000000004,3.641946589683396,0.08765632868781233
4038.6000000000004,3.6440071477610476,0.027607399027246862
4040.6000000000004,3.644185397611878,0.05041050673100393
4042.6000000000004,3.644557980342034,0.05928803719806977
4044.6000000000004,3.64549680531829,0.0403640343089029
4046.6000000000004,3.645688625443328,0.05315127718934197
4048.6000000000004,3.646274046680481,0.04844100659841199
4050.6000000000004,3.6468091093621373,0.04757826436004937
4052.6000000000004,3.6348952166962167,0.5872382438542854
4054.6000000000004,3.64146195333256,0.2944284038271429
4056.6000000000004,3.6118006378404837,1.575641507454989
4058.6000000000004,3.6168604163749407,1.3055589701116181
4060.6000000000004,3.6202282315232472,1.1250353514268534
4062.6000000000004,3.61959371915845,1.1144478838800023
4064.6000000000004,3.643096877124791,0.05651937920802077
4066.6000000000004,3.634680324879812,0.4524578745778737
4068.6000000000004,3.6278173145734303,0.7667485527395597
4070.6000000000004,3.6273779842254408,0.7769766065328091
4072.6000000000004,3.625354855552765,0.8457653396741377
4074.6000000000004,3.624962405678635,0.8494561576538227
4076.6000000000004,3.6248539265062543,0.8437330571102941
4078.6000000000004,3.6245383406292464,0.843068594639747
4080.6000000000004,3.6243124402536266,0.8367777867289333
4082.6000000000004,3.644188903268581,-0.056657526074918946
4084.6000000000004,3.642805385302349,0.035959421417503995
4086.6000000000004,3.643364620306274,0.03981799425109984
4088.6000000000004,3.6348479335023036,0.4474772116651623
4090.6000000000004,3.620713483562414,1.0640439767456351
4092.6000000000004,3.6384202528647225,0.25508532027765973
4094.6000000000004,3.625295531392346,0.8447915528267701
4096.6,3.6274412838752403,0.7449709983619668
4098.6,3.6374247249279517,0.2978353608314067
4100.6,3.6438037818377707,0.028181435974956127
4102.6,3.624542999611917,0.8999320989140701
4104.6,3.623123812262356,0.9305526979036628
4106.6,3.642216146270892,0.08683254972631876
4108.6,3.643681080279993,0.044556312622375256
4110.6,3.643734785244382,0.06486346186922284
4112.6,3.689696264812825,-1.8777363831916098
4114.6,3.6810292416806387,-1.401300534318717
4116.6,3.649020835424717,0.06084545521709555
4118.6,3.684522559521065,-1.485324355365728
4120.6,3.658387207794819,-0.2702327249297885
4122.6,3.67182571384262,-0.8324795750216973
4124.6,3.651903013150758,0.08405036301571986
4126.6,3.6527582699788965,0.04879231707862844
4128.6,3.652650001492024,0.060056867699336124
4130.6,3.653230058041317,0.040477111142593926
4132.6,3.664540108586709,-0.4434427906694508
4134.6,3.6603899473128063,-0.23371112981455264
4136.6,3.6630046262334934,-0.33295198280528
4138.6,3.6433034466364096,0.547531426938616
4140.6,3.6314324679604906,1.0632421359449287
4142.6,3.65089053134093,0.058497065288361044
4144.6,3.6511867401571845,0.05736544464387254
4146.6,3.6494726178329993,0.1436168853245153
4148.6,3.639356155109998,0.5720729929089966
4150.6,3.639147757157048,0.5723938264282323
4152.6,3.6454601533217748,0.27552150869256375
4154.6,3.650495119503269,0.0536136127549878
4156.6,3.6506828766901593,0.05575700735962461
4158.6,3.6778011706854996,-1.09899205522675
4160.6,3.6725577994510497,-0.7978787435986631
4162.6,3.6572795822865767,-0.08366721776203295
4164.6,3.6577788287767286,-0.09032206509086199
4166.6,3.6548981250131694,0.04555390873999804
4168.6,3.654912935902846,0.05
4170.6,3.65502532428995,0.05
4172.6,3.6551331760625034,0.05
4174.6,3.6550150987643577,0.05954079850310964
4176.6,3.654688758894606,0.075
4178.6,3.6548038475625497,0.075
4180.6,3.654486101439731,0.09440515601898117
4182.6,3.652651572054373,0.17062830793978057
4184.6,3.644310013579895,0.5261285888319425
4186.6,3.64590248805263,0.43943087183477564
4188.6,3.650771584833517,0.21236206394525703
4190.6,3.6351327970481226,0.8992142827043019
4192.6,3.6441131387978154,0.4713698492754909
4194.6,3.633389641068367,0.9099271367544792
4196.6,3.6418652321469334,0.5213787168947166
4198.6,3.641634914302684,0.5249496708289747
4200.6,3.640319319571064,0.5630683076937206
4202.6,3.6441292196730832,0.3837571904260019
4204.6,3.6520023667704917,0.039974811884665465
4206.6,3.6520763202624345,0.050334749932941396
4208.6,3.6523676639385156,0.04866534139807042
4210.6,3.6355528800109598,0.8014141173908891
4212.6,3.6253530266809655,1.2092144187334
4214.6,3.649960454016657,0.07229069086897269
4216.6,3.6356241139730985,0.7179176170420442
4218.6,3.629951270259225,0.9406956349425919
4220.6,3.6295264095019775,0.9322356933692102
4222.6,3.6488713119644847,0.07124820631485734
4224.6,3.64956026423219,0.058837977711565036
4226.6,3.6386379575775765,0.5522317208087383
4228.6,3.6471652520887794,0.16805783447886355
4230.6,3.6491284329218154,0.09823547052382772
4232.6,3.649586696432632,0.09407296156599795
4234.6,3.6493218153096523,0.11929761717783703
4236.6,3.649761267321628,0.11245248256811788
4238.6,3.651332993680942,0.056091581995134275
4240.6,3.6516410625282534,0.056649279900020784
4242.6,3.66260937904318,-0.388034568608827
4244.6,3.6543275298664843,0.0001044157895943791
4246.6,3.65456486294558,0.001951627354216804
4248.6,3.6457296394011216,0.4083028956439123
4250.6,3.646106978173822,0.3774422194481658
4252.6,3.6388284534372044,0.6927286481202737
4254.6,3.6501762480614524,0.18259602344465684
4256.6,3.651887626012333,0.10496971324177282
4258.6,3.6521817356807356,0.09884685437809711
4260.6,3.6551172693997915,-0.024674266559808
4262.6,3.633798054631118,0.916550585894248
4264.6,3.618914477354694,1.5316336350506528
4266.6,3.632811190624267,0.8698059017762296
4268.6,3.6513044554900476,0.05418409593732589
4270.6,3.6324440964392952,0.8843028259637575
4272.6,3.6396984782849398,0.5319204515159722
4274.6,3.6441924587944534,0.3252285703642246
4276.6,3.648484236710763,0.1355169467113625
4278.6,3.6507565887839384,0.05388311560024706
4280.6,3.6513282947467833,0.05149972441301086
4282.6,3.6515847115828506,0.05491820082817132
4284.6,3.6521557533611184,0.041768296002612816
4286.6,3.6522007259225355,0.05212335144982295
4288.6,3.642798799206042,0.47166986777554604
4290.6,3.6521517287728207,0.049169177673176696
4292.6,3.6449938762489684,0.36511389296333036
4294.6,3.6522004826700614,0.05301468563424425
4296.6,3.6716423962519142,-0.7765686127069291
4298.6,3.6706798462697723,-0.671293241444731
4300.6,3.6663318938288127,-0.45066678019198547
4302.6,3.658263634713903,-0.06397359984715979
4304.6,3.663511315376321,-0.2886269491924576
4306.6,3.6567322783643523,0.025
4308.6,3.6568762145307905,0.025
4310.6,3.6569724366769174,0.02759431344597388
4312.6,3.6528657121960504,0.2126950581590391
4314.6,3.6392404646024574,0.7999283564060685
4316.6,3.6414480519335433,0.6595050606382801
4318.6,3.6493549737539226,0.2869035755435278
4320.6,3.6505714977708115,0.2263343991337266
4322.6,3.651760963042487,0.18026429921971138
4324.6,3.651468952221407,0.1965884403849601
4326.6,3.6519094751180345,0.17803310534153977
4328.6,3.6535864825070217,0.09271239699394641
4330.6,3.653814034872824,0.08992696183549954
4332.6,3.653767883238066,0.10004923335550145
4334.6,3.6625319967582826,-0.2821779859645646
4336.6,3.651928881343095,0.20433748025369536
4338.6,3.647872138003323,0.3825694010020791
4340.6,3.654840025237251,0.05443353935274447
4342.6,3.654724181653018,0.07020915993985087
4344.6,3.640158210243181,0.7131881108680255
4346.6,3.6434424455210883,0.5499015844134708
4348.6,3.6446484735150713,0.49790499546567935
4350.6,3.634480121250228,0.9112773661746478
4352.6,3.6339909738911134,0.896141446605194
4354.6,3.6299837045409316,1.03419843771298
4356.6,3.6495853908491807,0.13530313060667665
4358.6,3.6409053430816654,0.5380009288724695
4360.6,3.633297426339376,0.854129549717981
4362.6,3.645943217186369,0.2783509115482106
4364.6,3.6485843524630592,0.17337186548102823
4366.6,3.633095798711146,0.8323606220678315
4368.6,3.633227605649156,0.8047108441870691
4370.6,3.633807543111307,0.756252775708521
4372.6,3.644066212876039,0.2939716271237185
4374.6,3.680295224538251,-1.3005375980430547
4376.6,3.6706955041483775,-0.7898103007831266
4378.6,3.673588929272474,-0.8512562582492164
4380.6,3.655580329795574,-0.0012139746877411041
4382.6,3.6933226784010285,-1.6483761690839132
4384.6,3.662763642167802,-0.2175549038909402
4386.6,3.6575363481225738,0.025
4388.6,3.6569324895164725,0.05713227840191955
4390.6,3.659401773050669,-0.04335140603251361
4392.6,3.657438200368535,0.05
4394.6,3.655003984932146,0.16267546578203546
4396.6,3.6436256914042278,0.6546562795297977
4398.6,3.638249947389272,0.8674959477268691
4400.6,3.606148547901413,2.2158942702499735
4402.6,3.614166514771447,1.7493335657439377
4404.6,3.6297282450213166,1.0006933317860265
4406.6,3.6508839059689184,0.047928524207630586
4408.6,3.651217084085168,0.04880781596559596
4410.6,3.6514167484430557,0.05607493766151672
4412.6,3.6516862385650457,0.05777247947348597
4414.6,3.65219421174763,0.04886687934605003
4416.6,3.6385500284819687,0.6531131837813756
4418.6,3.6365195580171803,0.7251529338855743
4420.6,3.6500940428372117,0.10069231512929867
4422.6,3.651580221134769,0.04525544357450952
4424.6,3.6403080031860546,0.55247354509587
4426.6,3.63435377005042,0.8047089803904981
4428.6,3.6503167082530585,0.06498161458812904
4430.6,3.6479070773896534,0.1775130409767278
4432.6,3.6509837825714806,0.054946249961588395
4434.6,3.6515728203775364,0.044986074383869507
4436.6,3.6514943222932166,0.05953409953226577
4438.6,3.6523056163954366,0.029694376059437068
4440.6,3.653449960101379,-0.006165620384949232
4442.6,3.651337596140256,0.09920555310979245
4444.6,3.653054381361188,0.026965710129264547
4446.6,3.6440856401741906,0.4402931213091694
4448.6,3.6347624120836874,0.8328922065287745
4450.6,3.66348159108374,-0.43881541484606845
4452.6,3.681777574026345,-1.2015312610234847
4454.6,3.66853664374858,-0.5556985385256694
4456.6,3.663114139126627,-0.2724716398745062
4458.6,3.653001146058767,0.19332716632485702
4460.6,3.652477545481248,0.21404816370970495
4462.6,3.644330525220448,0.5543372620039897
4464.6,3.6381692201812603,0.7997372512302284
4466.6,3.654162264176057,0.07936104815575518
4468.6,3.6666193374129703,-0.4473006020059201
4470.6,3.6562540286370173,0.025
4472.6,3.664398617774823,-0.32580936732366833
4474.6,3.656785143243346,0.02591524906115929
4476.6,3.6529537180301523,0.19416149121115855
4478.6,3.65307570512057,0.18828041844308896
4480.6,3.656170613905041,0.05
4482.6,3.656268060065237,0.05
4484.6,3.656379567118234,0.050015976928891114
4486.6,3.653950802147993,0.15787598040287087
4488.6,3.6548551940832694,0.11542143984042698
4490.6,3.656440986592565,0.05
4492.6,3.6564966042761267,0.05
4494.6,3.656662715320298,0.05
4496.6,3.6549118829343814,0.1306258034504272
4498.6,3.6550489076569894,0.1212449404838677
4500.6,3.6562365735581674,0.07545739561632549
4502.6,3.6569623697755205,0.05
4504.6,3.657105327249766,0.05
4506.6,3.657221066960622,0.05
4508.6,3.6573589574772205,0.05
4510.6,3.655256320422668,0.14508534979477883
4512.6,3.6566289139503354,0.07922552257234386
4514.6,3.6556450549350386,0.12500220912650845
4516.6,3.654392625517031,0.1810804610723801
4518.6,3.653880495541673,0.19791671791907237
4520.6,3.6570832098050854,0.05123122351291353
4522.6,3.657218588994833,0.05
4524.6,3.657325399633406,0.05
4526.6,3.655697534250508,0.125
4528.6,3.6575099650588463,0.04642293721376438
4530.6,3.657522220270804,0.05
4532.6,3.6576298940621284,0.0499727763907757
4534.6,3.6588853492149984,0.0
4536.6,3.659026666436549,0.0
4538.6,3.659163007092551,0.0
4540.6,3.659294666048405,0.0
4542.6,3.659421919796079,0.0
4544.6,3.658829608487079,0.03144147424683363
4546.6,3.6590060277104324,0.027591598168248948
4548.6,3.6591555673279195,0.025
4550.6,3.6592454600871123,0.025
4552.6,3.659326231282926,0.025
4554.6,3.6594041934727035,0.025
4556.6,3.6594850317380785,0.025
4558.6,3.660126510212481,0.0
4560.6,3.6602322616745284,0.0
4562.6,3.659762549901323,0.025
4564.6,3.660418289989312,0.0
4566.6,3.6604975290823965,0.0
4568.6,3.6605939284079754,0.0
4570.6,3.6606879127548617,0.0
4572.6,3.6607796177884016,0.0
4574.6,3.660869170756031,0.0
4576.6,3.660956691013366,0.0
4578.6,3.661042290517393,0.0
4580.6,3.6611260742888314,0.0
4582.6,3.6612081408455768,0.0
4584.6,3.661288582609043,0.0
4586.6,3.6613674862851093,0.0
4588.6,3.6614449332212278,0.0
4590.6,3.6615209997412217,0.0
4592.6,3.6615957574591387,0.0
4594.6,3.6616692735734833,0.0
4596.6,3.6617416111430527,0.0
4598.6,3.6618128293455268,0.0
4600.6,3.6618829837198885,0.0
4602.6,3.6619521263936874,0.0
4604.6,3.6620203062960908,0.0
4606.6,3.6620875693576207,0.0
4608.6,3.662153958697396,0.0
4610.6,3.6622195147986716,0.0
4612.6,3.6622842756733998,0.0
4614.6,3.662348277016504,0.0
4616.6,3.662411552350509,0.0
4618.6,3.6624741331611212,0.0
4620.6,3.6625360490243444,0.0
4622.6,3.6625973277256354,0.0
4624.6,3.6626579953716205,0.0
4626.6,3.6627180764948184,0.0
4628.6,3.6627775941518257,0.0
4630.6,3.6628365700153513,0.0
4632.6,3.662895024460512,0.0
4634.6,3.6629529766457205,0.0
4636.6,3.6630104445885245,0.0
4638.6,3.6630674452367002,0.0
4640.6,3.6631239945349,0.0
4642.6,3.663180107487144,0.0
4644.6,3.6632357982153922,0.0
4646.6,3.6632910800144587,0.0
4648.6,3.6633459654035043,0.0
4650.6,3.663400466174292,0.0
4652.6,3.663454593436438,0.0
4654.6,3.663508357659835,0.0
4656.6,3.663561768714415,0.0
4658.6,3.663614835907436,0.0
4660.6,3.663667568018433,0.0
4662.6,3.6637199733319847,0.0
4664.6,3.6596908855373385,0.1752321778671659
4666.6,3.6609486629621233,0.09734023791913192
4668.6,3.661533178678605,0.06989279154675938
4670.6,3.661531730340475,0.07076730188477828
4672.6,3.6617337453552516,0.06106007546804029
4674.6,3.658541902971779,0.19999409955996827
4676.6,3.6617501186395374,0.05582145051682315
4678.6,3.661801922409292,0.054533145079058244
4680.6,3.661746314972537,0.05683395207969407
4682.6,3.661803686306126,0.05425055751313012
4684.6,3.666268478496308,-0.14168933501999684
4686.6,3.6630296038652537,0.009878927450500712
4688.6,3.6624667026829223,0.035741779869557455
4690.6,3.6626645159906714,0.029138114283853295
4692.6,3.6627686554564876,0.026838981969361256
4694.6,3.6627216471107347,0.031351863488570844
4696.6,3.6627934333818426,0.031015408506614245
4698.6,3.662853384438813,0.031190363477074007
4700.6,3.6629134867575748,0.030962428293176466
4702.6,3.6629359830264816,0.03156881976861074
4704.6,3.6619896974210286,0.07498170170585851
4706.6,3.6618726041808327,0.07871120023899862
4708.6,3.6617117277346365,0.08608219248083429
4710.6,3.66281091116483,0.037697057710942276
4712.6,3.662870753015645,0.03640004889886482
4714.6,3.6617689247575056,0.08614441722826593
4716.6,3.662583778108813,0.05
4718.6,3.662597318789463,0.05
4720.6,3.663182869345669,0.025761485770191897
4722.6,3.663230596502353,0.025
4724.6,3.663277584355407,0.025
4726.6,3.6633307497066796,0.025
4728.6,3.6621548450243386,0.07952570228648576
4730.6,3.659137484756484,0.21411021974359776
4732.6,3.658130374488345,0.2513867988005132
4734.6,3.646640636658918,0.7493646095991153
4736.6,3.648481483842213,0.6346694744684126
4738.6,3.6514398038895632,0.47820040869617814
4740.6,3.64849670359053,0.5942618235202933
4742.6,3.6468983922610416,0.6360895721122867
4744.6,3.6462550629359254,0.6465360426433616
4746.6,3.6460544127446126,0.633438586865046
4748.6,3.650225763736775,0.4140410758318301
4750.6,3.638406173478916,0.917960945460018
4752.6,3.6372999140687,0.9435995576188874
4754.6,3.6378870518023447,0.8733862377414372
4756.6,3.6401150299166067,0.7467138432031294
4758.6,3.6481105745687126,0.37334726535564705
4760.6,3.648098090733202,0.3723508967038256
4762.6,3.648349419426505,0.35686871999790787
4764.6,3.6482009139148754,0.36158046329732474
4766.6,3.646974460149365,0.41873502621972647
4768.6,3.6414827207890994,0.6532689676072378
4770.6,3.655164679698601,0.038309665647750776
4772.6,3.6546241038141427,0.07432746337046868
4774.6,3.655003996593182,0.06835181190826166
4776.6,3.655156950277705,0.07180553274625916
4778.6,3.655448149752112,0.06837869725768728
4780.6,3.6557788204081216,0.06332447437511017
4782.6,3.688048920949054,-1.3140543098121185
4784.6,3.6803878350476147,-0.9113053015602447
4786.6,3.671604716662311,-0.47451741553570026
4788.6,3.6633664177231497,-0.0872249499757774
4790.6,3.6616149573272203,0.00013960791109072162
4792.6,3.660577018795474,0.05
4794.6,3.6607203668501676,0.04685704480868493
4796.6,3.660847337994704,0.044176681868997356
4798.6,3.6590469663851293,0.12500189460006184
4800.6,3.621053143593974,1.7894423806354778
4802.6,3.6586111471357343,0.08773212841736429
4804.6,3.6599634559853786,0.04779965136418136
4806.6,3.6601108219507488,0.05
4808.6,3.6603058995088356,0.05
4810.6,3.6581439231888186,0.1477410268854078
4812.6,3.6603759012810846,0.04965763606200684
4814.6,3.660369289396594,0.05
4816.6,3.6593378180260805,0.09561985201197885
4818.6,3.6569072778515013,0.20804097806845642
4820.6,3.649379925491814,0.5293491624542157
4822.6,3.65158787704371,0.40137242128787454
4824.6,3.6493563304786627,0.4870018991474336
4826.6,3.651180474672472,0.3951565464457518
4828.6,3.6580899545121945,0.08395486969017649
4830.6,3.6583170068378714,0.07810007799431294
4832.6,3.6560435999017344,0.1840198266598722
4834.6,3.6527947570174297,0.320603432649791
4836.6,3.6464853937074437,0.5793509144304738
4838.6,3.6533038481648092,0.258399482786192
4840.6,3.6525731284907423,0.3
4842.6,3.6521738320085033,0.30744277422500876
4844.6,3.6518302240004417,0.31410211110053177
4846.6,3.6518155894407673,0.3136217515174866
4848.6,3.6514373116850054,0.3188915032240873
4850.6,3.6563342616130146,0.0999212093048804
4852.6,3.656625417245519,0.09414278270480543
4854.6,3.656958369824411,0.0886922003655106
4856.6,3.6572646729602636,0.08414921981616923
4858.6,3.6571853566839376,0.09399702912964245
4860.6,3.6500437350951773,0.4163867122440742
4862.6,3.6533581821295837,0.2460501481484712
4864.6,3.65681695194582,0.09211772341523305
4866.6,3.656955906763622,0.09110296428832677
4868.6,3.6573487945946828,0.08140972170557614
4870.6,3.6574571061464494,0.0835423050822563
4872.6,3.6573973079352315,0.08988365146583427
4874.6,3.6543723434556195,0.22511686768656666
4876.6,3.6542199458229243,0.22724950299650598
4878.6,3.657651508710825,0.07856053745504193
4880.6,3.6505278655048428,0.3976122516977319
4882.6,3.652828543116499,0.27391947523970334
4884.6,3.6568233782546353,0.09501403077240768
4886.6,3.65718654060043,0.08130723856611319
4888.6,3.6572960792202984,0.07950637465963396
4890.6,3.6574303073659093,0.07611164149065708
4892.6,3.653845256933081,0.23508120234647928
4894.6,3.656313886029094,0.1303257882531128
4896.6,3.672005277968791,-0.5580506504925787
4898.6,3.667391057571411,-0.32210530923270564
4900.6,3.6592371741879903,0.04998256917860276
4902.6,3.659818499632113,0.02831879213518341
4904.6,3.6579724682927677,0.11359806541949584
4906.6,3.6463498662366534,0.6261458279308535
4908.6,3.647465098438119,0.5389027039727491
4910.6,3.644969547573224,0.6267360106024484
4912.6,3.641752698962472,0.7500062064720425
4914.6,3.656325364204371,0.08821932698352782
4916.6,3.654236497924483,0.17788882637780382
4918.6,3.6526113229482275,0.25000054239027547
4920.6,3.65539353361868,0.11863816423124468
4922.6,3.6560799618464035,0.09295078596152216
4924.6,3.6535417730332895,0.20783179754438183
4926.6,3.6532601115726395,0.22138539068555882
4928.6,3.65342882013104,0.21146460135176914
4930.6,3.649098555416498,0.39604080270913217
4932.6,3.6559760908874197,0.08579811022260346
4934.6,3.6754772446050343,-0.7609435050334531
4936.6,3.6684341778273506,-0.3986906657223235
4938.6,3.658584522850731,0.05
4940.6,3.659241076259675,0.025
4942.6,3.65939884994097,0.025
4944.6,3.6595307356575923,0.025
4946.6,3.6596186697579114,0.025
4948.6,3.659698354164035,0.025
4950.6,3.659767333991085,0.025
4952.6,3.6598872418871085,0.025
4954.6,3.6599886585455446,0.025
4956.6,3.660075154682709,0.025
4958.6,3.6601354996497903,0.025
4960.6,3.6601989081371893,0.025
4962.6,3.660275884597324,0.025
4964.6,3.66035926880013,0.025
4966.6,3.6604449820504668,0.025
4968.6,3.6605281984485347,0.025
4970.6,3.6605715276631043,0.025
4972.6,3.6606074577807575,0.025
4974.6,3.660641296178647,0.025
4976.6,3.6606731619491657,0.025
4978.6,3.66070316700539,0.025
4980.6,3.660767292110784,0.025
4982.6,3.660875484314034,0.025
4984.6,3.6609290292348593,0.025
4986.6,3.6609810976102386,0.025
4988.6,3.6578624261645527,0.16546055392135103
4990.6,3.648311668857387,0.5620328813372479
4992.6,3.657861642395112,0.12510099382867812
4994.6,3.659108747434366,0.059770245629075576
4996.6,3.6290658157221856,1.3699166703710008
4998.6,3.6394716439016404,0.8454523898697514
5000.6,3.651025913843613,0.30567295783414455
5002.6,3.6491254862167635,0.38376585619412734
5004.6,3.644091143825415,0.5921785508500416
5006.6,3.6493551510222644,0.3430060136498705
5008.6,3.648820848844553,0.3519020328713449
5010.6,3.648804072552337,0.3498534521058359
5012.6,3.6486095300346335,0.35012072206004896
5014.6,3.6484447997229603,0.3624864349910433
5016.6,3.6545994747650177,0.09532720282070158
5018.6,3.654772093427936,0.0893471301639414
5020.6,3.6532364519331257,0.15589601424854277
5022.6,3.6544791838337973,0.10475591057024733
5024.6,3.6690024785486672,-0.5181230424967893
5026.6,3.673905719994692,-0.6839969178234173
5028.6,3.6357575759874594,1.0239451481803712
5030.6,3.6310784211010514,1.1788282442694165
5032.6,3.6517651997408085,0.22986015863630205
5034.6,3.6551490170763348,0.09181184721395433
5036.6,3.6563887381095808,0.03795388636415933
5038.6,3.6652102513461196,-0.3318177873516028
5040.6,3.6580663047479636,0.009805076959499717
5042.6,3.6609429788161965,-0.10625305767566946
5044.6,3.6582489900742012,0.025
5046.6,3.6575977018374615,0.05588401310915469
5048.6,3.657756937075857,0.05
5050.6,3.652273125220479,0.29223662136969375
5052.6,3.654582467014351,0.19205842345049212
5054.6,3.644750452471106,0.6234375798797479
5056.6,3.641902691768773,0.7185323199935708
5058.6,3.6443272573017853,0.5845889527486198
5060.6,3.65114419219262,0.2708416429136615
5062.6,3.6451472561506417,0.5381539792790997
5064.6,3.6454019578901913,0.497323733842877
5066.6,3.645762742999545,0.47350465568144817
5068.6,3.653686847364348,0.10885831291714605
5070.6,3.652827282255627,0.15
5072.6,3.646543909493504,0.4210772826164713
5074.6,3.643564180216382,0.538724153114895
5076.6,3.649762682579544,0.2576977150481576
5078.6,3.6499721814518873,0.2505526383668612
5080.6,3.6480740584230413,0.3426985913880709
5082.6,3.6436039702479106,0.5218718786477525
5084.6,3.6427565887638704,0.5499989880242544
5086.6,3.6418534937795535,0.575
5088.6,3.649849290441344,0.20372842575549008
5090.6,3.6478477336422044,0.2858814735203403
5092.6,3.64160099312961,0.5665486626411971
5094.6,3.6411618363449754,0.5729629263671613
5096.6,3.647767800580283,0.2520304361692748
5098.6,3.6454656029962766,0.3512631956561756
5100.6,3.6382432955811033,0.6734527365633798
5102.6,3.6384984817430035,0.6470860036835622
5104.6,3.649347784917973,0.15360767413154114
5106.6,3.6519916533805166,0.05
5108.6,3.6516157869355794,0.07698349081165431
5110.6,3.649034341336715,0.20247205882435876
5112.6,3.652506549096362,0.0505371322769327
5114.6,3.6521803112137117,0.0751657505389339
5116.6,3.6524573650321925,0.075
5118.6,3.651903375107771,0.10885081565375784
5120.6,3.651738816403726,0.12320954731339971
5122.6,3.6518405345019844,0.125
5124.6,3.6532169353584147,0.06959921352614823
5126.6,3.653923248997451,0.042624769528669344
5128.6,3.6533216941653928,0.07395041582203196
5130.6,3.6544625378335454,0.027467379597773428
5132.6,3.6552251403956735,0.0
5134.6,3.655436374429754,0.0
5136.6,3.655605282103616,0.0009544628693209769
5138.6,3.655817557633125,0.0
5140.6,3.655432092995268,0.0249491341143424
5142.6,3.6561618692478586,0.0
5144.6,3.6563264973602503,0.0
5146.6,3.656483282138417,0.0
5148.6,3.656632677730734,0.0
5150.6,3.6567751115914753,0.0
5152.6,3.6569059485261297,0.0
5154.6,3.6570357382647334,0.0
5156.6,3.6571596981373466,0.0
5158.6,3.657278163958497,0.0
5160.6,3.6573914518112356,0.0
5162.6,3.6574998592080883,0.0
5164.6,3.657603666183692,0.0
5166.6,3.657703136323134,0.0
5168.6,3.657798517729783,0.0
5170.6,3.6578900439361726,0.0
5172.6,3.6579761688203747,1.4491263311081954e-05
5174.6,3.658060983913977,0.0
5176.6,3.658142238929039,0.0
5178.6,3.658220442037765,0.0
5180.6,3.658295765902445,0.0
5182.6,3.658368373053061,0.0
5184.6,3.6584384164834036,0.0
5186.6,3.658506040212092,0.0
5188.6,3.658571379810597,0.0
5190.6,3.658634562900189,0.0
5192.6,3.6586957096196437,0.0
5194.6,3.6587549330654263,0.0
5196.6,3.658812339705976,0.0
5198.6,3.658868029771617,0.0
5200.6,3.6589220976215158,0.0
5202.6,3.658398871516283,0.025
5204.6,3.659003781009346,0.0
5206.6,3.6590539051097815,0.0
5208.6,3.6591027084240197,0.0
5210.6,3.659150262152131,0.0
5212.6,3.6591966333306782,0.0
5214.6,3.6592418850776047,0.0
5216.6,3.6592860768227076,0.0
5218.6,3.659329264524558,0.0
5220.6,3.659371500874654,0.0
5222.6,3.6594128354895594,0.0
5224.6,3.659453315091738,0.0
5226.6,3.6594929836797503,0.0
5228.6,3.6595318826884307,0.0
5230.6,3.6595700511396476,0.0
5232.6,3.659607525784181,0.0
5234.6,3.6596443412352633,0.0
5236.6,3.6596805300942585,0.0
5238.6,3.6597161230689452,0.0
5240.6,3.6597511490848413,0.0
5242.6,3.659785635389976,0.0
5244.6,3.6598196076535023,0.0
5246.6,3.659853090058504,0.0
5248.6,3.659886105389339,0.0
5250.6,3.6599186751138526,0.0
5252.6,3.65995081946074,0.0
5254.6,3.659982557492375,0.0
5256.6,3.658243400129796,0.075
5258.6,3.6582709944296106,0.075
5260.6,3.6582209253577775,0.075
5262.6,3.6581666463506877,0.075
5264.6,3.65810498174905,0.075
5266.6,3.6584375194596044,0.05702617430151173
5268.6,3.6584447158169193,0.0573937814925669
5270.6,3.6583387049048044,0.0606979459814084
5272.6,3.658233741780756,0.06389516902404445
5274.6,3.6581343077900055,0.06672750136482704
5276.6,3.658052360167929,0.07018946301253724
5278.6,3.6580373282716794,0.07330670953364486
5280.6,3.658124664865835,0.0719395388456666
5282.6,3.6580849460692897,0.07354134058193686
5284.6,3.6586047405122,0.05
5286.6,3.658601600245232,0.05
5288.6,3.6585988070651045,0.05
5290.6,3.6585963362831007,0.05
5292.6,3.658630410300559,0.05
5294.6,3.658653677860679,0.05
5296.6,3.658644900265791,0.05
5298.6,3.6586363601983978,0.05
5300.6,3.658628039514152,0.05
5302.6,3.658632772592618,0.05
5304.6,3.6586569201285277,0.04966493211229609
5306.6,3.658783506347092,0.04489046481775741
5308.6,3.6586872684328333,0.05
5310.6,3.6585962853931213,0.05414036483201004
5312.6,3.6559007377231207,0.1712116153354227
5314.6,3.6549235546755865,0.19906129748470802
5316.6,3.6541416535208215,0.225
5318.6,3.6541125603841276,0.225
5320.6,3.655638013485892,0.15
5322.6,3.650686980936031,0.36618294234024684
5324.6,3.6519759379713537,0.29567828374609606
5326.6,3.6520835126177187,0.279263615244251
5328.6,3.6515045179522114,0.3
5330.6,3.653941628752036,0.18846209626156643
5332.6,3.6538731622522875,0.18426251110914188
5334.6,3.654320494704993,0.16649851084752773
5336.6,3.653008267470229,0.2189544081095748
5338.6,3.652764273589851,0.2249819153590931
5340.6,3.654355589325903,0.1461196106033627
5342.6,3.6541945440146275,0.1514852447405711
5344.6,3.653144788462155,0.1981773526127223
5346.6,3.6469026426687954,0.46955527677164716
5348.6,3.6561484769806905,0.044689138960578176
5350.6,3.6539608972881954,0.14824992103884563
5352.6,3.65109406981351,0.27798208990478046
5354.6,3.651471867009272,0.25797277866769125
5356.6,3.6440076909465295,0.5699489759699892
5358.6,3.653138142340483,0.1538499561276292
5360.6,3.6532040914117023,0.1500632767310464
5362.6,3.6532150147365487,0.15123126431650633
5364.6,3.6530084712601925,0.16207465141919197
5366.6,3.653304233058485,0.15
5368.6,3.6511167076696798,0.25166848081418086
5370.6,3.6536124950049733,0.13436321307613794
5372.6,3.654412667172238,0.10000272601608767
5374.6,3.654408626936369,0.1
5376.6,3.655021999754271,0.075
5378.6,3.654465426912179,0.1
5380.6,3.659088272026434,-0.0942273123438555
5382.6,3.659596461329807,-0.10172143457690075
5384.6,3.6598540537656494,-0.1002054581085376
5386.6,3.6575328018113553,0.015650300297168393
5388.6,3.6561702278189574,0.0771813355248038
5390.6,3.6562607406343948,0.075
5392.6,3.6562049305650333,0.075
5394.6,3.6545006556915296,0.14758879389245708
5396.6,3.6566652812452953,0.050289219397428975
5398.6,3.6566933386083207,0.05
5400.6,3.651051174901178,0.29521344652659287
5402.6,3.6565018821317365,0.05
5404.6,3.65713601172323,0.025002414049911905
5406.6,3.658922538826856,-0.05016440089022359
5408.6,3.661348069206825,-0.1489054077074526
5410.6,3.658127948135206,0.0
5412.6,3.660964971676548,-0.11357627147188042
5414.6,3.662099990411837,-0.14999482247129317
5416.6,3.659056256651845,0.0
5418.6,3.6640115424345736,-0.21585855157427236
5420.6,3.6664531146647468,-0.3105716816336891
5422.6,3.6670961434962344,-0.3184499753378926
5424.6,3.659459447445389,0.023008815478685374
5426.6,3.6621571486048325,-0.09623345176252483
5428.6,3.662941517053247,-0.12437150234023682
5430.6,3.6676776625276197,-0.32665344202667745
5432.6,3.6605342153998337,-5.207655816801934e-05
5434.6,3.652928096151967,0.33433036290972057
5436.6,3.6588179429078047,0.05924687516403193
5438.6,3.653351152806163,0.3
5440.6,3.6532805134944706,0.2845543299260006
5442.6,3.6581995737037465,0.06260336335004543
5444.6,3.6580303279771065,0.06724813142547133
5446.6,3.6579130995583755,0.06812422799872887
5448.6,3.65888358953532,0.025110363985008627
5450.6,3.658893348346273,0.025
5452.6,3.659438902688501,0.0011489315854840225
5454.6,3.6585204785829415,0.0451148334283885
5456.6,3.6555128564590205,0.1712192355051928
5458.6,3.6300871992740094,1.2637140502958253
5460.6,3.6033050960711233,2.358012413843283
5462.6,3.6534055263697827,0.060700717376628244
5464.6,3.6847397340058254,-1.2873290319071975
5466.6,3.672234958469592,-0.6792740179785473
5468.6,3.6564788552211374,0.04996581217830674
5470.6,3.6467075034556036,0.4687979467183387
5472.6,3.634295399890469,1.0030867651766315
5474.6,3.621840510688069,1.4917499079081473
5476.6,3.638119355216317,0.7283099581175227
5478.6,3.644891511175458,0.40696603298423656
5480.6,3.64956520634246,0.19672483593886697
5482.6,3.6516322834523005,0.10827784857888992
5484.6,3.64402968409747,0.45192658814754144
5486.6,3.651290124707214,0.10458133924337411
5488.6,3.681264327329597,-1.204073317182797
5490.6,3.675227435303,-0.8654354390202682
5492.6,3.656426309626044,-0.002504042423870355
5494.6,3.6553489486672106,0.05
5496.6,3.655732567959178,0.0375000869158223
5498.6,3.6557123770094195,0.042604901705284325
5500.6,3.6558334820695277,0.04216558255145863
5502.6,3.6557822367723922,0.04829432585409748
5504.6,3.655843276149746,0.04657700807246233
5506.6,3.6559143510239016,0.047864182829253185
5508.6,3.6559471091382894,0.05
5510.6,3.6561212743091795,0.04442799945047602
5512.6,3.6562142662066677,0.04265124759659683
5514.6,3.6563857986834067,0.03754340063717839
5516.6,3.6567389672360644,0.025
5518.6,3.656806691848326,0.025
5520.6,3.6568694644642585,0.025
5522.6,3.656928841852366,0.025
5524.6,3.6402504150999704,0.7580431860131631
5526.6,3.632771377914352,1.0438451309864325
5528.6,3.645997060831277,0.4209391939532175
5530.6,3.637697996498896,0.7699777085621036
5532.6,3.624026728289657,1.3290766423014284
5534.6,3.644768589194808,0.3805692579149993
5536.6,3.644568749664228,0.38782179139212714
5538.6,3.6370901250805256,0.6922965110895792
5540.6,3.6367348320020203,0.6951216151827339
5542.6,3.6372909031801464,0.6336569862896133
5544.6,3.6282176086078053,1.0122632432458671
5546.6,3.631429160207895,0.8458189963649939
5548.6,3.6334023327325182,0.7329354846881504
5550.6,3.645888908644295,0.1757417358462692
5552.6,3.6438162632572215,0.2734763105031635
5554.6,3.643928643635138,0.2690633300061356
5556.6,3.649081978263063,0.05390586184924195
5558.6,3.6713299087911935,-0.9194548659880143
5560.6,3.681087329687277,-1.2867330536267814
5562.6,3.6645602709736016,-0.49077445122438795
5564.6,3.652621658483923,0.04993674199914825
5566.6,3.652833705189889,0.05
5568.6,3.6529852873491655,0.05
5570.6,3.653145492416745,0.04935754077940308
5572.6,3.653253088109654,0.05
5574.6,3.6533801010243083,0.04778236000188956
5576.6,3.653454384795025,0.04766388542339161
5578.6,3.653469368378982,0.05
5580.6,3.653522469105636,0.05
5582.6,3.653561988409727,0.05
5584.6,3.653601852762085,0.05
5586.6,3.6537281069945595,0.05
5588.6,3.6538506411639484,0.05
5590.6,3.6539696485620827,0.05
5592.6,3.6540853379521505,0.05
5594.6,3.654277777308011,0.05
5596.6,3.654388232742864,0.05
5598.6,3.6543755162086335,0.05
5600.6,3.6543601663999743,0.05
5602.6,3.654342330728976,0.05
5604.6,3.6543628463307587,0.05
5606.6,3.654399315557397,0.05
5608.6,3.651637926205321,0.17162921331481779
5610.6,3.6468612477408526,0.3758105582037397
5612.6,3.6537864044446695,0.05728221927553134
5614.6,3.6558365590302624,-0.025181931278967083
5616.6,3.6542161671655404,0.05
5618.6,3.6542528513369,0.05
5620.6,3.6542869654185415,0.05
5622.6,3.652440810817288,0.13298347567036323
5624.6,3.6517044169592516,0.1595226422408178
5626.6,3.6518939657227576,0.14950719069084467
5628.6,3.6504178716371802,0.21301265233867492
5630.6,3.641887295314233,0.5710475957054674
5632.6,3.628319786033972,1.1393212248992841
5634.6,3.6201470191393033,1.4308866837489878
5636.6,3.6410669728116973,0.462989792871882
5638.6,3.6451557249504756,0.282452539656799
5640.6,3.6542990850642556,-0.13652952506062277
5642.6,3.676225782578428,-1.0623631875692372
5644.6,3.6606857395682706,-0.3113055919915153
5646.6,3.653555094685539,0.02215034365217688
5648.6,3.6499839188838914,0.1819646432921164
5650.6,3.64096413058141,0.5693692950737729
5652.6,3.643768335404999,0.4254328054560166
5654.6,3.6414230643751573,0.5109832335450017
5656.6,3.6368481674738216,0.6989982790041018
5658.6,3.6338319419955174,0.8049380029036693
5660.6,3.631060769460427,0.8878757121247133
5662.6,3.638011027390099,0.5613675898388363
5664.6,3.6373128352951336,0.5597472649857294
5666.6,3.631811764054935,0.7958043586852529
5668.6,3.639714038712586,0.41444310907592585
5670.6,3.6330178149007977,0.7012062944449619
5672.6,3.631161498304817,0.7544459530353009
5674.6,3.635712216677226,0.5317214855870674
5676.6,3.642951918229221,0.21029813758980248
5678.6,3.646747676535833,0.060026170840435815
5680.6,3.6373779060429072,0.4699788501327572
5682.6,3.6416912732478384,0.27088642141064173
5684.6,3.6411198877045035,0.3047765056315738
5686.6,3.643565869154313,0.18480066898048675
5688.6,3.646710194555092,0.0553930268856163
5690.6,3.6470506392997346,0.050742550128241394
5692.6,3.635694864161222,0.5725867410447272
5694.6,3.631292855371744,0.7437243233762043
5696.6,3.6307896757647593,0.7367281980865398
5698.6,3.624365711962783,0.9899213412054618
5700.6,3.614106865967641,1.3952801025631383
5702.6,3.622632929579672,0.9792755303188755
5704.6,3.6250480809117946,0.8402626874846165
5706.6,3.6239763183034164,0.8586971377051467
5708.6,3.6405378219716034,0.10977349806952282
5710.6,3.642052338315606,0.06181825720535197
5712.6,3.6424901796558142,0.06169551407456549
5714.6,3.6461491808246316,-0.08028102118563395
5716.6,3.6465669695213565,-0.07643273096121822
5718.6,3.6348689634306544,0.4570433262521425
5720.6,3.6377689514115517,0.3185404962135469
5722.6,3.631938208968965,0.5873136688625357
5724.6,3.6423272562520554,0.10939473619257573
5726.6,3.64356784809172,0.068320993780185
5728.6,3.6440073719751545,0.06219999659037491
5730.6,3.6442011599622637,0.06565661467810245
5732.6,3.6458922566716065,-0.0046796834476296525
5734.6,3.666096258907,-0.8493851569507131
5736.6,3.674157632242368,-1.1420184227625472
5738.6,3.667189464993492,-0.7755821070751251
5740.6,3.6585856851226333,-0.3539128500665763
5742.6,3.6497754989934656,0.04958670327582698
5744.6,3.6497708999673617,0.05
5746.6,3.6498321613384483,0.05
5748.6,3.6500819511209732,0.04201768243936279
5750.6,3.650216429757339,0.03868682090943149
5752.6,3.649971336450959,0.05
5754.6,3.649966988584784,0.05
5756.6,3.649988293818624,0.05
5758.6,3.634638245953053,0.7242985626461639
5760.6,3.6221578378357684,1.2227771651221668
5762.6,3.611408748881926,1.6684018279596011
5764.6,3.6451553233499734,0.09807497743207667
5766.6,3.6449853644077983,0.10722720231840845
5768.6,3.6465010018739337,0.04608839480465165
5770.6,3.6478321183804923,0.0031466947711857865
5772.6,3.6334446963813907,0.63957632428288
5774.6,3.622355409637047,1.0921822662032508
5776.6,3.6192572067484443,1.1874362365955438
5778.6,3.613876938245801,1.3686133777095055
5780.6,3.6189785985545657,1.0927581910565705
5782.6,3.6182539247973886,1.0831820757515833
5784.6,3.617218266723351,1.0969688101275326
5786.6,3.640529916764019,0.061125983169092936
5788.6,3.6326440287828716,0.4209032481280908
5790.6,3.6257942823426985,0.70839812490495
5792.6,3.6403088584744774,0.06969713437121211
5794.6,3.6406296974397763,0.07034199165248516
5796.6,3.640567788067667,0.08901661104313056
5798.6,3.6411870438264704,0.076252808956501
5800.6,3.641446217775166,0.07875240413334238
5802.6,3.6417639755780717,0.07722106691707223
5804.6,3.6303362583421506,0.5805728869412302
5806.6,3.629795768330949,0.5862779416198761
5808.6,3.624423831281374,0.7964220795785736
5810.6,3.63337213361057,0.3811647375774303
5812.6,3.633424474973726,0.373401957670148
5814.6,3.633334007061899,0.3805909418330676
5816.6,3.633086131877089,0.39117617698797685
5818.6,3.640389122329938,0.07654310302658308
5820.6,3.6264955387402256,0.675215684957477
5822.6,3.639814545395727,0.08620206082777791
5824.6,3.640904941115036,0.05072025092248762
5826.6,3.6408792687603024,0.06342994339080785
5828.6,3.6737172125260225,-1.3220987012587677
5830.6,3.668451273504793,-1.035789927779311
5832.6,3.662668854295867,-0.7442807517365728
5834.6,3.6608969779219933,-0.6128183881489039
5836.6,3.6559336990050335,-0.34998905721588347
5838.6,3.6469328260956075,0.056915559175168294
5840.6,3.6295704229116197,0.7996012267602178
5842.6,3.635369610260443,0.4989081509733795
5844.6,3.6140760060565795,1.4102583894072076
5846.6,3.6136907595828367,1.3573226089281556
5848.6,3.6286705824725014,0.6496728097695531
5850.6,3.641539655172,0.06594168651923991
5852.6,3.6416599882802836,0.07055488883292296
5854.6,3.642086209180431,0.06124181393889663
5856.6,3.6423289942578077,0.0611997921958938
5858.6,3.634197409158445,0.42381536233922756
5860.6,3.633968741174467,0.4293937354620735
5862.6,3.6407951220616694,0.11753366507813764
5864.6,3.6421638082410492,0.06282072807458987
5866.6,3.64237139312759,0.06020956485493543
5868.6,3.6423559763627575,0.0668567487124321
5870.6,3.655269156052962,-0.46979535680495377
5872.6,3.63531241174975,0.43094247185312207
5874.6,3.6611189614978246,-0.7024527996534478
5876.6,3.6442197513829098,0.07984152135384422
5878.6,3.6111076917922,1.494692090321519
5880.6,3.631904527369597,0.5100851899164781
5882.6,3.6410114192598337,0.1120246033616447
5884.6,3.6412142845499287,0.11032500289646979
5886.6,3.604724110236944,1.6828579040625156
5888.6,3.6192698143341326,0.9723968219164696
5890.6,3.639593156614322,0.04872482713607452
5892.6,3.664586579754274,-1.0130105596351417
5894.6,3.6501726358617717,-0.3425539497348391
5896.6,3.6417045000256043,0.05106199074432945
5898.6,3.6417704085298603,0.055356716556899846
5900.6,3.6418782279046704,0.05719282357799486
5902.6,3.6189505930499726,1.0713063089599195
5904.6,3.6078317748818187,1.5072597729645096
5906.6,3.591040141723687,2.1475736414511664
5908.6,3.636787751439524,0.07002679016114535
5910.6,3.6375210062146914,0.052195580305574044
5912.6,3.637479858392065,0.06753925802022065
5914.6,3.6379895018361985,0.05764368690990147
5916.6,3.637612489346053,0.08681141043678514
5918.6,3.6370471073079793,0.10314242584089586
5920.6,3.604118050047229,1.522397528337948
5922.6,3.6073864296624,1.331648675147887
5924.6,3.5978725456623675,1.7010973538538163
5926.6,3.613133256409713,0.98476827835344
5928.6,3.6337925512055382,0.031189743818292346
5930.6,3.63402166856174,0.04293449774284796
5932.6,3.611732529250002,1.0441593302109402
5934.6,3.6051856617834552,1.2797685383062396
5936.6,3.608255381869545,1.1019664235792943
5938.6,3.6136896132221805,0.8472936407066282
5940.6,3.6315995286105798,0.05751313598654976
5942.6,3.627285043222121,0.25951311797027793
5944.6,3.6167912835678147,0.7232857157300584
5946.6,3.6229499217776207,0.4600431785707487
5948.6,3.6189325605840565,0.6205519333455642
5950.6,3.6320644976164322,0.05400695377901332
5952.6,3.632196491045477,0.06647149559377198
5954.6,3.6326401675400324,0.06405838561324297
5956.6,3.6129763351219273,0.9442399654028001
5958.6,3.6025876906813172,1.3826333737052712
5960.6,3.5964920930367907,1.5954978651189173
5962.6,3.61919303400126,0.5398589572381897
5964.6,3.6302885520741874,0.06391327154985878
5966.6,3.61514241731008,0.7396955148742014
5968.6,3.6151070895682578,0.7220999538178376
5970.6,3.6299922033226824,0.06322131520068354
5972.6,3.6202909813984645,0.5035239212748448
5974.6,3.6024847765494767,1.2796204131823188
5976.6,3.6254933612906584,0.22355622116853438
5978.6,3.625576006778685,0.23098859051318713
5980.6,3.6143499057336377,0.7307954638860689
5982.6,3.6140059352867944,0.7333855978726355
5984.6,3.6129862465988345,0.7541067260211394
5986.6,3.6125885970952596,0.7567931141138277
5988.6,3.613610702451117,0.6916856133269036
5990.6,3.627953365845629,0.06852313621521451
5992.6,3.6282951562959767,0.07633855802589563
5994.6,3.627086668928717,0.15170363375243834
5996.6,3.627804641513219,0.1370950197237784
5998.6,3.624749327871285,0.28324234348806904
6000.6,3.610412981285434,0.8876084364686553
6002.6,3.6068814088658474,1.0193863047446525
6004.6,3.6050864033055596,1.067834006824835
6006.6,3.6052781679858383,1.0210129884384456
6008.6,3.6175065935222137,0.4694987662763627
6010.6,3.6113808177120768,0.7323939824671247
6012.6,3.6093604864394164,0.8069687385089656
6014.6,3.609272131553042,0.782311627615476
6016.6,3.6083369130564553,0.8083764782107293
6018.6,3.605783087257021,0.9100788611799394
6020.6,3.5990073045915336,1.1769409232997812
6022.6,3.600532929565018,1.0775410112950154
6024.6,3.5996081876541046,1.0921574002163827
6026.6,3.5991982819900006,1.089518570624026
6028.6,3.6036972733964263,0.8854569785589669
6030.6,3.5952264815695716,1.2266654292224615
6032.6,3.595449442312999,1.1848274784951187
6034.6,3.5934779358815643,1.2458794380918132
6036.6,3.593049328003385,1.2306175546208085
6038.6,3.5925684679791763,1.221583673616535
6040.6,3.5916859038838647,1.2241343633744204
6042.6,3.6162721126060093,0.13713166777433447
6044.6,3.6071951319268507,0.5607386717993211
6046.6,3.619571381091366,0.034801758203925955
6048.6,3.5853593185431056,1.5053727899390665
6050.6,3.585041913178327,1.479944786027678
6052.6,3.587035851229643,1.341144533621202
6054.6,3.5874838857737243,1.2992031418788441
6056.6,3.61418822695,0.12189613020810067
6058.6,3.5982952161946344,0.8325747119119491
6060.6,3.5576700815928466,2.559959174234332
6062.6,3.5544615468911895,2.6005301698513636
6064.6,3.55441953430583,2.5159433922390178
6066.6,3.551820254462698,2.5318306177232675
6068.6,3.605123881435226,0.1164295812478986
6070.6,3.6101753645230175,-0.060937882135664825
6072.6,3.610927876521668,-0.05003554516350596
6074.6,3.592269299427607,0.8028507076412634
6076.6,3.612450499050143,-0.06278307635748571
6078.6,3.6127544139402272,-0.033973559874292805
6080.6,3.613259353945782,-0.01602836896353285
6082.6,3.6142238888898324,-0.021343993743572105
6084.6,3.6147199391142326,-0.00861076976177258
6086.6,3.61528734509973,-0.0010898158603309177
6088.6,3.563733516315231,2.2221965714342775
6090.6,3.5807997453976403,1.3912217163839484
6092.6,3.5895022143715103,0.9916772247776804
6094.6,3.5858208830608533,1.12770688748775
6096.6,3.5777730275067894,1.4377821653528284
6098.6,3.580153652393032,1.3073421566296293
6100.6,3.5791990806855054,1.3156756430722536
6102.6,3.572005135573319,1.5942490854562779
6104.6,3.5707751837022625,1.6020507028412785
6106.6,3.5703175006539993,1.5757557991383218
6108.6,3.553541571762291,2.2872664869535666
6110.6,3.57704752820069,1.2059499986172204
6112.6,3.5788243737208667,1.1249924611560018
6114.6,3.5821438195205255,0.985309072415266
6116.6,3.6075337461690484,-0.11302100856128242
6118.6,3.5845824383066254,0.9519766724272363
6120.6,3.60197025557788,0.17112989182850297
6122.6,3.603103066732732,0.16701249320648803
6124.6,3.583663946330769,1.039801085763367
6126.6,3.60968712331653,-0.11912234630441328
6128.6,3.604416039577723,0.16417467021532023
6130.6,3.58363447567122,1.1157961153551852
6132.6,3.5749592300166118,1.4727918250989922
6134.6,3.5753390483749774,1.4282373769068843
6136.6,3.5783260902870393,1.2711224147730007
6138.6,3.5655297091730533,1.8326931685781378
6140.6,3.5630724455079203,1.8929990823015
6142.6,3.5620258872070205,1.8991526681750774
6144.6,3.559230690638974,1.996005839102451
6146.6,3.5583700336646493,1.9998837398884437
6148.6,3.5572296210832723,2.009053840092142
6150.6,3.5569716599801535,1.9910748143780983
6152.6,3.5553940371200525,2.020064400448917
6154.6,3.555030773126377,2.0109452001393175
6156.6,3.5735157745717605,1.150350648769358
6158.6,3.573698290855036,1.1580181636840312
6160.6,3.600070343465805,0.015797907296744882
6162.6,3.5943194433650643,0.3441441147109233
6164.6,3.5902712714831555,0.5785953902237738
6166.6,3.575953287749522,1.241082536440843
6168.6,3.5758296476563034,1.2335308106687686
6170.6,3.575917958660801,1.234037313357599
6172.6,3.573026919797172,1.3484108438385596
6174.6,3.573553233381932,1.319361518844798
6176.6,3.5731836563035104,1.3132245998947003
6178.6,3.588107520551826,0.6317923072906514
6180.6,3.652206468084182,-2.223856205509197
6182.6,3.6001468644978294,0.2396427158220229
6184.6,3.587556284357672,0.8355630610995721
6186.6,3.5818822265101113,1.0836723877648624
6188.6,3.5793356996099672,1.1886672795993247
6190.6,3.573942562655942,1.4162240041108625
6192.6,3.570444447450963,1.5449274983424757
6194.6,3.572714056458028,1.4095139371595902
6196.6,3.573327494405324,1.3629459587330184
6198.6,3.5732958398923853,1.3423019541473313
6200.6,3.572346447831526,1.3529210439334558
6202.6,3.572205327217455,1.344572770079735
6204.6,3.5704912543724663,1.396842970167348
6206.6,3.5708439162974077,1.3684952050556711
6208.6,3.5701548956705325,1.3739959425239074
6210.6,3.569717606175624,1.3763185901365553
6212.6,3.6021787096901536,-0.09495589045149651
6214.6,3.6030376323824274,-0.08468017237560677
6216.6,3.578880086002464,1.0401525831352603
6218.6,3.5477060022646816,2.4072396824717637
6220.6,3.550796065222291,2.196291731582386
6222.6,3.563877068553194,1.5470646907614085
6224.6,3.5631901302639437,1.5621006403456377
6226.6,3.5629154857988867,1.5394758175776826
6228.6,3.5995790508214163,-0.11230084820036279
6230.6,3.583357468358457,0.6735290458608031
6232.6,3.5829319303321547,0.7087287199495731
6234.6,3.5852221335567194,0.6184188055039305
6236.6,3.585464764727633,0.6228420126010956
6238.6,3.577556424781634,0.9984080552639055
6240.6,3.5737811459620143,1.1576409487541293
6242.6,3.583277672308941,0.7078759613161477
6244.6,3.582802789207883,0.7439735121807572
6246.6,3.565864244603332,1.5083714979291325
6248.6,3.564614780539775,1.52642630015615
6250.6,3.551588114351585,2.065536921220934
6252.6,3.55684961629685,1.7742444999913747
6254.6,3.5691778981474713,1.1851553142751428
6256.6,3.5690679327894954,1.1792152672053187
6258.6,3.562284206356418,1.4778519127156244
6260.6,3.559479399447156,1.5703543044646213
6262.6,3.5852243814118214,0.38366016440508666
6264.6,3.5717558413477057,1.0183739010056314
6266.6,3.5612761864781746,1.4818350585774496
6268.6,3.560131986972678,1.502300864105843
6270.6,3.559653809399681,1.5080981944068805
6272.6,3.5494448913925107,1.9386939760297768
6274.6,3.547092412487902,1.987141661337331
6276.6,3.5940115703483815,-0.11852047977022914
6278.6,3.574089102417637,0.8317699302321153
6280.6,3.5709663316351663,0.9776386701497365
6282.6,3.561908504972155,1.3843812749418545
6284.6,3.5595803900010177,1.4644538829319114
6286.6,3.5584961592155397,1.4769211492759502
6288.6,3.5677401278960805,1.0330835147468016
6290.6,3.5667889150877397,1.074587125847429
6292.6,3.5670963632239374,1.0623308187776048
6294.6,3.5594618566016636,1.3991398654148508
6296.6,3.5612240320913324,1.2990059996554844
6298.6,3.5607386890417625,1.3077476544790905
6300.6,3.5576336392155845,1.4232718884179483
6302.6,3.5560930786143508,1.4615991315981125
6304.6,3.5567076898850813,1.424949356910459
6306.6,3.555729624154708,1.4374720395177314
6308.6,3.586078070114352,0.05046548721927393
6310.6,3.5697098467521804,0.8421279753571549
6312.6,3.59164798136367,-0.11619046268361422
6314.6,3.5762404827293457,0.618709094228616
6316.6,3.575243153629673,0.6797386251908402
6318.6,3.5881110661368543,0.09977341986684647
6320.6,3.593555082945147,-0.10022727179158362
6322.6,3.5940598861116766,-0.0767999914842132
6324.6,3.5948550416665417,-0.07061950496529752
6326.6,3.5957723162214905,-0.07323188415987154
6328.6,3.5957972026953975,-0.03946718906980333
6330.6,3.5967485946434987,-0.05071256777397771
6332.6,3.597061744084389,-0.03425687088847655
6334.6,3.5977489662735636,-0.03711170217851907
6336.6,3.598038107572313,-0.024427179646177414
6338.6,3.5828451136959467,0.6757972396297226
6340.6,3.590532822192996,0.3072969987599416
6342.6,3.569984661701106,1.2300526731854562
6344.6,3.598166862828398,-0.07331726706579744
6346.6,3.5845610073730247,0.5577008446531924
6348.6,3.583580623398084,0.5952238705583998
6350.6,3.578240513446411,0.8478956789529097
6352.6,3.5755264509159823,0.9533262212585452
6354.6,3.5763403643968465,0.8894147970243416
6356.6,3.5782709299049915,0.782390837311407
6358.6,3.56921496929206,1.1664689555948269
6360.6,3.5679268665921655,1.1968640683115632
6362.6,3.5636166013824533,1.35
6364.6,3.540105424250223,2.356250107033524
6366.6,3.538484143881765,2.329429355742625
6368.6,3.5424604178498744,2.0702385702072346
6370.6,3.5773216071802927,0.41963755570579914
6372.6,3.589784054783433,-0.09498549086577765
6374.6,3.5902202125741978,-0.06663107260419004
6376.6,3.5643350674895613,1.1273355547708075
6378.6,3.5372996772890315,2.3006852979066648
6380.6,3.5325192303991977,2.4310353603847634
6382.6,3.5357980717262274,2.2114298558483902
6384.6,3.5809821956031036,0.17975596267175215
6386.6,3.5606304518017913,1.0990003746077872
6388.6,3.548644353969992,1.6285868426077539
6390.6,3.5488488975831114,1.5655127436666523
6392.6,3.58551107681612,-0.0645014912495969
6394.6,3.572311792088829,0.5573208364372486
6396.6,3.5725631515785152,0.5679893289687923
6398.6,3.5866798500793022,-0.04744368733505967
6400.6,3.5873460741588943,-0.033208933689576996
6402.6,3.5883225316809013,-0.03626794336456632
6404.6,3.5888296242427,-0.021331816188309802
6406.6,3.6372917889879006,-2.099135120852134
6408.6,3.625861160777924,-1.4510761478225023
6410.6,3.593339460967192,0.09615936046622264
6412.6,3.594068676560083,0.07456334490941283
6414.6,3.5943570066186905,0.07533790518091621
6416.6,3.5948167063148,0.06646165240531617
6418.6,3.5950550032306743,0.06247674266919416
6420.6,3.616904915360038,-0.9033966712591472
6422.6,3.615048591267599,-0.7635514909307912
6424.6,3.5977861887297893,0.04235343080565367
6426.6,3.5851500597318653,0.6226673970895501
6428.6,3.564424976200295,1.503390656830948
6430.6,3.5057408360265305,4.016235685844628
6432.6,3.5003361572284697,4.061960396156528
6434.6,3.5211781431825706,2.9426387066078887
6436.6,3.586451930872466,0.010765450102573364
6438.6,3.587476943194808,0.002433558587620659
6440.6,3.5882061680963275,0.005338053477154124
6442.6,3.5696260477105324,0.8406254996721503
6444.6,3.5678306595406637,0.9108726884342603
6446.6,3.56294244937587,1.1113476868218959
6448.6,3.587046381527308,0.025210661121275506
6450.6,3.5877499390971215,0.02562762430653396
6452.6,3.5726204650388866,0.7269889637018516
6454.6,3.5683205954682444,0.907561948463721
6456.6,3.5600822713330094,1.2629835272331167
6458.6,3.558780253665557,1.2880618852420154
6460.6,3.5767856029947778,0.4566841988872841
6462.6,3.5609790984486676,1.186704783361458
6464.6,3.553960677659109,1.462645057262525
6466.6,3.545519786279729,1.8098044773889321
6468.6,3.46877271880393,5.119433181631027
6470.6,3.523703377291945,2.4693864060728186
6472.6,3.4095440014810094,7.434093503418172
6474.6,3.3008099466601433,12.109086568539647
6476.6,3.2550311315949623,13.559448346634262
6478.6,3.2210701799997126,14.426947507618243
6480.6,3.5403975481624355,-0.23984350734532697
6482.6,3.543041891971277,-0.2115563511170789
6484.6,3.545436465024857,-0.179928196199893
6486.6,3.546597460441783,-0.0955348576310236
6488.6,3.497587669140208,2.1460609363456764
6490.6,3.5504001439754185,-0.15808175410579603
6492.6,3.5534030191800765,-0.18926476320931124
6494.6,3.5551776766494316,-0.1637432472508698
6496.6,3.5577644935427197,-0.18083494792307095
6498.6,3.5588597281769103,-0.13226092750971524
6500.6,3.561157846737622,-0.15121142065858345
6502.6,3.561798987117415,-0.10139367064558666
6504.6,3.563150084910297,-0.08324431537612134
6506.6,3.541885091158775,0.9215058892229772
6508.6,3.537995689175619,1.1124198088092485
6510.6,3.5367414723247426,1.1651347116624045
6512.6,3.5346978739849053,1.2464354075903614
6514.6,3.5331986059459357,1.3145337994801245
6516.6,3.525923248379371,1.6233579134733755
6518.6,3.5211098343688403,1.8096173029947855
6520.6,3.50384203127117,2.53856271918706
6522.6,3.50247143755988,2.524771131173847
6524.6,3.507889262457694,2.2137893227773437
6526.6,3.5072102428726866,2.2019274964810904
6528.6,3.50007460481,2.45845270149758
6530.6,3.4970912321402436,2.537605156582927
6532.6,3.496621782744191,2.5021968281518894
6534.6,3.4755777184375076,3.3506125738317576
6536.6,3.495810121402152,2.376947577635301
6538.6,3.515331627471615,1.4733852879838933
6540.6,3.5184476890410066,1.3439629475045651
6542.6,3.525706731591153,1.0435231693624962
6544.6,3.506885563232123,1.8712473627592496
6546.6,3.512090655478876,1.6139513414830144
6548.6,3.5516599012068513,-0.1111913824400555
6550.6,3.5530794259542975,-0.0975239344192543
6552.6,3.554770358836903,-0.09860016531047015
6554.6,3.556629427010588,-0.11287829345946614
6556.6,3.5575530177186905,-0.09187875552692615
6558.6,3.53439736133749,0.9735758306159995
6560.6,3.521793013185396,1.5195553238509003
6562.6,3.520458747101994,1.551080744734353
6564.6,3.5148708976734824,1.7681073872283024
6566.6,3.499046387032632,2.426913093281796
6568.6,3.519507892913124,1.4523939921550302
6570.6,3.5538038621778427,-0.02340618878805699
6572.6,3.5543935507122892,0.006198935253362934
6574.6,3.5562845420323805,-0.02556906846733373
6576.6,3.557190781498866,-0.015889168625359176
6578.6,3.5582529185983036,-0.016165027038383656
6580.6,3.5591929063045407,-0.01350571932993516
6582.6,3.5599127175162355,-0.0035101582920498715
6584.6,3.548253852675375,0.546572878237542
6586.6,3.548426501520645,0.5468180066898035
6588.6,3.5494126638370966,0.5128706248390688
6590.6,3.5495021043725044,0.5180534901813693
6592.6,3.5484396631311457,0.5817196801704783
6594.6,3.5206460495804905,1.791741331414965
6596.6,3.50108896555048,2.5799513426569773
6598.6,3.5216166496861305,1.6107832524807695
6600.6,3.519577078317713,1.6710422404885135
6602.6,3.49749314297155,2.5799347400810873
6604.6,3.5114685603500697,1.8684795139812012
6606.6,3.5582449030870027,-0.2366746182786542
6608.6,3.555812934862732,-0.0743290406821088
6610.6,3.538190014510221,0.7435251254307721
6612.6,3.5411840475976093,0.6020721705261181
6614.6,3.5384884449014953,0.745871278568182
6616.6,3.5566796911576617,-0.04841019565279488
6618.6,3.5524887001581424,0.18185425574378072
6620.6,3.537052216270924,0.8611226360501119
6622.6,3.5223574015101673,1.5042627588347846
6624.6,3.5159372237629825,1.7484237246517518
6626.6,3.5211632858879818,1.4675768750234772
6628.6,3.5191997027385726,1.510590063463654
6630.6,3.5549715354365303,-0.06272018904400899
6632.6,3.5551804872757202,-0.024305979459608745
6634.6,3.5562414217219565,-0.02837305220050798
6636.6,3.651604496846438,-4.2136479426445845
6638.6,3.6447013538157393,-3.6508426223537858
6640.6,3.563675032615614,0.06841967661152297
6642.6,3.564454060666088,0.054975248933866405
6644.6,3.5964081092577787,-1.285903292447499
6646.6,3.584034552357346,-0.6900316572985832
6648.6,3.569479573438263,-0.025231004470015035
6650.6,3.543868316005929,1.1021225652004574
6652.6,3.5350894777896,1.4215010578927505
6654.6,3.5038813022176885,2.739766520182201
6656.6,3.5458747926959067,0.7694360204893574
6658.6,3.56285130528181,0.03192394234414132
6660.6,3.5160753368095143,2.068692229335636
6662.6,3.5291546783467362,1.3994784713024542
6664.6,3.5598099119276347,0.029187209982000098
6666.6,3.5385476015295914,0.9741412220932802
6668.6,3.558438245563869,0.0797538353709138
6670.6,3.55434146274211,0.2850031049459368
6672.6,3.544256260236873,0.7333591728108759
6674.6,3.5256152677418595,1.538788177746091
6676.6,3.4507519823904755,4.581274466499024
6678.6,3.586397483009719,-1.4033556706195134
6680.6,3.5571339834521583,-0.027179534380009508
6682.6,3.5370377735108134,0.858970360452969
6684.6,3.540644250259455,0.6971534428988249
6686.6,3.5566178479896693,0.013975156191112607
6688.6,3.534070409306379,1.0053293747012835
6690.6,3.5273355282899805,1.2913914965911837
6692.6,3.5365296814212757,0.8475484002174255
6694.6,3.5304621591310266,1.1064525819218058
6696.6,3.5279012332785484,1.1919832876677832
6698.6,3.555223151699527,-0.028332814773612616
6700.6,3.555340414498268,0.0012424580342615065
6702.6,3.535618551134649,0.8809350014345193
6704.6,3.5532950426292125,0.1019731115869008
6706.6,3.55593725667122,0.017740593053997927
6708.6,3.554141368526802,0.12603063210418644
6710.6,3.5302462470299747,1.1785585281664974
6712.6,3.5230682582506714,1.4494948181897749
6714.6,3.545446682900214,0.43671914600880424
6716.6,3.555880254592103,0.0016921303234438047
6718.6,3.5566758595894687,-0.0023618366837063667
6720.6,3.557062433726375,0.010026476359760133
6722.6,3.557744418777151,0.007672574720371679
6724.6,3.556046228817346,0.09833127724769737
6726.6,3.558724773214002,0.005243474587722392
6728.6,3.5591551712634657,0.010587722827170529
6730.6,3.6612774873957434,-4.342422343988907
6732.6,3.5628794515768045,0.07872256722367289
6734.6,3.5561112128753583,0.3756768562560492
6736.6,3.557241271917708,0.32584702053193493
6738.6,3.556373630313586,0.36197537499324856
6740.6,3.5562284046246875,0.35482981717771794
6742.6,3.5559539254944954,0.35957957782184335
6744.6,3.550642574009218,0.5903735508313508
6746.6,3.5491479196398945,0.6335626507488733
6748.6,3.5468492104808726,0.7225848159942043
6750.6,3.5324706723322774,1.3296499639100994
6752.6,3.5460484938716044,0.6896392655777768
6754.6,3.5447661107765858,0.7317488844374885
6756.6,3.5370484823771835,1.0492642263061722
6758.6,3.5353974214141752,1.0817808767339698
6760.6,3.5347758447144675,1.0822959858451822
6762.6,3.5358183351819306,0.998417588994896
6764.6,3.540391066511214,0.7771959049223977
6766.6,3.542503010771328,0.6741409372275116
6768.6,3.5419295343815276,0.6826085853897336
6770.6,3.5355124034835437,0.9587217466319956
6772.6,3.5362022798632182,0.9086710334302014
6774.6,3.5359855853941826,0.8948173203492193
6776.6,3.539310948310957,0.7447585719861209
6778.6,3.538844003121593,0.7549425465433178
6780.6,3.538286559879122,0.7614618223461275
6782.6,3.5382656769836975,0.7597877955769748
6784.6,3.537965517982146,0.7551264090900698
6786.6,3.538707181646412,0.7207934931294515
6788.6,3.553619291042017,0.07431217980349322
6790.6,3.5547408465436243,0.05159899427166517
6792.6,3.554167961182429,0.10218731860391145
6794.6,3.5478687512085325,0.3783098497869989
6796.6,3.5477218451642862,0.38758405395333756
6798.6,3.5484145653922297,0.36507254391293786
6800.6,3.5486737643377353,0.35758538381071936
6802.6,3.5356541379910262,0.9247765635339344
6804.6,3.532291929573788,1.05925059646112
6806.6,3.53858764518108,0.7539946462707451
6808.6,3.524442090593249,1.3486399677005918
6810.6,3.5339504202424963,0.9142840238858161
6812.6,3.5507133833744837,0.183401935410109
6814.6,3.5157432359923706,1.6952689763595423
6816.6,3.5388531403282806,0.6294448288101041
6818.6,3.5447271803377016,0.3790442342431181
6820.6,3.5277917618989947,1.1336936636327104
6822.6,3.5367474460723245,0.7225117217254542
6824.6,3.5295223941496987,1.0304345197881295
6826.6,3.525012231414007,1.1981092023913757
6828.6,3.5242709415167925,1.2050696859295909
6830.6,3.5353342545176103,0.702853105699738
6832.6,3.5429654482008077,0.38329240707594353
6834.6,3.5501757200776445,0.07831011167986296
6836.6,3.550705883963561,0.08106218818243852
6838.6,3.551405950920358,0.07505927417342236
6840.6,3.5940822341323386,-1.7264385922453014
6842.6,3.593975347189483,-1.616982624847085
6844.6,3.580314058961776,-0.919341732459305
6846.6,3.55885770611492,0.08540928913167344
6848.6,3.6075345271150394,-2.0118791053320924
6850.6,3.562067687901596,0.06826752079155067
6852.6,3.562573208731855,0.05152166796018729
6854.6,3.562490683091871,0.06316998269538678
6856.6,3.5835760140613586,-0.8594480305753286
6858.6,3.5633114099501046,0.05043454962661681
6860.6,3.563496990081576,0.050737539346268526
6862.6,3.5551390919645236,0.4258858506248665
6864.6,3.5454866596259467,0.8148195247244796
6866.6,3.5473229195088933,0.713061660502873
6868.6,3.546581292100229,0.7099965037009344
6870.6,3.5484792812994486,0.6035839928623742
6872.6,3.5479594644042343,0.6117861516702788
6874.6,3.5453358838186166,0.6995339065145871
6876.6,3.5446971524103588,0.7065096181030697
6878.6,3.559541981995578,0.059501773788471234
6880.6,3.559737506807969,0.06133956552768946
6882.6,3.5600708963574466,0.05538636696433037
6884.6,3.5535809133192484,0.3517675171751608
6886.6,3.5453522605646413,0.6985200372753094
6888.6,3.5515391201825377,0.41184186364539915
6890.6,3.5552900786833668,0.24997611512186735
6892.6,3.555244386021801,0.24792471213858436
6894.6,3.551682636490487,0.4061838902289628
6896.6,3.5491889115551736,0.4983688145292356
6898.6,3.5490312852802774,0.5016888411618631
6900.6,3.5416030153856983,0.8043496048863741
6902.6,3.5421212063917467,0.7570239095370643
6904.6,3.5424160138232863,0.7281701281333041
6906.6,3.5571399683017746,0.08127507728883598
6908.6,3.5531419489739333,0.26669201364161244
6910.6,3.552974269904767,0.27472360793673056
6912.6,3.5505352982615532,0.363714982120606
6914.6,3.5501183440186934,0.3792614539863154
6916.6,3.549704656649602,0.3963766397625099
6918.6,3.5487370813169212,0.43953418964746926
6920.6,3.5437930385844707,0.6393947178213558
6922.6,3.5566139925579465,0.06770123729268755
6924.6,3.5569889575589673,0.06910182861257506
6926.6,3.5546572733778232,0.1861888519573399
6928.6,3.55785540190781,0.0478968353351515
6930.6,3.55248055302095,0.2883259415508295
6932.6,3.586499363006835,-1.1777948663759383
6934.6,3.558047139413137,0.10399928692740219
6936.6,3.5502175997187124,0.4560629462907259
6938.6,3.542057802091517,0.7964738792553667
6940.6,3.538179809958267,0.9358991043487721
6942.6,3.530484834009819,1.2297864931991431
6944.6,3.5276973318580613,1.3036148256680253
6946.6,3.5267648191881613,1.3068868434794487
6948.6,3.53142229427734,1.0625823995744579
6950.6,3.5414326131247185,0.6004954143316676
6952.6,3.5499234375884967,0.22616380369895375
6954.6,3.5429657406578543,0.5405406759131819
6956.6,3.541280175956413,0.6081719588698734
6958.6,3.5408169715947078,0.6068958044317946
6960.6,3.5341801730794966,0.8984508461197448
6962.6,3.5366741476214165,0.7613455120682309
6964.6,3.551616164050558,0.10296065010165921
6966.6,3.552552167229802,0.080971112973865
6968.6,3.5528334852886707,0.08592810237832568
6970.6,3.55311357604299,0.08886919574788
6972.6,3.5774577128134486,-0.9486075337733978
6974.6,3.574067710249324,-0.7341546219098355
6976.6,3.556139696869312,0.08852230921984607
6978.6,3.5602145824083324,-0.0802168822067102
6980.6,3.584612869112851,-1.0428699585475585
6982.6,3.5581391399234037,0.07180770945190572
6984.6,3.556217348074954,0.15681645049642626
6986.6,3.549284250361386,0.46086673125488364
6988.6,3.4913948037519544,2.94468399569467
6990.6,3.5008666379306526,2.385098507592556
6992.6,3.5262179072710893,1.2253850571455178
6994.6,3.525362741911784,1.2220349431651003
6996.6,3.514916364387449,1.6240728930212847
6998.6,3.4735726678045586,3.320938176610443
7000.6,3.5367503715562445,0.463939918153647
7002.6,3.521458373081244,1.1319138448402493
7004.6,3.5456837989356647,0.07422066742688609
7006.6,3.546426597304865,0.07056861881654844
7008.6,3.5441539276448677,0.19638365462344912
7010.6,3.529236214305358,0.8598715157778529
7012.6,3.530856813837026,0.7658633737265665
7014.6,3.5309791122384073,0.7599248277679382
7016.6,3.5308978478023065,0.7473032405448109
7018.6,3.5313093842290058,0.7211879495410283
7020.6,3.539656041354993,0.3616818781378014
7022.6,3.547453593092508,0.047413646603630615
7024.6,3.5478288711880652,0.057327744010101746
7026.6,3.5481755434385183,0.06546164590194663
7028.6,3.5486703783438256,0.06601010639932202
7030.6,3.5330234949531247,0.7584582937534394
7032.6,3.5331223237519316,0.7316199381170392
7034.6,3.537404362791688,0.5484048129866278
7036.6,3.527044558906512,0.9766611944450272
7038.6,3.524167538954123,1.0865340754543695
7040.6,3.523066779025278,1.1095055764129818
7042.6,3.522068300298071,1.1087061666036069
7044.6,3.521716459643215,1.1073779268684
7046.6,3.5219257436218268,1.0605130997582093
7048.6,3.5226740557336793,1.0140810374783258
7050.6,3.5445401144195987,0.05560831832854832
7052.6,3.534467493646856,0.515332121822523
7054.6,3.5388115101495363,0.3319317250768046
7056.6,3.5461054337682785,0.0394052783014695
7058.6,3.5397839388473615,0.3324466852572063
7060.6,3.529857368293954,0.7578904360480878
7062.6,3.545846643124081,0.07018664678474429
7064.6,3.546307987713822,0.06875967193511189
7066.6,3.547179280637935,0.05093134167746898
7068.6,3.547625909114486,0.05167299799710867
7070.6,3.531894416322537,0.7457510508003151
7072.6,3.5274527663825976,0.9210788381076006
7074.6,3.5268832575408195,0.9305294833109125
7076.6,3.511950275268095,1.549177319912851
7078.6,3.504533648026962,1.81013522647971
7080.6,3.470275178156362,3.2162851276068287
7082.6,3.5415754681137304,0.04937719511061616
7084.6,3.5424262988317676,0.04450820900290952
7086.6,3.5245160425522415,0.8406867488534757
7088.6,3.520294520689967,1.0030957014674675
7090.6,3.521338843400807,0.9454572443685008
7092.6,3.5135070821842334,1.2546752084309818
7094.6,3.5136535734801018,1.2555258894178336
7096.6,3.5139671631200784,1.2272174991280902
7098.6,3.5196452082103717,0.9746840922943903
7100.6,3.5205190059309257,0.9501527337103559
7102.6,3.5419775129400914,-0.006288275897798418
7104.6,3.5418482522160226,0.04765220710679581
7106.6,3.5169636090285796,1.174839699486283
7108.6,3.540333438942252,0.1275165419646148
7110.6,3.5294733367801694,0.6459231506112257
7112.6,3.512216886007505,1.4206522730994797
7114.6,3.5076119127045047,1.5907141227108876
7116.6,3.542091462993087,0.028143975461917915
7118.6,3.5429947707150533,0.037172824513068414
7120.6,3.5437932395030804,0.046720562679154184
7122.6,3.54481710236377,0.04165864503326888
7124.6,3.5815625396991946,-1.5766535767969367
7126.6,3.5470507937385376,0.05529023310501946
7128.6,3.5476543966168537,0.059814299581154494
7130.6,3.547853471257511,0.07267294865195142
7132.6,3.5475925463895894,0.10517184874688341
7134.6,3.5465082412322535,0.1610018272025128
7136.6,3.5300566040353014,0.9058261254296414
7138.6,3.5199364914840645,1.3277127131894582
7140.6,3.518373084328922,1.3520802888632966
7142.6,3.5168722272688893,1.3661694047398616
7144.6,3.5277396584728904,0.8478490135742509
7146.6,3.5278451712973307,0.8436037100911971
7148.6,3.5206025948996142,1.148935708978183
7150.6,3.339489948381655,9.102923210376128
7152.6,3.461706055295063,3.089030204231984
7154.6,3.532116715828214,-0.055100348163276545
7156.6,3.4559904783289457,3.4510020983424514
7158.6,3.4597362899512993,3.157631864268628
7160.6,3.5308171705180023,-0.036614031176147054
7162.6,3.530213491052925,0.09186216468807401
7164.6,3.530862535459247,0.1390332308609511
7166.6,3.516769302710423,0.8253645324644076
7168.6,3.538154128283257,-0.13501986633729424
7170.6,3.537507240463916,-0.03400282213355865
7172.6,3.538503193465294,-0.01439573224913808
7174.6,3.5395244553948415,-0.00440080054396255
7176.6,3.5974934805408267,-2.477506406675223
7178.6,3.543909614590178,0.06958273477094935
7180.6,3.534890831864514,0.5119277017465119
7182.6,3.533320456025901,0.5915702010544708
7184.6,3.5452004616937285,0.06050604289668667
7186.6,3.542769462403677,0.19050724909697883
7188.6,3.5319547503634543,0.6837352698971131
7190.6,3.535881342018069,0.49249320625437243
7192.6,3.545976702762732,0.047126108521274176
7194.6,3.532308737743933,0.6897358409169277
7196.6,3.5450096828597655,0.09151262731085749
7198.6,3.546242161991487,0.05777742489201375
7200.6,3.546694337046702,0.05848684874945132
7202.6,3.5305783703340863,0.772484018178379
7204.6,3.5169138013019476,1.3581915154495041
7206.6,3.5100352477576675,1.6114946213351455
7208.6,3.532463318937434,0.4035695649603259
7210.6,3.5395879222244777,0.09309757929414106
7212.6,3.589483791172477,-2.1027839771356445
7214.6,3.5450147055170276,0.013737296809016818
7216.6,3.543624479199417,0.10041006002442719
7218.6,3.5338415593822807,0.5698745589353834
7220.6,3.5238387217251375,0.9979626914458364
7222.6,3.5456999002544527,0.006457124353080702
7224.6,3.5517250857746165,-0.24109194044771287
7226.6,3.6030241850582363,-2.5030802864027195
7228.6,3.5632059890389294,-0.5767503653378069
7230.6,3.5353182324783328,0.7183736054924927
7232.6,3.537551302431039,0.578590052933986
7234.6,3.5564124986668033,-0.2933228770657442
7236.6,3.529554746772942,0.9315163115254002
7238.6,3.5287269193871253,0.9262307716928943
7240.6,3.537026925452856,0.5174137926663581
7242.6,3.5219590855926333,1.1833982019309337
7244.6,3.5633612055789734,-0.7535314475465684
7246.6,3.5476848193720407,0.029161391536654445
7248.6,3.5331444580488722,0.7034666165073068
7250.6,3.514628703825375,1.5093148917160892
7252.6,3.55561393494314,-0.3826118255480907
7254.6,3.54224423512199,0.2282940145075461
7256.6,3.5603297281647213,-0.569145983957468
7258.6,3.5398850983013563,0.41774236759429917
7260.6,3.5260841662222484,1.0309773572135001
7262.6,3.5363908572392044,0.5167187646182694
7264.6,3.535384653761591,0.5946627279652841
7266.6,3.5298951018600437,0.8355006780122682
7268.6,3.5354737269211993,0.5309720254520643
7270.6,3.5592484417597228,-0.5571392857049732
7272.6,3.5482184969944814,0.00562278929254121
7274.6,3.531977879426849,0.7345700801867274
7276.6,3.521976414089161,1.1709451766482344
7278.6,3.5011853872374723,2.047614291929257
7280.6,3.5118647709581716,1.4576391776000603
7282.6,3.527427771321238,0.7349146643432684
7284.6,3.5271179083651276,0.73298739995107
7286.6,3.526240045766772,0.7672106875394573
7288.6,3.5250936646722804,0.8008365232474309
7290.6,3.521448396005709,0.9468478968226134
7292.6,3.5222421746260815,0.8925860316237565
7294.6,3.5576339230619958,-0.6992259475047151
7296.6,3.5324061887168536,0.5281772963124086
7298.6,3.526633626484281,0.7802573782053299
7300.6,3.525450007285132,0.8228615113200844
7302.6,3.5249114291421164,0.8300060643901731
7304.6,3.534619669956443,0.36214577267435794
7306.6,3.541404086720194,0.07853359502534096
7308.6,3.5163481602160145,1.185103765753293
7310.6,3.5206394908657446,0.9703770959716602
7312.6,3.5083491542431573,1.4997854695641402
7314.6,3.5275726200482485,0.5923583974488188
7316.6,3.5560646437272627,-0.6684923823277867
7318.6,3.5430562774360705,-0.04381475212535725
7320.6,3.5496115877289833,-0.3026807647756458
7322.6,3.548110624486832,-0.20016158102549225
7324.6,3.5294836491000696,0.6708197062299021
7326.6,3.5228903613709366,0.9641417236726757
7328.6,3.539959828810187,0.15106828654745494
7330.6,3.5449886786013822,-0.06787898877314803
7332.6,3.5278668379067666,0.7433718723032742
7334.6,3.547817024621361,-0.1729431474541727
7336.6,3.5475817452433653,-0.1450934087726741
7338.6,3.5508121685380742,-0.2848037150441
7340.6,3.549686414113251,-0.19006091285811183
7342.6,3.5507658936066515,-0.2113733184314805
7344.6,3.5361875612201836,0.46656814649676154
7346.6,3.5306697356205845,0.6982268742341047
7348.6,3.558890943682036,-0.5783169032122933
7350.6,3.5431061038539107,0.17059773799016437
7352.6,3.539068380658898,0.35601664111041276
7354.6,3.5398826587940593,0.3100547651614257
7356.6,3.55015554492225,-0.14454084270858622
7358.6,3.5356091370412783,0.5002644761764389
7360.6,3.5364163302831577,0.45256959469058483
7362.6,3.5465805072843164,0.0015373068643668025
7364.6,3.53721644619107,0.41824224260376985
7366.6,3.5286816123036506,0.7991260019059393
7368.6,3.542801738980221,0.14877169220259778
7370.6,3.5348122232419574,0.5033573395605078
7372.6,3.5344315790263767,0.5108380712630153
7374.6,3.533966711178139,0.5102768705511187
7376.6,3.524736594260458,0.9176876549245278
7378.6,3.540609631672317,0.18415066162261226
7380.6,3.538218564745275,0.29171029156914924
7382.6,3.5266928979980166,0.8177027961149593
7384.6,3.5338027186141816,0.46113769942767874
7386.6,3.5248472744988164,0.870277018374607
7388.6,3.5293590326514863,0.6417620758702314
7390.6,3.5404617125342317,0.1289426239817228
7392.6,3.5552611724075853,-0.49971141780903566
7394.6,3.578181582927507,-1.480540426584975
7396.6,3.5600082660394925,-0.5579970725596717
7398.6,3.5359328424690846,0.5394591200775719
7400.6,3.5282568152399065,0.8508350077414614
7402.6,3.553161548032194,-0.2760422601737171
7404.6,3.53554505423467,0.5413882631873326
7406.6,3.534268320908475,0.5724322240151075
7408.6,3.534052096413467,0.5650437572263842
7410.6,3.5517923313273325,-0.2520126540573104
7412.6,3.548843036996038,-0.08841462190540754
7414.6,3.547774507030772,-0.025
7416.6,3.5500227953588084,-0.11485297135165962
7418.6,3.560075458209146,-0.5470371229776216
7420.6,3.547662657209523,0.04162853543739561
7422.6,3.54758894787082,0.05
7424.6,3.5465441869037386,0.10000057276203646
7426.6,3.547145768866703,0.075
7428.6,3.5472077019905117,0.07473812728728436
7430.6,3.5478462734305256,0.049977365545907614
7432.6,3.548517741472985,0.025
7434.6,3.5486458683041553,0.025
7436.6,3.5465230362951767,0.125
7438.6,3.543981998417147,0.24045985321927799
7440.6,3.531187630304194,0.8055362878831787
7442.6,3.544835065892995,0.12826438534376003
7444.6,3.549349684932866,-0.06727955208851873
7446.6,3.525471477655916,1.0263406972933797
7448.6,3.5021902957064355,2.0075087828826157
7450.6,3.502510336422402,1.8804187345911667
7452.6,3.5367977078580193,0.2654790519918748
7454.6,3.550324607740773,-0.31994703157171367
7456.6,3.545988171763726,-0.08027490456090272
7458.6,3.544909821825889,0.0
7460.6,3.5179165772259213,1.2300009750148513
7462.6,3.4937705698495822,2.253004040889263
7464.6,3.535695399365565,0.27993202955287133
7466.6,3.541023771937782,0.05709257889754546
7468.6,3.5281281931417627,0.6447697454988329
7470.6,3.53135300811391,0.4928495807323328
7472.6,3.5409726834572175,0.06522522118804186
7474.6,3.541426289410735,0.05813365019414507
7476.6,3.541863599777756,0.06334643917694158
7478.6,3.562493169334932,-0.8575129693221328
7480.6,3.595820215945979,-2.254062522224235
7482.6,3.5460332685393965,0.06936256361120417
7484.6,3.5463601860305123,0.05767889325360666
7486.6,3.546714877767467,0.047438958550783124
7488.6,3.54682992298007,0.04629707978372321
7490.6,3.5464001533683542,0.0909133270631988
7492.6,3.547354266055944,0.04844012499950439
7494.6,3.5579555171383412,-0.42700176126626743
7496.6,3.5476798591515695,0.06311314568578542
7498.6,3.548157695021614,0.043050333164832325
7500.6,3.5481282719803544,0.04640220894875102
7502.6,3.5483111492068287,0.041458359759890366
7504.6,3.54804050549547,0.055624339853434686
7506.6,3.5637851668568734,-0.6571662105003145
7508.6,3.5496278470286065,0.022776388783161412
7510.6,3.550156849515101,0.0006937350241846632
7512.6,3.5496720651470293,0.025
7514.6,3.5582692150655375,-0.35252544564038124
7516.6,3.5606066373715186,-0.4273476374508032
7518.6,3.552058035386997,-0.03125612578590861
7520.6,3.550261264956577,0.05
7522.6,3.5502373539357523,0.05
7524.6,3.550217585033854,0.05
7526.6,3.550214907248766,0.05
7528.6,3.550087017814249,0.05
7530.6,3.550646342284607,0.025
7532.6,3.5506427253781436,0.025
7534.6,3.550645039726373,0.025
7536.6,3.550710570483944,0.025
7538.6,3.5507658966243327,0.025
7540.6,3.5480058291637984,0.15007586868319853
7542.6,3.536620689815212,0.6473302182745566
7544.6,3.5470042300274796,0.15003395581371143
7546.6,3.5420178632394004,0.3492421956444969
7548.6,3.547795473064897,0.08019576536520545
7550.6,3.548403679065047,0.056115248553530596
7552.6,3.546202902370477,0.15880855758408804
7554.6,3.5478374142619793,0.08292539160297119
7556.6,3.5483376054060303,0.06267619010153234
7558.6,3.541436712898357,0.3757921240514881
7560.6,3.538502849160052,0.4741124358149806
7562.6,3.537289387703782,0.5170985831655518
7564.6,3.53066164736112,0.7900305294124345
7566.6,3.5335101488650285,0.620041474192689
7568.6,3.5400429050277458,0.31066224858847497
7570.6,3.537328471598519,0.4253515653337211
7572.6,3.5450045154218253,0.06202991964387797
7574.6,3.545389433175566,0.05989988180628512
7576.6,3.5453180368780752,0.07750518704968476
7578.6,3.5455816445535167,0.07843516289638183
7580.6,3.5413038017590126,0.28042667071517174
7582.6,3.530329295483233,0.7601539554415132
7584.6,3.538221981101208,0.38584227742305216
7586.6,3.530804991479203,0.6920059423285361
7588.6,3.543996242349551,0.08714785507092135
7590.6,3.545218889729288,0.04424244442089805
7592.6,3.545492966154004,0.044723991234302374
7594.6,3.543389428667242,0.15173921253096834
7596.6,3.5380326239656315,0.3904054436172521
7598.6,3.5302970165429066,0.7249962542312498
7600.6,3.5429833809271085,0.13913033866970784
7602.6,3.5361419253522297,0.4556303755447213
7604.6,3.5457245635201353,0.017264892681628556
7606.6,3.5453796162730855,0.04559643441836556
7608.6,3.545445586071534,0.0542636188560313
7610.6,3.563672415291672,-0.7553395604332453
7612.6,3.5547419153132265,-0.3045868586921728
7614.6,3.547743038642177,0.028393798917143494
7616.6,3.54796559071881,0.025
7618.6,3.5453850863595795,0.14568687239563527
7620.6,3.545785989913916,0.125
7622.6,3.5480700624082346,0.026645757956555622
7624.6,3.5481569215424185,0.027629196018432584
7626.6,3.54829251988292,0.025427991527612933
7628.6,3.5483926690099667,0.025
7630.6,3.548082973504328,0.042886692644554074
7632.6,3.548309955235937,0.03364695592845453
7634.6,3.5485830883697567,0.025
7636.6,3.5486734086855733,0.025
7638.6,3.5476189416923667,0.07723506636006383
7640.6,3.5461960752826225,0.1430141869963444
7642.6,3.5481877992273145,0.049853092392226274
7644.6,3.548609313390072,0.03402836278675536
7646.6,3.548894849785664,0.025003990312379525
7648.6,3.5489914892653216,0.025
7650.6,3.5438412160868697,0.258812251737152
7652.6,3.5459857454139083,0.15348667651159328
7654.6,3.5481029061611054,0.046489473742319286
7656.6,3.547246233625975,0.08662482394862786
7658.6,3.547049112472712,0.09434389644817223
7660.6,3.5248919992887875,1.0906294690565064
7662.6,3.488164436969489,2.5382945168106184
7664.6,3.582579064454495,-1.7010886504651284
7666.6,3.5532936589039297,-0.28597062505961124
7668.6,3.5465287837396557,0.03875366432395299
7670.6,3.535803421073913,0.528081581090035
7672.6,3.5344378892744666,0.5675460120229925
7674.6,3.537773713996325,0.3999465412925808
7676.6,3.533580747058232,0.572677421209531
7678.6,3.532479292400131,0.6025149755369106
7680.6,3.5386276333608584,0.3146262569365521
7682.6,3.5383984057982714,0.3153796969563973
7684.6,3.542759636967666,0.11389846242735215
7686.6,3.543222374287009,0.10270355130841673
7688.6,3.5433577633597744,0.1038152081725367
7690.6,3.543475736772478,0.10485914116830099
7692.6,3.5435038228011164,0.10949486061033682
7694.6,3.543829665793364,0.10458860815502843
7696.6,3.5439753548839352,0.10120957082638296
7698.6,3.544108262025099,0.09999687826794953
7700.6,3.5396943690630884,0.3121481409324919
7702.6,3.5380831634288668,0.3758778736151924
7704.6,3.5043599341701,1.7682153457392207
7706.6,3.5426008753331386,0.042159029775929675
7708.6,3.558091924824102,-0.6466234241473678
7710.6,3.5725442090760864,-1.1922295526378799
7712.6,3.545764706133762,0.05
7714.6,3.5464838649199573,0.025
7716.6,3.546623094823007,0.025
7718.6,3.5467279180939646,0.025
7720.6,3.5468237837630348,0.025
7722.6,3.546911501754025,0.025
7724.6,3.5471074095214057,0.025
7726.6,3.5472093734271564,0.025
7728.6,3.546488369343208,0.05
7730.6,3.546479691654215,0.05
7732.6,3.5465766054861567,0.05
7734.6,3.5467266167276956,0.05
7736.6,3.5473734733213944,0.025
7738.6,3.547469689130559,0.025
7740.6,3.547572341602439,0.025
7742.6,3.547617287914852,0.025
7744.6,3.5477004129682914,0.025
7746.6,3.5477899225820733,0.025
7748.6,3.547822911620025,0.025
7750.6,3.547907363187484,0.025
7752.6,3.5478067851652555,0.03280069664750972
7754.6,3.5389596272786266,0.4254802501382042
7756.6,3.516408940068364,1.4033823356770505
7758.6,3.4852152884055414,2.71995238671039
7760.6,3.485899277303767,2.5163656514673827
7762.6,3.499983675405516,1.7991737675866275
7764.6,3.507747688824007,1.3783345319926257
7766.6,3.5360137904974547,0.057922328437010825
7768.6,3.51320738847555,1.0979212060229186
7770.6,3.5360723133376135,0.06321453836232868
7772.6,3.536810018943381,0.056728242013282616
7774.6,3.5366114751000595,0.08820762956953879
7776.6,3.517949460251191,0.9492471385779178
7778.6,3.537248131797305,0.07736484379999907
7780.6,3.5376665570883508,0.08154112557849069
7782.6,3.537971671687758,0.0839120000006121
7784.6,3.5383407645283733,0.0865631633491432
7786.6,3.5388848243328503,0.07912783470695281
7788.6,3.575741796412154,-1.5500999807583298
7790.6,3.5891802514003417,-2.0030898339049807
7792.6,3.5548035235777946,-0.37777401186433324
7794.6,3.5454704517302664,0.05
7796.6,3.545450783643775,0.05
7798.6,3.5454363156759365,0.05
7800.6,3.5454303512885863,0.05
7802.6,3.5454950373972967,0.05
7804.6,3.545564331218788,0.05
7806.6,3.5456093358320797,0.05
7808.6,3.544396931733464,0.09980453473878353
7810.6,3.5435379996318965,0.125
7812.6,3.5440664987317407,0.1
7814.6,3.543682378732368,0.12113501596688267
7816.6,3.5452932444743177,0.05
7818.6,3.545897475197203,0.025
7820.6,3.5072630784872114,1.7484873889814587
7822.6,3.4524233693901123,4.039969844698271
7824.6,3.504349190484606,1.4851094052587905
7826.6,3.51388804185478,1.0304616437327154
7828.6,3.5348359835245056,0.06545037008485081
7830.6,3.5355857281165153,0.05849825035682091
7832.6,3.536155134019431,0.054946876214231624
7834.6,3.5440323133932687,-0.28056728754560345
7836.6,3.580206016125234,-1.8081355688017067
7838.6,3.568077632707668,-1.142993375662964
7840.6,3.556832484141839,-0.5731296305168245
7842.6,3.5435072067126923,0.049387227642339784
7844.6,3.544139995143277,0.025
7846.6,3.5441803349388468,0.025
7848.6,3.544217315602416,0.025
7850.6,3.5442512131916124,0.025
7852.6,3.543798056885638,0.05
7854.6,3.5444662689147015,0.025
7856.6,3.5445145157914384,0.025
7858.6,3.544542943311387,0.025
7860.6,3.544566770296942,0.025
7862.6,3.5445886599734298,0.025
7864.6,3.544608761600793,0.025
7866.6,3.544676624272508,0.025
7868.6,3.5447560293925116,0.025
7870.6,3.5448207229852113,0.025
7872.6,3.544805981621252,0.025
7874.6,3.544790022019572,0.025
7876.6,3.5447729298146378,0.025
7878.6,3.5447547831178854,0.025
7880.6,3.544740177487562,0.025
7882.6,3.5448597685632843,0.025
7884.6,3.5449299604425457,0.025
7886.6,3.5422112029739155,0.1519035234099671
7888.6,3.539660360626012,0.25066856423066053
7890.6,3.5436611028746574,0.06045052576527391
7892.6,3.546038584456148,-0.03535751420899131
7894.6,3.5443888414524345,0.041706113814813525
7896.6,3.54479945105248,0.025
7898.6,3.544850394958817,0.025
7900.6,3.5443455013040204,0.04999704433945858
7902.6,3.524137445082542,0.9466365500070018
7904.6,3.5000496051520233,1.9621653617910255
7906.6,3.49529310393595,2.038517039543358
7908.6,3.512302003009335,1.1992830285346852
7910.6,3.529840731613732,0.37445941093214047
7912.6,3.537355717550211,0.046323661975362924
7914.6,3.5377017271423736,0.05051764762754657
7916.6,3.5380569113294214,0.0526904798312526
7918.6,3.538579665011766,0.045996255049298926
7920.6,3.538795030292034,0.05237191108548196
7922.6,3.5393580748595466,0.04323306077540665
7924.6,3.5396676846856567,0.044913897518789166
7926.6,3.539397012955717,0.06030979323755389
7928.6,3.539863295368285,0.049664992686817455
7930.6,3.539497437557783,0.07429743881130067
7932.6,3.5402867690301125,0.04570107434194007
7934.6,3.5402104861069517,0.05680087159945576
7936.6,3.541326537641103,0.011319984407404022
7938.6,3.5531545194103313,-0.4579706934989657
7940.6,3.5125149193748686,1.367578929917334
7942.6,3.4999780833416696,1.8470618701571062
7944.6,3.5161409070846377,1.0278088687433107
7946.6,3.5354611664488913,0.12456862127066172
7948.6,3.5374911787026657,0.04923108632909269
7950.6,3.5301624108567893,0.387244044387242
7952.6,3.533829340308563,0.22370564962478406
7954.6,3.5339593439236245,0.2253483542779165
7956.6,3.531973530686136,0.3005442749720365
7958.6,3.537772861560283,0.0454768048369968
7960.6,3.5382202737412856,0.04158943024638419
7962.6,3.5543775401532254,-0.6719442690616084
7964.6,3.5404261332715214,0.0
7966.6,3.495772187548098,1.9830995621114937
7968.6,3.4882577672918167,2.2379827242667196
7970.6,3.5197907926234424,0.7433436891062358
7972.6,3.5345291591044568,0.08529308624424652
7974.6,3.5351525086387388,0.07090655650946744
7976.6,3.535439770494696,0.07244840013212306
7978.6,3.5356993188892236,0.07587742972958202
7980.6,3.5359874941967555,0.07498837635689952
7982.6,3.5382307598088625,-0.014230439509526542
7984.6,3.538539972528994,0.029516135146036175
7986.6,3.539376575405421,0.005847188127638735
7988.6,3.495446659614099,1.9609107952480909
7990.6,3.4922539769592675,2.014588387700634
7992.6,3.5106840465970044,1.096777341965477
7994.6,3.531918728905773,0.1353645386817002
7996.6,3.5339863181838953,0.06479376279648803
7998.6,3.523718887521426,0.5438424846558564
8000.6,3.519005677358362,0.7330099739718913
8002.6,3.509650584508849,1.1089625485361512
8004.6,3.533106416918155,0.04769987383467628
8006.6,3.53618164029562,-0.07342315599776017
8008.6,3.568859860184076,-1.466811050277944
8010.6,3.5714593051592134,-1.4705900703983934
8012.6,3.542253311724664,-0.0953720506655303
8014.6,3.5386960846828774,0.07140911876218405
8016.6,3.5392470446653466,0.05
8018.6,3.539300741695814,0.05
8020.6,3.5392863164704864,0.05
8022.6,3.539270562912374,0.05
8024.6,3.5398216793277895,0.025
8026.6,3.539851454341878,0.025
8028.6,3.539878281916598,0.025
8030.6,3.5399023933736227,0.025
8032.6,3.5399240004429404,0.025
8034.6,3.5399432969345797,0.025
8036.6,3.539963454548166,0.025
8038.6,3.540016325496298,0.025
8040.6,3.5400550739359944,0.025
8042.6,3.540083623548851,0.025
8044.6,3.5401252003493404,0.025
8046.6,3.5401715553022686,0.025
8048.6,3.540216567887582,0.025
8050.6,3.54026033391719,0.025
8052.6,3.5403029411682647,0.025
8054.6,3.540344470067817,0.025
8056.6,3.5403849943188317,0.025
8058.6,3.540424581472948,0.025
8060.6,3.540478078688064,0.025
8062.6,3.5405405261039116,0.025
8064.6,3.5405776533561784,0.025
8066.6,3.540614062032481,0.025
8068.6,3.5406303747619283,0.025
8070.6,3.5406455562360994,0.025
8072.6,3.540674460364739,0.025
8074.6,3.540678656499109,0.025
8076.6,3.5406896894956112,0.025
8078.6,3.540701790300091,0.025
8080.6,3.529295981458391,0.5407630401082497
8082.6,3.5217166919665357,0.8317205863414443
8084.6,3.489910226794684,2.211296697859321
8086.6,3.462656540505893,3.235003153991782
8088.6,3.4974714528596063,1.540847212522429
8090.6,3.510317200545579,0.9131580449652333
8092.6,3.52934722124419,0.06734464540205418
8094.6,3.530277969036618,0.054602378588003354
8096.6,3.5303482396537897,0.07010925860967045
8098.6,3.5308077265946105,0.06858305191734732
8100.6,3.5314482352469576,0.05979048844806215
8102.6,3.532009586315844,0.05302855887170943
8104.6,3.5323888089141735,0.05311000542952799
8106.6,3.5327140047170698,0.07324904039877085
8108.6,3.5335776811552795,0.04614819020658422
8110.6,3.527554728619249,0.328101168202685
8112.6,3.5333825441392412,0.06255676092090316
8114.6,3.5335483122589273,0.06534488916401697
8116.6,3.534285826809946,0.035425406125689805
8118.6,3.5345373820114636,0.034473953072528145
8120.6,3.5344712274055237,0.047637968771977575
8122.6,3.5312270904325547,0.20145453246906608
8124.6,3.5351093167146277,0.03991781329009876
8126.6,3.582163380590859,-2.013462543531152
8128.6,3.538573698160275,0.0010299795255779755
8130.6,3.5360658805040646,0.12180545879688204
8132.6,3.4949945866820764,1.8920974807872795
8134.6,3.5218318621030047,0.6519348934922564
8136.6,3.533711433217687,0.09561711937057564
8138.6,3.51954702600248,0.7255118423447438
8140.6,3.531153087408201,0.19245974044267303
8142.6,3.532659919311848,0.12754050331787206
8144.6,3.5326776848708623,0.12709625911558867
8146.6,3.5352137043304994,0.03682840772359787
8148.6,3.535725218774785,0.02160841271639643
8150.6,3.5359427328483632,0.020738119365500296
8152.6,3.5359805354604843,0.029179287755225353
8154.6,3.5363233091303803,0.019212732431234007
8156.6,3.52645094860704,0.44999933229782874
8158.6,3.533182286242822,0.13506328527344147
8160.6,3.53401464961067,0.10201916378911349
8162.6,3.5340701489989566,0.0998132200997956
8164.6,3.5479926998677342,-0.502068073659533
8166.6,3.5363548326890357,0.04768221054092514
8168.6,3.536912944775882,0.02607279458006705
8170.6,3.536969737475194,0.025011632043528235
8172.6,3.5318765588050978,0.2611495202350459
8174.6,3.5292156554732435,0.3624648022374065
8176.6,3.535259420418336,0.07509218754121995
8178.6,3.5352631416244256,0.07553261403041951
8180.6,3.5390046839743525,-0.07127932774522396
8182.6,3.5370018196298756,0.025
8184.6,3.5368448607836407,0.03344945027103253
8186.6,3.534271599359008,0.15009885848318325
8188.6,3.5294189184102924,0.35505293765852863
8190.6,3.5255216954892936,0.5130275142154299
8192.6,3.524913818812808,0.5292854317912946
8194.6,3.5342840325449023,0.07867371400791158
8196.6,3.54194659151662,-0.25844418712568173
8198.6,3.5363519584265704,0.007887610406250425
8200.6,3.5366071201853573,0.002556382475643532
8202.6,3.5493235379864227,-0.5584520277065358
8204.6,3.53631747427825,0.04837622145135771
8206.6,3.5367988778583697,0.028172600297238216
8208.6,3.5369233424796214,0.025
8210.6,3.5369728653348482,0.025
8212.6,3.53701741536321,0.02502969760155629
8214.6,3.534812515700534,0.12080781254842773
8216.6,3.5331061657322653,0.19454015948134568
8218.6,3.533370718924567,0.18430096239208588
8220.6,3.5213825455494705,0.698496702923884
8222.6,3.516723080917665,0.8720906512685153
8224.6,3.525870325300601,0.4379414595383123
8226.6,3.5338005932516308,0.07731864042437933
8228.6,3.5409943052054573,-0.23254987103378388
8230.6,3.538019256369521,-0.08224174814690016
8232.6,3.535815871885921,0.029069816590874174
8234.6,3.538596162433432,-0.08933481827272391
8236.6,3.5337170244795706,0.13360249302227187
8238.6,3.5294913777296166,0.3178531726838986
8240.6,3.5349065545064646,0.06085598641993262
8242.6,3.5449535876359315,-0.3652774476502016
8244.6,3.536002510039719,0.049824680816024196
8246.6,3.5360255821185445,0.051220315635671296
8248.6,3.5359433871934045,0.03343689352660438
8250.6,3.5361974199157764,0.025
8252.6,3.5338180512412523,0.12576676106837195
8254.6,3.534115733108824,0.11388403327893173
8256.6,3.5362384820865254,0.025
8258.6,3.5361343418352624,0.03516200484928201
8260.6,3.5364560591256673,0.025
8262.6,3.5365319660581673,0.025
8264.6,3.53660307304055,0.025
8266.6,3.5366702382672197,0.025
8268.6,3.535988962245721,0.05774815361365051
8270.6,3.533321742208995,0.1750059672666703
8272.6,3.531458321006887,0.24831635603811636
8274.6,3.531463078799786,0.2429631363126639
8276.6,3.5306440648654394,0.2613788341493619
8278.6,3.5347410303776536,0.0651850566992335
8280.6,3.540772940485959,-0.18346256092292987
8282.6,3.5314530258933075,0.24236511979203107
8284.6,3.5317943697097087,0.2046834682690271
8286.6,3.5348910078314484,0.0659203976317691
8288.6,3.5247118601454734,0.5140045507896825
8290.6,3.532855848425279,0.1348389731210089
8292.6,3.5400298080606523,-0.18219867179316987
8294.6,3.535104867178854,0.05621463516760252
8296.6,3.520020459633854,0.7175766091342037
8298.6,3.529941104046157,0.24377581748917596
8300.6,3.533648140409555,0.08146790785389744
8302.6,3.5340768740306334,0.06872219316876471
8304.6,3.5340688670913734,0.07223544045628993
8306.6,3.5300469218310155,0.24980043929253506
8308.6,3.5286051527132014,0.30522066955912436
8310.6,3.53128964908847,0.18588609197995573
8312.6,3.5308694292312643,0.19190765320681283
8314.6,3.5305242735634335,0.20086349011093674
8316.6,3.5147700700477773,0.9037736355760599
8318.6,3.52340875834137,0.49900807902467853
8320.6,3.5292786669204785,0.21985190983563885
8322.6,3.5323947961336426,0.08013226374708998
8324.6,3.5403188235624197,-0.26526503485128183
8326.6,3.5422765847874014,-0.31447863747728155
8328.6,3.5254772547656468,0.4540887211069492
8330.6,3.509365358369842,1.1354658435493972
8332.6,3.527779240579143,0.24062185596414257
8334.6,3.530864694064589,0.11225520010056791
8336.6,3.531179853745252,0.09999579413537177
8338.6,3.531313650926958,0.10157437011488761
8340.6,3.515273597271029,0.813765211572628
8342.6,3.5307626958028293,0.0925136719515506
8344.6,3.5308034691215293,0.0966766874022893
8346.6,3.5308325258366966,0.09429429363792037
8348.6,3.531058048080077,0.0864972725494694
8350.6,3.5311150471319643,0.0886021529919528
8352.6,3.531395711481603,0.09037243203602868
8354.6,3.531960968832852,0.0773359965501358
8356.6,3.5479781631197125,-0.6039494157588623
8358.6,3.535116867321537,0.0
8360.6,3.534680420715344,0.025
8362.6,3.5145781651946955,0.9141718085858256
8364.6,3.5235065389181512,0.4497167836922877
8366.6,3.519916245162755,0.6070072988663843
8368.6,3.5176177167484126,0.6567050172822108
8370.6,3.530371538342899,0.08174401126724941
8372.6,3.5304268344795395,0.08630018199045551
8374.6,3.5305352950575015,0.0930018340617638
8376.6,3.5306546128306118,0.09268827243313874
8378.6,3.5310506521854026,0.0792242646304517
8380.6,3.5309866796779685,0.08567052827650552
8382.6,3.5400036851779104,-0.30169108795641036
8384.6,3.532713255472248,0.04991243680504515
8386.6,3.53363108408243,0.021158491927336463
8388.6,3.533200193617894,0.044195173158339915
8390.6,3.5337175727180496,0.025
8392.6,3.5356237829089907,-0.05033870672821357
8394.6,3.5339212783972647,0.029490137663008367
8396.6,3.5340919222117058,0.025
8398.6,3.5307070970615433,0.17505418905299328
8400.6,3.5306085263099107,0.17501177540132914
8402.6,3.527543151445229,0.3000002709310634
8404.6,3.5280737826763184,0.2682270216572891
8406.6,3.5329829651923035,0.05787652296056743
8408.6,3.5244785161289536,0.4286982866499844
8410.6,3.525446963447302,0.3672571476351284
8412.6,3.5319902823123828,0.07256330035091857
8414.6,3.539761421383061,-0.2688224963248527
8416.6,3.53564781368838,-0.06871322693176093
8418.6,3.5342606702260393,0.0
8420.6,3.5355040330452647,-0.05
8422.6,3.5352447644680645,-0.025
8424.6,3.5341195930120053,0.030363304024641075
8426.6,3.534207966394432,0.027173646414248423
8428.6,3.534279429370372,0.025
8430.6,3.534337891178259,0.025
8432.6,3.5344230071427187,0.025
8434.6,3.53450492294638,0.025
8436.6,3.534565389576943,0.025
8438.6,3.53456195794177,0.025
8440.6,3.5346371185615144,0.025
8442.6,3.534673070147295,0.025
8444.6,3.5341418916028253,0.050234408955056375
8446.6,3.5311884486520126,0.1760917397849965
8448.6,3.532041452369164,0.12249813989950192
8450.6,3.533841119077493,0.04100195590495147
8452.6,3.5341460295033915,0.0323811357402364
8454.6,3.5342565172052764,0.030125607829637868
8456.6,3.526912159964048,0.35317754483711833
8458.6,3.5263046453722353,0.359070532661628
8460.6,3.529983422693885,0.18988899869076398
8462.6,3.5114735295875805,0.9994309135382503
8464.6,3.521020973900683,0.5261546331998004
8466.6,3.5217390274572327,0.4740424609877451
8468.6,3.513294395335038,0.8187569028822119
8470.6,3.52112959951438,0.4489681330350746
8472.6,3.528432570131124,0.1173386342121899
8474.6,3.52818687046261,0.13405881294046693
8476.6,3.5284655599825543,0.12342793901401056
8478.6,3.5333038872347236,-0.07147142396393355
8480.6,3.5313671072965245,0.025
8482.6,3.520612258782343,0.4999310058588007
8484.6,3.5294292042265085,0.10117767932761683
8486.6,3.529551138624057,0.10056414716123423
8488.6,3.529638859908603,0.09999138722827121
8490.6,3.529659314070569,0.10216207667454794
8492.6,3.5297914344053116,0.09897138452137517
8494.6,3.5299885029218916,0.09110102239597707
8496.6,3.530035782949016,0.09042408708989405
8498.6,3.5274561470669497,0.2095611211451913
8500.6,3.5219528813251815,0.44257695726060986
8502.6,3.518117134073376,0.5905838181052633
8504.6,3.558228843841002,-1.2004779074053447
8506.6,3.5306034091809435,0.05916118746707555
8508.6,3.5203998021484053,0.5058939729547123
8510.6,3.5304302672469565,0.05748577569265027
8512.6,3.5345842831878325,-0.12368107326093493
8514.6,3.5315044673165246,0.025
8516.6,3.531620834718177,0.025
8518.6,3.531506388210509,0.034657484545427705
8520.6,3.5317967339050296,0.026888045786618357
8522.6,3.531961431602736,0.025
8524.6,3.532077023239004,0.025
8526.6,3.5321859382887233,0.025
8528.6,3.532288683007284,0.025
8530.6,3.532385724619095,0.025
8532.6,3.532371281045034,0.02976301181052162
8534.6,3.530862336807368,0.1
8536.6,3.5314714694088614,0.0760549442842294
8538.6,3.531544504703633,0.075
8540.6,3.5314352801611655,0.08008502167985451
8542.6,3.5309898961918122,0.1
8544.6,3.521124355721811,0.5300923766162373
8546.6,3.5311095274172355,0.075
8548.6,3.523179091091632,0.425618988813962
8550.6,3.5225139781490125,0.43396695280788034
8552.6,3.5265233394916646,0.24874956011632557
8554.6,3.528957040443878,0.1390071543175664
8556.6,3.53062788502642,0.0542565842348904
8558.6,3.5307570478099413,0.05
8560.6,3.526462361276074,0.25397201768144695
8562.6,3.524614961649817,0.325937833907196
8564.6,3.5113989802552417,0.8913854277431056
8566.6,3.5223735198262873,0.3585659140521661
8568.6,3.5072451929819524,1.039611700609371
8570.6,3.5166784445955566,0.560860212013651
8572.6,3.520960566127341,0.3504714566368664
8574.6,3.51038479903155,0.7992208141493948
8576.6,3.5250617312039894,0.1379881101225453
8578.6,3.5262934277536626,0.09343783388657492
8580.6,3.516005218103536,0.5462775899159388
8582.6,3.518400910651136,0.4138255404291843
8584.6,3.51818842695135,0.43320882274719086
8586.6,3.495677767887359,1.3790241900180327
8588.6,3.5143579090455748,0.5404202764696597
8590.6,3.5250689824237775,0.03957308992494946
8592.6,3.5165212776519863,0.420008432023287
8594.6,3.52440831130761,0.07204389729347044
8596.6,3.515963150571585,0.46428543975826186
8598.6,3.5127731772771056,0.5902291046603382
8600.6,3.5156436364184414,0.4546277882235031
8602.6,3.5154977837167833,0.4610609049950224
8604.6,3.524811401873575,0.043887884574311725
8606.6,3.525125661017725,0.04013012285592558
8608.6,3.5178303776683615,0.3592223945220786
8610.6,3.524309428952096,0.07912146422561007
8612.6,3.525590391373984,0.02897695430984743
8614.6,3.5206445460310904,0.264391794222957
8616.6,3.5216804427348,0.22254078793645407
8618.6,3.5219522431627324,0.21153150247801963
8620.6,3.5137325637978205,0.5682019776746722
8622.6,3.5077734643600853,0.8058188126656315
8624.6,3.522953695877877,0.1303791678852034
8626.6,3.5233334860712207,0.12421434818966805
8628.6,3.5234039191018653,0.127929436710393
8630.6,3.5177922859599033,0.37526417090333664
8632.6,3.515093448078947,0.4861692038569722
8634.6,3.5238068394770683,0.07640583513156043
8636.6,3.5148313291625133,0.48029580383860976
8638.6,3.509067140711098,0.7274537657775282
8640.6,3.5082299399741266,0.7409631386622662
8642.6,3.5074721484434646,0.741184488208627
8644.6,3.5044874927435186,0.8447758196719599
8646.6,3.491549465117716,1.391097857303595
8648.6,3.5209492892588865,0.07353806138903522
8650.6,3.5105215155331355,0.5535323982077642
8652.6,3.5143430637049895,0.34948368055476475
8654.6,3.521310200343608,0.0552005033386769
8656.6,3.5163519469035864,0.2826740329753529
8658.6,3.507449268591646,0.6675974239263239
8660.6,3.506404070756236,0.6905045630657304
8662.6,3.501351714142451,0.904467969234861
8664.6,3.5126692195520066,0.37811832357564745
8666.6,3.5121097703355417,0.4148506124798854
8668.6,3.5100538643078907,0.5008038086590347
8670.6,3.5170899999209144,0.19431041786559888
8672.6,3.5149030397359606,0.29405226851384414
8674.6,3.5380952712479736,-0.7432075734058502
8676.6,3.524929817798551,-0.12048849197600489
8678.6,3.5147521593686086,0.342094205879297
8680.6,3.508546026753524,0.6171922239199201
8682.6,3.5081509838935805,0.6170258738059694
8684.6,3.5065986827695443,0.6644921846209481
8686.6,3.5131084340279046,0.3673022771320219
8688.6,3.494219288104381,1.1854479810029088
8690.6,3.4883618965584495,1.3919244307619598
8692.6,3.517563787677398,0.04380274643732901
8694.6,3.527989147311368,-0.375
8696.6,3.5253057179086142,-0.21205804279468396
8698.6,3.513915490596059,0.30865380254324615
8700.6,3.502634350171328,0.8030511470744012
8702.6,3.5055479670700005,0.6761212284127519
8704.6,3.482489423889842,1.6624244632819978
8706.6,3.532117458868017,-0.5616078925658958
8708.6,3.5051327638160377,0.6402919495040841
8710.6,3.5027762198485215,0.7321513211985977
8712.6,3.500954963715359,0.7902386578113015
8714.6,3.507913183177226,0.47070466162151436
8716.6,3.5076703520494767,0.46913668769693284
8718.6,3.48421835191574,1.4737350788666486
8720.6,3.463638754580379,2.301057708049818
8722.6,3.497875349482631,0.6965501648221285
8724.6,3.4906331784529954,1.0224286108814116
8726.6,3.4440525374363986,2.998816869797179
8728.6,3.5100173075160934,0.05702119544993298
8730.6,3.531361915785318,-0.8577286333715267
8732.6,3.5315227147431845,-0.7702583772688246
8734.6,3.513404191678362,0.05809193280301662
8736.6,3.513831445382997,0.060707034952373874
8738.6,3.514318274434714,0.058374154945353696
8740.6,3.507506270217239,0.3722756007393189
8742.6,3.5080764040956267,0.34071782749234875
8744.6,3.508519035222642,0.3304555730855337
8746.6,3.508450997110304,0.33084360642042776
8748.6,3.5084010400748746,0.3334023831701944
8750.6,3.508321419604634,0.3346795893174784
8752.6,3.5040074071283676,0.5263915622681028
8754.6,3.503489060983019,0.5311615556024512
8756.6,3.5141619143684766,0.05236739500830423
8758.6,3.5145283098534845,0.05042663470237887
8760.6,3.5143748702014945,0.07099149389560945
8762.6,3.5147314905136913,0.0686505721521258
8764.6,3.514942907744706,0.07458097589479051
8766.6,3.515710513776665,0.050088525917846564
8768.6,3.515435322198424,0.07327724299721528
8770.6,3.5156845044599954,0.072062512172141
8772.6,3.5155475454594054,0.08781814804596702
8774.6,3.522360581233914,-0.20227711698602158
8776.6,3.5316887710535307,-0.5740920126442552
8778.6,3.5076235959629956,0.5038895972965819
8780.6,3.4948883034527536,1.0353394506189821
8782.6,3.4834236783200745,1.4861253113177841
8784.6,3.4819929985603326,1.4833943645315661
8786.6,3.48055675407548,1.4719822940386145
8788.6,3.484818949299862,1.235527687598698
8790.6,3.48541576179026,1.151710406950549
8792.6,3.4834332724647497,1.2000110823417367
8794.6,3.4823235264870385,1.2162655326697391
8796.6,3.4818847381504843,1.1880197368911085
8798.6,3.504528210681898,0.18545210542244392
8800.6,3.5090111769613728,0.01399675345127531
8802.6,3.510904395339205,-0.03979588763061406
8804.6,3.5052025732865975,0.23592042187349851
8806.6,3.5059435559935843,0.21219737399431704
8808.6,3.5135000074575866,-0.0989039380731195
8810.6,3.508851240119789,0.12344620369339318
8812.6,3.501432242665507,0.43501530904126445
8814.6,3.5021407184908244,0.404266681901063
8816.6,3.5072689990463406,0.17717151286809682
8818.6,3.5059174939810425,0.2504521437382184
8820.6,3.508437765084153,0.1514714387071767
8822.6,3.511750303356093,0.017502036682297554
8824.6,3.512841861879524,-0.01311523862310093
8826.6,3.51029321179603,0.10999601119839017
8828.6,3.513461345538168,-0.01456595451225674
8830.6,3.512712832272844,0.03123762687834465
8832.6,3.5106986600515238,0.13013332023622606
8834.6,3.5116461446120306,0.0910975013418238
8836.6,3.5072850754493534,0.2892422315654141
8838.6,3.513931484172628,0.0015682417142333792
8840.6,3.5165198251594476,-0.09773389270518906
8842.6,3.5147287067623543,-0.0038712656978079274
8844.6,3.5152788903990344,-0.01766496379377621
8846.6,3.5103049968667173,0.2118151785263784
8848.6,3.5073495065974516,0.33519729445556024
8850.6,3.5061115633693682,0.3811469587671976
8852.6,3.4994651620762265,0.6544045985373746
8854.6,3.501555142108797,0.5462723906297074
8856.6,3.500556845022038,0.563582682047781
8858.6,3.5006996160442814,0.5395272603995646
8860.6,3.4935411465405797,0.8324516518081978
8862.6,3.4864379980448055,1.1116370065558905
8864.6,3.4833746060267226,1.1902619826790422
8866.6,3.4817376126711843,1.211741064270359
8868.6,3.492009541140525,0.7365563496015671
8870.6,3.497387220511111,0.4870627658738952
8872.6,3.495658540428863,0.5586831873643379
8874.6,3.49168624013237,0.7306822568970729
8876.6,3.49421679911847,0.6017083010103828
8878.6,3.4964517474234187,0.48757302746435544
8880.6,3.4956120462119085,0.5323283974583772
8882.6,3.480051545866124,1.1761474653070014
8884.6,3.469237512231582,1.6051209774317945
8886.6,3.4743726604931764,1.3270622397429692
8888.6,3.476113221776088,1.196117442844545
8890.6,3.476025901978162,1.165173109990398
8892.6,3.457428038659426,1.9302082593074184
8894.6,3.4407096376918878,2.5713383229819105
8896.6,3.453363312456861,1.9202903156690956
8898.6,3.4689113401343956,1.191955643050733
8900.6,3.4808193587953173,0.6536999586684286
8902.6,3.4994889437373082,-0.13000212790895024
8904.6,3.5119353608925223,-0.6244928147968535
8906.6,3.499028724525932,-0.00023439487179537923
8908.6,3.495175522695469,0.19535741571316564
8910.6,3.4858162095956233,0.617310732463901
8912.6,3.4808797487558367,0.8250729328410021
8914.6,3.4787346054165664,0.9097714366234714
8916.6,3.47708609296472,0.9545596041190912
8918.6,3.47430336025003,1.0525088016899076
8920.6,3.4730225158254133,1.0832923507865975
8922.6,3.473044633782863,1.067991242774606
8924.6,3.4710599336533505,1.114601233834906
8926.6,3.468748513952173,1.1847367582407362
8928.6,3.4749996566670722,0.8989752592833464
8930.6,3.471751307305783,1.0238739369743635
8932.6,3.470884733079377,1.0330117872695723
8934.6,3.4657209493638974,1.2313904346202493
8936.6,3.464719888881235,1.2470734708920201
8938.6,3.4713052964352356,0.9388495216530895
8940.6,3.471027005522447,0.9320828994126575
8942.6,3.4752762795630314,0.7507755079245805
8944.6,3.485956484085461,0.2830670901522846
8946.6,3.4870562274300867,0.2583300858797852
8948.6,3.4877858081258184,0.25313999424119654
8950.6,3.472945505143736,0.89964845358989
8952.6,3.4650240081102646,1.22360724487846
8954.6,3.4608531461684513,1.3626280990283126
8956.6,3.462468662785616,1.2542718184104045
8958.6,3.4677466294114643,1.0127682706565926
8960.6,3.4677595169589868,0.9826007542038797
8962.6,3.4758779650868994,0.6230063563874825
8964.6,3.474737714522279,0.6696008816774022
8966.6,3.4871343585611005,0.14587986225874294
8968.6,3.4924019957539865,-0.05031073103453401
8970.6,3.486917759495704,0.22089043539108927
8972.6,3.4832936624039372,0.40159066632937107
8974.6,3.4810239173210715,0.4951223422992347
8976.6,3.486486493181094,0.27013666906665423
8978.6,3.4849300282970956,0.3555324458180092
8980.6,3.4849533899469063,0.35802423363217434
8982.6,3.4850974176805796,0.3494593560437346
8984.6,3.4868951845177274,0.28577517836919203
8986.6,3.4869045925952977,0.2911349425361548
8988.6,3.4875941138094686,0.26803039017537633
8990.6,3.489753613058995,0.19183719032212931
8992.6,3.484480006535939,0.4361389933252722
8994.6,3.4853145652709565,0.4044262139542837
8996.6,3.4940216473495602,0.025300265226577197
8998.6,3.4985193865694795,-0.1469418622614807
9000.6,3.503063251089627,-0.30640573974571217
9002.6,3.495495754196287,0.05855123688293752
9004.6,3.4875356248226463,0.40323209505210245
9006.6,3.4879520452207795,0.3782249317847768
9008.6,3.491373732799653,0.2320244071177831
9010.6,3.4991949294984654,-0.0971626684676481
9012.6,3.5035469657564215,-0.25886688833706556
9014.6,3.5064676361439395,-0.35827585206132917
9016.6,3.5068557437861054,-0.3391844985712956
9018.6,3.506894724566141,-0.313862486622988
9020.6,3.499788503063603,0.01811484397299184
9022.6,3.4929250618120244,0.31809173498915305
9024.6,3.487708580285016,0.5302753206805215
9026.6,3.4853845525484632,0.6096906327570094
9028.6,3.482000260775382,0.7240092617739692
9030.6,3.4822228072118153,0.6917291120410595
9032.6,3.4910037443690767,0.2903901173078662
9034.6,3.4880436205207266,0.4117596471554691
9036.6,3.485478653442957,0.5177325352830544
9038.6,3.488672371367083,0.3710412747545433
9040.6,3.4832725323442566,0.5885508816382012
9042.6,3.4770673953348687,0.8218344236183973
9044.6,3.48779636815201,0.3389598632007532
9046.6,3.4934068980237245,0.09679221520669606
9048.6,3.498198155054766,-0.0965908399397251
9050.6,3.5030345397336022,-0.28165660910823537
9052.6,3.5053231885162623,-0.34957688667673303
9054.6,3.501899004515727,-0.17104737232004905
9056.6,3.5042126752896756,-0.24074547681891276
9058.6,3.5067975686332726,-0.3268116918516928
9060.6,3.5073405598758485,-0.3273116128534275
9062.6,3.5077673622349486,-0.3187877187468362
9064.6,3.510033809134842,-0.39048104390185984
9066.6,3.5110050567737763,-0.41051564485973213
9068.6,3.5067576737625736,-0.20604666743127575
9070.6,3.5056368892173397,-0.14628568798531036
9072.6,3.508947339867074,-0.26821540813389194
9074.6,3.5025975780327228,0.02234933495382265
9076.6,3.4922078647443797,0.45763523642698845
9078.6,3.486547921559901,0.6736204284135209
9080.6,3.4938222028076447,0.3275369939094383
9082.6,3.5015874760751124,-0.017554113732246558
9084.6,3.5080379323804265,-0.2835320500524494
9086.6,3.508985472182644,-0.2991040742664532
9088.6,3.5097123689526435,-0.3153319459496173
9090.6,3.5124709628703497,-0.4157329370997598
9092.6,3.502904573020008,0.00974920445796982
9094.6,3.5057609481991303,-0.11151890848668165
9096.6,3.505738755377426,-0.09860159024481166
9098.6,3.5049321724925138,-0.056165998457280514
9100.6,3.5065190706103895,-0.11576784292770682
9102.6,3.5078403162949146,-0.1654097419041412
9104.6,3.504269334789116,-0.00557790425346511
9106.6,3.4936467221391823,0.45031126127858395
9108.6,3.484759766613069,0.7994168884408976
9110.6,3.485008008562084,0.7512860259121332
9112.6,3.4900919143669693,0.4942733187248644
9114.6,3.49859192038829,0.11289918179080219
9116.6,3.4947046041473677,0.27647993682219457
9118.6,3.488653500217039,0.5143367068363359
9120.6,3.4962942252408578,0.1702275935209912
9122.6,3.492693825033312,0.31893449341719515
9124.6,3.494774467606601,0.22010078279283524
9126.6,3.5036997329599444,-0.16016142645970086
9128.6,3.5020290347369873,-0.07749066059215401
9130.6,3.5025913812815865,-0.09164773810505392
9132.6,3.5031360680190033,-0.1006988138692163
9134.6,3.496118063031431,0.20757217098912717
9136.6,3.50167104887249,-0.03633859390420029
9138.6,3.493620727174809,0.3188860741699532
9140.6,3.4866732887282623,0.6076435637120707
9142.6,3.4820213319359707,0.7675545037985607
9144.6,3.481471458044153,0.7615434725039849
9146.6,3.478493359259393,0.8567485489078925
9148.6,3.4787561822558226,0.8056411206005619
9150.6,3.4801097665356893,0.7204209718878626
9152.6,3.482521059254863,0.5904684406851632
9154.6,3.4856044644914714,0.44597150046199563
9156.6,3.48522070635967,0.4534176870654444
9158.6,3.4866097818442316,0.3765844229181013
9160.6,3.4861819711894957,0.39230770514706303
9162.6,3.484951350537625,0.4384930970482227
9164.6,3.4868922366356365,0.3572639899486593
9166.6,3.4917482638483057,0.13902083226667822
9168.6,3.4956997168771657,-0.023928625901945444
9170.6,3.5004674256888118,-0.20848736733144113
9172.6,3.5021809305333353,-0.24672921194818956
9174.6,3.4979165686028586,-0.044488097155217635
9176.6,3.495278747764458,0.08058619645307732
9178.6,3.4924157909073097,0.21487809360536286
9180.6,3.4946741405243094,0.118827624570234
9182.6,3.4875863681062853,0.416601841359337
9184.6,3.493412310787521,0.16121497562525347
9186.6,3.4878589650604384,0.40759346417219866
9188.6,3.4918963356450803,0.219566547412367
9190.6,3.497323363934508,-0.00914484414676629
9192.6,3.4977277466014565,-0.010327780428535
9194.6,3.4982802703348117,-0.025344856975948078
9196.6,3.499605821220781,-0.07247387219743215
9198.6,3.5050256222695757,-0.2812768272587902
9200.6,3.502921889318351,-0.17541548335358348
9202.6,3.496708161910305,0.10218772540477453
9204.6,3.4973983225692615,0.07589268439377908
9206.6,3.499103946750421,0.0075782632623355925
9208.6,3.498429268040106,0.0422130212005248
9210.6,3.4967715484102686,0.11845490234648759
9212.6,3.49200701424936,0.3129148091342445
9214.6,3.4901050519191927,0.3798437867901333
9216.6,3.485357927708088,0.5644232926954816
9218.6,3.49006375853176,0.34480541145858257
9220.6,3.487602047485458,0.4311683297995264
9222.6,3.4935530656086904,0.16481215390658244
9224.6,3.4861020374304856,0.4789749395650722
9226.6,3.4895096083016166,0.31795619353102456
9228.6,3.4921989626034264,0.20405448717018093
9230.6,3.4911202382153665,0.24094148428319387
9232.6,3.495226674105187,0.05846735005272849
9234.6,3.497185444972598,-0.017101964897876236
9236.6,3.497088615151336,-0.00010279730099905376
9238.6,3.4949991716322404,0.09413733080102686
9240.6,3.4937664034058775,0.15133977796012688
9242.6,3.4943841698440856,0.12642829420368232
9244.6,3.4981230998854667,-0.0286208535259137
9246.6,3.4988535011275026,-0.050003514363983856
9248.6,3.489888477226662,0.34516659036127595
9250.6,3.494948228685822,0.11740209609436275
9252.6,3.4932165168826894,0.19341158359949714
9254.6,3.4870161000275623,0.45517920654760935
9256.6,3.491001844605471,0.2672276900794044
9258.6,3.4874624905710747,0.416347342133102
9260.6,3.4836942281185777,0.5550719136805731
9262.6,3.479716611820733,0.6936704031109889
9264.6,3.485384657354746,0.426608847065248
9266.6,3.4848955519069222,0.4428778785267063
9268.6,3.486495710061327,0.3614816521812778
9270.6,3.4891158779089384,0.25264950533189745
9272.6,3.497165269116712,-0.0868346421573017
9274.6,3.48984985458879,0.23663755041772208
9276.6,3.483032147003182,0.5175255260252727
9278.6,3.474329141834056,0.8766974578685927
9280.6,3.489333110891576,0.20486009832615315
9282.6,3.4931713879325814,0.046185732954627495
9284.6,3.494228175481008,0.011216748104986948
9286.6,3.4895301483577366,0.22018312346710717
9288.6,3.491011459416028,0.15072804887635177
9290.6,3.495493374406345,-0.03304323415113572
9292.6,3.498026632681143,-0.13138611473027054
9294.6,3.4938837473815236,0.06091292960386436
9296.6,3.483008193656411,0.5413625637923383
9298.6,3.4870387905954514,0.33939565535409816
9300.6,3.488128422424869,0.2874774123968439
9302.6,3.487447524646569,0.3065715409236944
9304.6,3.4908249754831226,0.16556891514066843
9306.6,3.482278889590145,0.5363754130012325
9308.6,3.4778818145983954,0.6867696463552557
9310.6,3.4792971874954275,0.6157488182710191
9312.6,3.4844240377041364,0.3736661613938612
9314.6,3.4936555483628844,-0.02872747695592858
9316.6,3.495386100891319,-0.08205277071960525
9318.6,3.4928004239372923,0.04773951611236961
9320.6,3.4809269893735233,0.5503397524708273
9322.6,3.473889396541601,0.8304545253332288
9324.6,3.4730266019911777,0.8288871831937557
9326.6,3.4809473884013284,0.47479759017492645
9328.6,3.4827634425084164,0.39357454472155634
9330.6,3.478626418360281,0.5544824488481326
9332.6,3.4784846592049155,0.5437757985034575
9334.6,3.476670634948671,0.5991832932214531
9336.6,3.4737431124322056,0.7183528587610396
9338.6,3.477786734027045,0.5061472832971505
9340.6,3.4774852753450096,0.5280382017899871
9342.6,3.4802426801489155,0.37547320496412495
9344.6,3.4836439383768254,0.23610762853569275
9346.6,3.4905807029182987,-0.0520182395902608
9348.6,3.487111906634577,0.11817320897916404
9350.6,3.4871720109792532,0.12461829601703232
9352.6,3.488717762475555,0.0671801584482993
9354.6,3.489623125230375,0.03878878982299146
9356.6,3.49277771985039,-0.08164083564637829
9358.6,3.4925903393081947,-0.0560669570760793
9360.6,3.4947854205531765,-0.13227475714491832
9362.6,3.496243967690176,-0.17727163765992449
9364.6,3.4863635336566285,0.2627275826445038
9366.6,3.4912870669574807,0.04934972495274223
9368.6,3.4908611426663434,0.07246914067325817
9370.6,3.497858573380687,-0.22009543548458124
9372.6,3.496977128762799,-0.15890140321958576
9374.6,3.4898224013070527,0.1626289442580816
9376.6,3.4810509124284525,0.5261856467226155
9378.6,3.4742345023367522,0.8018685095970637
9380.6,3.478404236207688,0.5817899983819693
9382.6,3.4886641031765766,0.1250238289450657
9384.6,3.4895484768398544,0.0975262596233553
9386.6,3.485005938671666,0.29286895530884866
9388.6,3.47570733959703,0.6906298903872784
9390.6,3.4729206407864117,0.7758583451633939
9392.6,3.4807158693457856,0.41121306162482246
9394.6,3.478554047254315,0.4989938815758703
9396.6,3.471284943551896,0.7928722905500584
9398.6,3.470809721303124,0.7776432403294141
9400.6,3.471551271289073,0.7191527948050095
9402.6,3.471539027117852,0.709115044011633
9404.6,3.46685624836982,0.8756298277947903
9406.6,3.4695490697974174,0.724827005897327
9408.6,3.4715380845964883,0.6200866969673792
9410.6,3.468726792729947,0.7207122812069022
9412.6,3.458773779029624,1.1229313780500325
9414.6,3.4482823166810896,1.5342777290468834
9416.6,3.456882678073195,1.0877607183373863
9418.6,3.4647894370792955,0.7254820436099243
9420.6,3.465033338673218,0.7212189010421992
9422.6,3.4601936181922777,0.8810159128020596
9424.6,3.458558276057024,0.9385218496860797
9426.6,3.4669842392047965,0.5560941404365796
9428.6,3.4740642245172704,0.254394263995965
9430.6,3.4787320371341144,0.07736321257856632
9432.6,3.4811725464750323,-0.0040555874965642474
9434.6,3.4715593158080997,0.41478980552147976
9436.6,3.4827240165996196,-0.04973171086184199
9438.6,3.4848802175296476,-0.11270412919642056
9440.6,3.4833693283654807,-0.019697160820546806
9442.6,3.4812692513915278,0.08796646926756188
9444.6,3.4808697503205397,0.11409936421887573
9446.6,3.4794947601052537,0.18599318161220404
9448.6,3.4782891681550514,0.2452850079783313
9450.6,3.474605575670735,0.4056355902214769
9452.6,3.4746016273679667,0.3938597753044166
9454.6,3.474408341661224,0.3951934499540079
9456.6,3.4677430603362933,0.6775647486748556
9458.6,3.4637909770323514,0.8175928919297825
9460.6,3.463022023686771,0.8243320610379746
9462.6,3.4413891596638324,1.712579399463698
9464.6,3.5019518111298638,-0.8264175931397613
9466.6,3.463929362965864,0.8217214106207065
9468.6,3.450144948121263,1.366698620654372
9470.6,3.4698096551214905,0.5005188190245292
9472.6,3.471934912053939,0.407286950671812
9474.6,3.491021216215018,-0.4189870035665793
9476.6,3.4857749251020214,-0.1744413155335873
9478.6,3.4842653628624367,-0.09089160888018691
9480.6,3.5195967371714953,-1.5268242925398803
9482.6,3.5167772954483034,-1.310893530412109
9484.6,3.480276360099519,0.31768247781782005
9486.6,3.4798161383031885,0.3276547525021718
9488.6,3.479504602027601,0.325
9490.6,3.479365969833856,0.325
9492.6,3.4792579492566196,0.325
9494.6,3.479043620933228,0.325
9496.6,3.478731661353925,0.325
9498.6,3.478467409928219,0.325
9500.6,3.4782482313332066,0.325
9502.6,3.4781802468186496,0.325
9504.6,3.4779735673697427,0.325
9506.6,3.477689284002783,0.325
9508.6,3.477489670674599,0.325
9510.6,3.477393260791709,0.325
9512.6,3.467711363055338,0.7360204717699799
9514.6,3.443567618660669,1.7149352911164988
9516.6,3.4244067934852658,2.447401473972169
9518.6,3.4581647992780993,0.8843820484548337
9520.6,3.4633296195845724,0.6615064194272576
9522.6,3.4533170374190227,1.0516040497787689
9524.6,3.4533500340329333,1.0216685026692292
9526.6,3.4684914743463744,0.3451822990358794
9528.6,3.485365821332707,-0.33345674083904964
9530.6,3.475235575170022,0.12324742353584146
9532.6,3.459835859737416,0.7963098695541029
9534.6,3.4630960077898543,0.6185961359666297
9536.6,3.4696121401927584,0.3463547095638373
9538.6,3.458880461730169,0.7912242383716465
9540.6,3.4516815232035594,1.0689109680704552
9542.6,3.462705347476475,0.5706575371953512
9544.6,3.4660820404913153,0.4168728603891837
9546.6,3.4751566144631725,0.031430612373213485
9548.6,3.4685572172668917,0.3348526104367869
9550.6,3.4673660905023174,0.3733262848745984
9552.6,3.467685806241769,0.3706124545927048
9554.6,3.4734160207537497,0.1330405639235005
9556.6,3.4714797828480877,0.22017681708760728
9558.6,3.469635387798236,0.30069226889615036
9560.6,3.4696702168687374,0.3
9562.6,3.4697365169790904,0.3
9564.6,3.469717470764422,0.3036517477915534
9566.6,3.4692598796202625,0.32511483778602845
9568.6,3.4605795465005476,0.6862986991809465
9570.6,3.4681106486609674,0.3594699929499026
9572.6,3.4674059023490478,0.3897849174111868
9574.6,3.4652553415110487,0.47695831941919464
9576.6,3.456189855565094,0.8522921555587816
9578.6,3.462734510021611,0.5393782576761652
9580.6,3.4617899093024715,0.5668972549131803
9582.6,3.457802509669331,0.7222222420832581
9584.6,3.45265012567167,0.9266156278791347
9586.6,3.458625267059449,0.6449971091900021
9588.6,3.4581809061949547,0.649937379534202
9590.6,3.4572700063893476,0.6795019667750635
9592.6,3.455174005935062,0.750996863834891
9594.6,3.453287535645689,0.7995873097221067
9596.6,3.4571403193463177,0.634125283452861
9598.6,3.4527626034163417,0.7943295228435251
9600.6,3.450459161376104,0.875
9602.6,3.463044039122961,0.325
9604.6,3.4486793467308163,0.924005610215643
9606.6,3.460145121209552,0.4238241769652547
9608.6,3.4651257730016902,0.2112065525467351
9610.6,3.4627815353859206,0.3249888033003371
9612.6,3.4631370539237687,0.325
9614.6,3.466584789638363,0.1833512653574072
9616.6,3.464620365397507,0.2796768141078911
9618.6,3.465445789175025,0.250066537973563
9620.6,3.4638524068732623,0.325
9622.6,3.4639484632714055,0.325
9624.6,3.4640358360787458,0.325
9626.6,3.4640393259849245,0.325
9628.6,3.463830464209493,0.325
9630.6,3.4643742229868386,0.3
9632.6,3.4640662046754116,0.327682828192016
9634.6,3.464134521753013,0.325
9636.6,3.4635032437082907,0.3541250024391226
9638.6,3.4590003687990505,0.5304975624103474
9640.6,3.463629158626617,0.332902015613671
9642.6,3.4634654550013724,0.325
9644.6,3.4638003469611625,0.325
9646.6,3.4635825808721683,0.325
9648.6,3.4636153104534078,0.325
9650.6,3.46367504537242,0.325
9652.6,3.463797991348322,0.325
9654.6,3.4635206448480718,0.325
9656.6,3.4624230088049184,0.3724351219457198
9658.6,3.4633894798886367,0.325
9660.6,3.4634572723678363,0.3268997502579622
9662.6,3.4642483093118877,0.3
9664.6,3.464024437062958,0.3
9666.6,3.4540657108776056,0.7249551392752281
9668.6,3.4633724856090886,0.325
9670.6,3.4638377686506083,0.3007690490832792
9672.6,3.463909496272082,0.3
9674.6,3.3768956958804996,3.984368216288466
9676.6,3.366963890043096,4.233361902063129
9678.6,3.456266557438361,0.3240976991332355
9680.6,3.443028781918661,0.8802322735883356
9682.6,3.4562054561548603,0.32009573311725525
9684.6,3.466699295645491,-0.11285340157429832
9686.6,3.458696754187411,0.2551235147763943
9688.6,3.450623220595347,0.6146525228109396
9690.6,3.4398769482502414,1.0358492798579615
9692.6,3.4443303834921446,0.8243067799707349
9694.6,3.4431492561631467,0.8495787496715055
9696.6,3.4273463339218826,1.4742610744731681
9698.6,3.4400540868340315,0.8899863914365393
9700.6,3.4519334015052996,0.3663580437034289
9702.6,3.452809187943041,0.3374958632206364
9704.6,3.4674602396743754,-0.24072020518301873
9706.6,3.453762724478175,0.3685303767923639
9708.6,3.4483151502264073,0.6180385631074545
9710.6,3.4451434965928875,0.7213696312440843
9712.6,3.44716962875269,0.6137795964606608
9714.6,3.4537695107701603,0.3470215271758071
9716.6,3.454350179541806,0.3354370301294913
9718.6,3.4450810252494635,0.7358739388504242
9720.6,3.4317742344823334,1.2816896167114455
9722.6,3.4412129760108225,0.8375429767659246
9724.6,3.4528460305171125,0.35
9726.6,3.44182587009612,0.8208779934782294
9728.6,3.452645457162157,0.35054279795996957
9730.6,3.4765492180066233,-0.6565911261087041
9732.6,3.4562889810388517,0.2642797960881539
9734.6,3.4565649915071863,0.275
9736.6,3.4516236656790054,0.49682974233893706
9738.6,3.4533178009756296,0.4349315236952974
9740.6,3.4517143562977077,0.4947079554341618
9742.6,3.4382910422548,1.0801092461381352
9744.6,3.455118243732174,0.31382184475708425
9746.6,3.46358614608562,-0.03417669698325812
9748.6,3.4561484083823237,0.30977055206027493
9750.6,3.449114722138534,0.6
9752.6,3.45612941051176,0.31574657489992697
9754.6,3.4478051748358083,0.6773368611089279
9756.6,3.4557763480648176,0.3142055987314391
9758.6,3.436048983715194,1.2092199325283315
9760.6,3.4383016755704436,1.059293378907505
9762.6,3.4541328485063345,0.3333869852920624
9764.6,3.4661111333655903,-0.1558927391564579
9766.6,3.457121154472423,0.2745405511267407
9768.6,3.457248077956927,0.275
9770.6,3.4579022627774094,0.275
9772.6,3.457353172648937,0.2981845609572351
9774.6,3.456634985721644,0.35011474534141
9776.6,3.4568012239567216,0.3500378211367653
9778.6,3.4611443202062677,0.16212357870754623
9780.6,3.4647152516594133,0.025
9782.6,3.4658317376249252,0.0
9784.6,3.4663699493026843,0.0
9786.6,3.4668599151761765,0.0
9788.6,3.4673071169787626,0.0
9790.6,3.46771639410608,0.0
9792.6,3.4680920191430404,0.0
9794.6,3.467858535902307,0.025
9796.6,3.4681496423090072,0.025
9798.6,3.4684212810214823,0.025
9800.6,3.4686746798450736,0.025
9802.6,3.468911813836368,0.025
9804.6,3.469134433645169,0.025
9806.6,3.4693440907911577,0.025
9808.6,3.469542160127892,0.025
9810.6,3.469729859803269,0.025
9812.6,3.469908268991994,0.025
9814.6,3.470078343645686,0.025
9816.6,3.4702075635067655,0.025
9818.6,3.4703340396351323,0.025
9820.6,3.4704772598527343,0.025
9822.6,3.4706442910773423,0.025
9824.6,3.470752558943128,0.025
9826.6,3.4708863106404113,0.025
9828.6,3.4710170356784755,0.025
9830.6,3.471158371046985,0.025
9832.6,3.471306482925871,0.025
9834.6,3.4714205203677033,0.025
9836.6,3.4715316789574935,0.025
9838.6,3.471640181271642,0.025
9840.6,3.471746224549135,0.025
9842.6,3.471849983625352,0.025
9844.6,3.47195161353008,0.025
9846.6,3.4720512517876996,0.025
9848.6,3.4721490204532603,0.025
9850.6,3.4722450279144006,0.025
9852.6,3.4723393704857095,0.025
9854.6,3.4724321338191455,0.025
9856.6,3.472523394151475,0.025
9858.6,3.47261833046457,0.025
