time,voltage,current
0.7000000000000001,4.096546512916809,0.025
2.7,4.096492482113777,0.025
4.7,4.096450268021702,0.025
6.7,4.0964215630183105,0.025
8.700000000000001,4.096394882319531,0.025
10.700000000000001,4.096379817340489,0.025
12.700000000000001,4.096402713671587,0.025
14.700000000000001,4.096427181612726,0.025
16.7,4.096453094224973,0.025
18.7,4.096480334940225,0.025
20.700000000000003,4.096434329850018,0.025
22.700000000000003,4.096409941300416,0.025
24.700000000000003,4.094823999725162,0.075
26.700000000000003,4.093942805221698,0.10028048347830504
28.700000000000003,4.0811082030574495,0.4939305989209507
30.700000000000003,4.069719908430931,0.8249089928468754
32.7,4.093492632017234,0.04759110469117122
34.7,4.093599078988482,0.046713123032849746
36.7,4.093693330507213,0.04650717807417556
38.7,4.077804732369542,0.5497471936238991
40.7,4.089957770671723,0.1494367943257852
42.7,4.090932436931734,0.11679098795502342
44.7,4.091836348230726,0.08722897030775316
46.7,4.08323097775455,0.35488175773848074
48.7,4.080557020500726,0.4223283358235326
50.7,4.0748658067335075,0.5742054973294319
52.7,4.090523893860298,0.06925177735648767
54.7,4.092217769108768,0.020634948651925656
56.7,4.096025352523405,-0.0812020091950219
58.7,4.094606932893959,-0.02493646858199703
60.7,4.093188250965315,0.025
62.7,4.085771722197924,0.2612318235461665
64.7,4.078815895800592,0.4662463668197217
66.7,4.095827777714755,-0.072077254693273
68.7,4.092971282454259,0.025
70.7,4.084496308113599,0.3001227496197638
72.7,4.073840424888013,0.6141981681365346
74.7,4.076037575595397,0.5147873680970966
76.7,4.059390567885856,1.0526620424088855
78.7,4.0896749752998085,0.06153266631078766
80.7,4.116118720460591,-0.75563382296743
82.7,4.114881934589183,-0.6786123335258666
84.7,4.0925671359334,0.05684095643940554
86.7,4.061705664273691,1.0211835040658583
88.7,4.047617861541645,1.4221189609292164
90.7,4.089128826226745,0.06592797245061802
92.7,4.11179154937183,-0.6492216555095738
94.7,4.108189133484274,-0.4894542750360187
96.7,4.108058307962514,-0.45618642979432744
98.7,4.100489851663603,-0.1909840001123859
100.7,4.079710540254593,0.47697909008875106
102.7,4.052387041337607,1.3010243194726945
104.7,4.090566360105865,0.059715712977777904
106.7,4.090090087050096,0.07477741075774866
108.7,4.090332960365186,0.06667248183028017
110.7,4.092388040152757,0.020005787526184465
112.7,4.093318866327048,0.00012714276424023382
114.7,4.09345590103493,0.0
116.7,4.093578526496315,0.0
118.7,4.090027661203069,0.0983998276453879
120.7,4.088503405231274,0.14388061748738523
122.7,4.092176300136908,0.021866733127417114
124.7,4.111978103437604,-0.5735868444260129
126.7,4.105805192674977,-0.34808364825058474
128.70000000000002,4.094326723530548,0.02517223981844392
130.70000000000002,4.094299186495167,0.025
132.70000000000002,4.094268411333134,0.025
134.70000000000002,4.094239594669882,0.025
136.70000000000002,4.09421257644885,0.025
138.70000000000002,4.094187209680647,0.025
140.70000000000002,4.0941633593762425,0.025
142.70000000000002,4.094140901567252,0.025
144.70000000000002,4.094124429409742,0.025
146.70000000000002,4.094111689513735,0.025
148.70000000000002,4.094098485348649,0.025
150.70000000000002,4.094014765221342,0.025
152.70000000000002,4.094011824853088,0.025
154.70000000000002,4.09401445296734,0.025
156.70000000000002,4.094017847339184,0.025
158.70000000000002,4.094015466022273,0.025
160.70000000000002,4.094007337192178,0.025
162.70000000000002,4.093964368574322,0.025
164.70000000000002,4.093979196112307,0.025
166.70000000000002,4.093996183461417,0.025
168.70000000000002,4.079571813061586,0.47930515929728806
170.70000000000002,4.048036291852754,1.443028341061562
172.70000000000002,4.0215476207832745,2.1951260121211655
174.70000000000002,4.080776312792183,0.25222249959382054
176.70000000000002,4.08804894931875,0.02871517245235651
178.70000000000002,4.105812203581735,-0.5000458672170148
180.70000000000002,4.112639773425151,-0.6869801067995962
182.70000000000002,4.111280822519106,-0.6052789988995486
184.70000000000002,4.108844404993315,-0.4989643219692399
186.70000000000002,4.1091210018225235,-0.4713057253195782
188.70000000000002,4.1077394634308915,-0.40091330894923966
190.70000000000002,4.108186796832343,-0.4061422089697144
192.70000000000002,4.105544198776628,-0.3015190578798951
194.70000000000002,4.0955911426601865,0.024997294553518422
196.70000000000002,4.095457319169774,0.025002339097420747
198.70000000000002,4.095300889176101,0.025
200.70000000000002,4.094357880934975,0.04994221940964392
202.70000000000002,4.094137520957085,0.05
204.70000000000002,4.094766288572453,0.025
206.70000000000002,4.094641673285349,0.025
208.70000000000002,4.0945323116854055,0.025
210.70000000000002,4.094441471368343,0.025
212.70000000000002,4.094365114767881,0.025
214.70000000000002,4.0943054391860745,0.025
216.70000000000002,4.094250648917632,0.025
218.70000000000002,4.094200345179607,0.025
220.70000000000002,4.09411489762044,0.025
222.70000000000002,4.094040934136726,0.025
224.70000000000002,4.094016964816279,0.025
226.70000000000002,4.093996186884085,0.025
228.70000000000002,4.093978339816192,0.025
230.70000000000002,4.0766760389795635,0.575345222733731
232.70000000000002,4.042127952565079,1.6204166131002633
234.70000000000002,4.0845794949116,0.23253035040210038
236.70000000000002,4.092000928809632,-0.012630144066324782
238.70000000000002,4.093094795081965,-0.041098755393200494
240.70000000000002,4.0920022084673215,-4.237156981791259e-07
242.70000000000002,4.111884886285152,-0.5998595461479695
244.70000000000002,4.114205103682402,-0.6344189106150578
246.70000000000002,4.1077268743639435,-0.40027735388375635
248.70000000000002,4.104199515227128,-0.275
250.70000000000002,4.101989809765456,-0.19999955921442725
252.70000000000002,4.098255895717657,-0.075
254.70000000000002,4.095067747467205,0.025
256.7,4.094958423903921,0.025
258.7,4.09485800061606,0.025
260.7,4.094765751316059,0.025
262.7,4.09462463672979,0.025
264.7,4.0945354170229304,0.025
266.7,4.088809974472331,0.20570516215976614
268.7,4.062496844541874,1.0240053373169196
270.7,4.0568865205793445,1.1371402289468577
272.7,4.080626813797057,0.3615787210411727
274.7,4.066893445047707,0.7766570550404299
276.7,4.057536047097363,1.0354234062227572
278.7,4.060902819303506,0.890339001305363
280.7,4.071964781458067,0.5173820386713367
282.7,4.084047173207712,0.12021763599731575
284.7,4.086956873530474,0.0386966094633147
286.7,4.0747824682223,0.4220305101814583
288.7,4.087406704250009,0.012421888890294908
290.7,4.086771215696127,0.042287926414028905
292.7,4.087355056964012,0.03221411293341659
294.7,4.0872492800337294,0.04344693084036094
296.7,4.0996017483450675,-0.3355058199323106
298.7,4.099371953951754,-0.2996915450616516
300.7,4.0993334193049655,-0.27486301200279145
302.7,4.098650694127091,-0.23436029019380436
304.7,4.106273972353108,-0.46240581741937276
306.7,4.109992908632325,-0.5572640441656422
308.70000000000005,4.099874026303642,-0.21161774686995627
310.70000000000005,4.095776743589796,-0.07516798475557414
312.70000000000005,4.096941226198558,-0.10481948011765407
314.70000000000005,4.093893483508515,-0.0004657160267298628
316.70000000000005,4.093071880664017,0.024999887638892493
318.70000000000005,4.092976547180052,0.025
320.70000000000005,4.092885625900484,0.025
322.70000000000005,4.09279875299848,0.025
324.70000000000005,4.092748901532682,0.025
326.70000000000005,4.092712676641319,0.025
328.70000000000005,4.092657217569006,0.025
330.70000000000005,4.092601949568138,0.025
332.70000000000005,4.092558461024356,0.025
334.70000000000005,4.075086322018491,0.5804467935446653
336.70000000000005,4.006830092651896,2.7010743176650074
338.70000000000005,4.044880897563752,1.3559188539425557
340.70000000000005,4.07470441312197,0.37306399650467537
342.70000000000005,4.068174386756566,0.5865097553177447
344.70000000000005,4.064414504414846,0.6847852242715208
346.70000000000005,4.085005487166087,0.0224870321553047
348.70000000000005,4.071172429560451,0.4811303172970501
350.70000000000005,4.073475346664285,0.40109834997084604
352.70000000000005,4.08401265994972,0.05851819572029568
354.70000000000005,4.0855429540919515,0.023185817038079794
356.70000000000005,4.086264737637368,0.00277855561909145
358.70000000000005,4.085948777125366,0.023854473687167817
360.70000000000005,4.086414147672394,0.018984496465825826
362.70000000000005,4.074239910185128,0.40931243731319655
364.70000000000005,4.073343196534565,0.42763139218487756
366.70000000000005,4.08026454107242,0.20902798895162508
368.70000000000005,4.08589103780533,0.02970530763329913
370.70000000000005,4.085967350166035,0.03629563361161493
372.70000000000005,4.097591111005727,-0.3191211493076922
374.70000000000005,4.108416867688508,-0.6523558113143311
376.70000000000005,4.107212977809804,-0.5718656233695399
378.70000000000005,4.1098230191185126,-0.6214922296786725
380.70000000000005,4.103802773704351,-0.40189143025262253
382.70000000000005,4.097048453263179,-0.16730475373948955
384.70000000000005,4.091971329827844,-1.1678681076207522e-07
386.70000000000005,4.091163095364635,0.025
388.70000000000005,4.091103149835156,0.025
390.70000000000005,4.091837737441876,0.0
392.70000000000005,4.091829913044641,0.0
394.70000000000005,4.0442353559512485,1.517980063344324
396.70000000000005,4.020431321073105,2.159358752547389
398.70000000000005,4.028239542927577,1.8253828190717245
400.70000000000005,4.062517482299643,0.6674211255520225
402.70000000000005,4.081647163131067,0.0502163061753313
404.70000000000005,4.081279027363637,0.0726511397980368
406.70000000000005,4.082322400050021,0.052600832499696035
408.70000000000005,4.083227058591092,0.034726838380853976
410.70000000000005,4.08356807416964,0.03670785333873347
412.70000000000005,4.08368307982795,0.045431924429207224
414.70000000000005,4.09658616382203,-0.3611121783332265
416.70000000000005,4.106930116678513,-0.6496837438321674
418.70000000000005,4.1055779798847185,-0.5621236365110011
420.70000000000005,4.103965744478156,-0.4858712388433252
422.70000000000005,4.093308280417366,-0.12492405844800758
424.70000000000005,4.0895982576053225,-5.297207060881814e-05
426.70000000000005,4.088847681081954,0.025
428.70000000000005,4.0888658846536154,0.025
430.70000000000005,4.089687095903322,0.0
432.70000000000005,4.0897413450641675,0.0
434.70000000000005,4.08979210182388,0.0
436.70000000000005,4.089839645891694,0.0
438.70000000000005,4.089884234247323,0.0
440.70000000000005,4.089926102989555,0.0
442.70000000000005,4.089965469034502,0.0
444.70000000000005,4.090002531675718,0.0
446.70000000000005,4.090037474017426,0.0
448.70000000000005,4.090070464291175,0.0
450.70000000000005,4.090101657065407,0.0
452.70000000000005,4.09013119435665,0.0
454.70000000000005,4.090159206650326,0.0
456.70000000000005,4.090185813838532,0.0
458.70000000000005,4.090211126081559,0.0
460.70000000000005,4.090235244599322,0.0
462.70000000000005,4.090258262398441,0.0
464.70000000000005,4.090280264940164,0.0
466.70000000000005,4.090301330753982,0.0
468.70000000000005,4.090321532001326,0.0
470.70000000000005,4.090340934993426,0.0
472.70000000000005,4.090359600667035,0.0
474.70000000000005,4.090377585021481,0.0
476.70000000000005,4.090394939520154,0.0
478.70000000000005,4.090411711459352,0.0
480.70000000000005,4.090427944307114,0.0
482.70000000000005,4.090443678014512,0.0
484.70000000000005,4.090458949301603,0.0
486.70000000000005,4.090473791920145,0.0
488.70000000000005,4.090488236894935,0.0
490.70000000000005,4.090502312745511,0.0
492.70000000000005,4.090516045689841,0.0
494.70000000000005,4.090529459831429,0.0
496.70000000000005,4.090542577331209,0.0
498.70000000000005,4.082621716376533,0.25573155622307786
500.70000000000005,4.041568431978525,1.550944343735278
502.70000000000005,4.018926495302217,2.182098741277825
504.70000000000005,4.056684722663799,0.88324567984774
506.70000000000005,4.069379270929162,0.4662691979285294
508.70000000000005,4.074207072601204,0.301825584088958
510.70000000000005,4.077451954304475,0.19436081658168766
512.7,4.077694461559226,0.19151212271044443
514.7,4.075211108051553,0.27240506618254573
516.7,4.106335119553738,-0.7143491443907928
518.7,4.110506154001708,-0.7962247376181075
520.7,4.107287627909924,-0.6540042252911148
522.7,4.1007496462514155,-0.40882260906430906
524.7,4.08967249230635,-0.0265862961004668
526.7,4.08816586534533,0.025
528.7,4.088183206901018,0.025
530.7,4.088984639695229,0.0
532.7,4.089057940574842,0.0
534.7,4.089126222545641,0.0
536.7,4.08918988905895,0.0
538.7,4.089249310800164,0.0
540.7,4.089304828351399,0.0
542.7,4.089356754637747,0.0
544.7,4.089405377174742,0.0
546.7,4.089450960133194,0.0
548.7,4.089493746236202,0.0
550.7,4.089533958502033,0.0
552.7,4.089571801845335,0.0
554.7,4.089607464548257,0.0
556.7,4.089641119611995,0.0
558.7,4.089672925998517,0.0
560.7,4.089703029771375,0.0
562.7,4.089731565143807,0.0
564.7,4.089758655441668,0.0
566.7,4.081765827319003,0.2551337103402085
568.7,4.055309627409108,1.0761465469218834
570.7,4.028013327156311,1.8906643070608573
572.7,4.0708691345587225,0.4458636699254058
574.7,4.0834336330591325,0.04344805055059505
576.7,4.083672484231464,0.04527935426076832
578.7,4.104135849016897,-0.6092229901643753
580.7,4.0921292745428755,-0.1944486620776846
582.7,4.100009469951162,-0.4249884620251222
584.7,4.095944908133721,-0.2750003019019942
586.7,4.0925737282987,-0.1501875410613265
588.7,4.089753679691821,-0.05
590.7,4.087519737023886,0.025
592.7,4.087554935732633,0.025
594.7,4.088202025930871,0.005448804389981311
596.7,4.08530555055305,0.10037756229831506
598.7,4.058640471634971,0.947078146461181
600.7,4.029030169979765,1.8417039548342493
602.7,4.04176183459154,1.3590884740389084
604.7,4.054371568209103,0.9101622116272119
606.7,4.062348935209563,0.6407312725523149
608.7,4.062925849650496,0.6087041630877994
610.7,4.070208029293384,0.35962215380599216
612.7,4.080281098262944,0.03909264116288465
614.7,4.080971055177426,0.031227203708133477
616.7,4.057580806993115,0.7874970309709474
618.7,4.0729759834591,0.2743991678363325
620.7,4.080302415294316,0.0458619983200029
622.7,4.069238805549309,0.4117309687857969
624.7,4.065194862288419,0.5351478395035276
626.7,4.055206294799409,0.8309340689485992
628.7,4.05572943199694,0.7874903886868053
630.7,4.059572246794169,0.6469633161235703
632.7,4.072702873408509,0.21765664103993995
634.7,4.063084555987074,0.5389446215063707
636.7,4.063558460011837,0.5200344849930205
638.7,4.078850749185735,0.026667811434248533
640.7,4.078477541335783,0.050248639978319326
642.7,4.064442951147345,0.5159586768115042
644.7,4.075301941314888,0.15588288835121447
646.7,4.079029935222577,0.04522882503128099
648.7,4.0796405217449205,0.03717620394168205
650.7,4.094573953991748,-0.4264345356791094
652.7,4.092784893819718,-0.3439142437162477
654.7,4.099174514121384,-0.5359180073787764
656.7,4.093479252812793,-0.31958359721755913
658.7,4.094515488581773,-0.33917973172821037
660.7,4.094577621893566,-0.30387520967988507
662.7,4.096448019703576,-0.3500003699300169
664.7,4.089245330459832,-0.09999869331014301
666.7,4.092367489733163,-0.19777214826397338
668.7,4.096591198167136,-0.325
670.7,4.095430129453608,-0.2619906487546138
672.7,4.0864717329815345,0.03235961588701385
674.7,4.086598670811459,0.025828676697826656
676.7,4.08510051897938,0.07284555914248256
678.7,4.06265209117004,0.778968445772989
680.7,4.071127060678397,0.4849165002302642
682.7,4.068540898261845,0.5348602395542802
684.7,4.082763855189326,0.06058876634002283
686.7,4.099985123083169,-0.49096675619406516
688.7,4.085168011176311,0.0
690.7,4.07589296532714,0.29760452406887716
692.7,4.074660718973841,0.33172677982847004
694.7,4.059184325276317,0.8115658042674873
696.7,4.069977668448124,0.42693324108820196
698.7,4.06395695257515,0.6169484536702372
700.7,4.054324580394754,0.892304508931547
702.7,4.080715860808606,0.022507567134233852
704.7,4.075958383130508,0.1848914888320418
706.7,4.080729323802301,0.0309413880690883
708.7,4.080668834665342,0.04019797592686334
710.7,4.102823984200513,-0.6699499578908471
712.7,4.103129342516671,-0.6508285934703326
714.7,4.107937186946758,-0.7823647686733682
716.7,4.084527880533015,0.0
718.7,4.08464816728751,0.018254796886086465
720.7,4.098455410771021,-0.42724367113214323
722.7,4.094795342956774,-0.28399992825066994
724.7,4.085404029138806,0.025
726.7,4.08538227691529,0.025
728.7,4.085363934590245,0.025
730.7,4.085348721522533,0.025
732.7,4.08533637982943,0.025
734.7,4.08532667254251,0.025
736.7,4.085319381912943,0.025
738.7,4.085314307854138,0.025
740.7,4.085276567733665,0.025
742.7,4.084406092142933,0.05
744.7,4.08434250088698,0.05
746.7,4.084306154880807,0.05000021604489159
748.7,4.052603102011959,1.0592364682295408
750.7,4.082772879475254,0.05589389551869335
752.7,4.067682565879538,0.5405555488123109
754.7,4.0345406401618895,1.5739017902547492
756.7,4.027217433258535,1.7471032482999118
758.7,4.06625044699365,0.41487465349913677
760.7,4.070336579433869,0.2746853002539622
762.7,4.066511424944328,0.4043925183522983
764.7,4.072820630686087,0.19351422438286278
766.7,4.078160876400958,0.029152288966589612
768.7,4.078424437545431,0.03407767047606795
770.7,4.0787378219523935,0.03580187762358928
772.7,4.097672295626321,-0.5744657413971291
774.7,4.095151188454514,-0.45414344548070323
776.7,4.096928459122169,-0.4750210575270504
778.7,4.090210565544939,-0.22846273754096222
780.7,4.085207848723122,-0.05155939412850535
782.7,4.0830161877092115,0.025
784.7,4.083132144337536,0.025
786.7,4.083213814065248,0.025
788.7,4.0832874576087494,0.025
790.7,4.083356190499044,0.025
792.7,4.083420405264551,0.025
794.7,4.083461447441209,0.025
796.7,4.083509461360438,0.025
798.7,4.0836051026667075,0.025
800.7,4.083673157184246,0.025
802.7,4.0837090503612785,0.025
804.7,4.083742196939279,0.025
806.7,4.083772814471134,0.025
808.7,4.083783272832392,0.025
810.7,4.083822542653488,0.025
812.7,4.083876285284915,0.025
814.7,4.083876961701658,0.025
816.7,4.083875959867776,0.025
818.7,4.08387341101026,0.025
820.7,4.083872768378852,0.025
822.7,4.083874549964786,0.025
824.7,4.08387511798099,0.025
826.7,4.083874566135938,0.025
828.7,4.08387298057599,0.025
830.7,4.083870440497282,0.025
832.7,4.068654141701702,0.5182484469878913
834.7,4.036640403808975,1.5222578109539564
836.7,4.070124815279125,0.3650217031430524
838.7,4.055812249386614,0.8188962769835051
840.7,4.065623138374431,0.47119977519086953
842.7,4.054661415456885,0.8069275482823206
844.7,4.053159141938342,0.8318464171679684
846.7,4.059260936511,0.6038141076650061
848.7,4.069972810470088,0.2543532913948907
850.7,4.065470167162998,0.3885292163147296
852.7,4.076601234664084,0.031723578857076606
854.7,4.0769263438768375,0.03479420220111763
856.7,4.076772509005421,0.0519149098661799
858.7,4.071451713824381,0.22933129504354446
860.7,4.07789068585526,0.027267095939248743
862.7,4.078111042887466,0.02996910977487574
864.7,4.078158185754174,0.03761044158559445
866.7,4.098853966460133,-0.6145919157340611
868.7,4.093182450122092,-0.39519387381109683
870.7,4.09668404865489,-0.47955537290013384
872.7,4.101331305470072,-0.5988295275714346
874.7,4.089870092518696,-0.20200800280337933
876.7,4.083067722668065,0.025
878.7,4.083043750052377,0.025
880.7,4.0830372764456495,0.025
882.7,4.083032065003062,0.025
884.7,4.083028008763464,0.025
886.7,4.083025009434346,0.025
888.7,4.083022976690987,0.025
890.7,4.083021827532278,0.025
892.7,4.083021485688622,0.025
894.7,4.083052553995243,0.025
896.7,4.083109012888026,0.025
898.7,4.083166085450184,0.025
900.7,4.0832237173182495,0.025
902.7,4.083220067882394,0.025
904.7,4.083193063908664,0.025
906.7,4.065656734168881,0.5851484343070378
908.7,4.0553746017667835,0.889518080430026
910.7,4.076596850931078,0.1751006515876654
912.7,4.048884453517093,1.0675424214787617
914.7,4.0777291695559335,0.07738176185885341
916.7,4.07801146929178,0.07340501143899375
918.7,4.0785473986020735,0.06081821450750784
920.7,4.0811774503724285,6.019705370876633e-08
922.7,4.082125093896362,-0.02469459403670784
924.7,4.081572384959022,0.0
926.7,4.088750636870198,-0.21901745508384995
928.7,4.085062187351457,-0.07672384903990213
930.7,4.058912936726388,0.773941371842811
932.7,4.069647988644561,0.3887154616372924
934.7,4.081243800822419,0.019138936623323673
936.7,4.062743106629059,0.6133291807013799
938.7,4.079679953268671,0.04827218876954459
940.7,4.094959463944049,-0.41927547737759163
942.7,4.081593977319045,0.025
944.7,4.081724539350843,0.025
946.7,4.081849357132063,0.025
948.7,4.081969449426585,0.025
950.7,4.082079968083135,0.025
952.7,4.082095209391509,0.025
954.7,4.082888249057406,0.0
956.7,4.082973035929647,0.0
958.7,4.08305229973564,0.0
960.7,4.083126480427976,0.0
962.7,4.083195982457998,0.0
964.7,4.0832611776426475,0.0
966.7,4.062590305448262,0.668033387050931
968.7,4.037133403452065,1.4581781969496992
970.7,4.055732659935201,0.8182556829653659
972.7,4.068282313001049,0.37380449579432595
974.7,4.075506553339861,0.12984692008500415
976.7,4.076948327405555,0.08834415016894127
978.7,4.098608087779222,-0.6195774155703715
980.7,4.088445593851766,-0.26326621905494213
982.7,4.086130215100072,-0.17523397041888317
984.7,4.091825844208466,-0.3549493154369332
986.7,4.090270573462176,-0.28690817917544525
988.7,4.087621314327423,-0.17757796751153493
990.7,4.081655117112534,0.025
992.7,4.06186474653136,0.663114358653524
994.7,4.043519462625508,1.2284849391606754
996.7,4.048102156999354,1.0239402685822543
998.7,4.057526165074084,0.673003392769311
1000.7,4.075873150171754,0.07071445368218666
1002.7,4.0652664888347205,0.42506871919805844
1004.7,4.071458313410248,0.22128965625499403
1006.7,4.071950746177393,0.20156945446622707
1008.7,4.077687396057727,0.02050464698409969
1010.7,4.111788349743318,-1.0713020169196694
1012.7,4.095674165751886,-0.47223019527469545
1014.7,4.0800790506734135,0.04858965992382436
1016.7,4.0578175691299245,0.7641294744403088
1018.7,4.039855416290184,1.321451891941236
1020.7,4.033093875159196,1.48142451914314
1022.7,4.039165490459694,1.2267206182835648
1024.7,4.059767690833461,0.4952147692680924
1026.7,4.073345847799842,0.05550750472701517
1028.7,4.073977984801993,0.04958541984449176
1030.7,4.074437358419403,0.048337317333576504
1032.7,4.074944229413304,0.04442894092904215
1034.7,4.09806267652569,-0.7041462778799198
1036.7,4.104302983694937,-0.8461368428118166
1038.7,4.085497034234452,-0.1927643218799666
1040.7,4.079125760196233,0.025
1042.7,4.079300386353937,0.025
1044.7,4.079465030122996,0.025
1046.7,4.079621310435501,0.025
1048.7,4.068717470303327,0.38933394110786934
1050.7,4.0463987071278495,1.0873768148805847
1052.7,4.024594214393929,1.7527941651778538
1054.7,4.059074400630271,0.5831038782166428
1056.7,4.070771608563763,0.18773402615554735
1058.7,4.074069589152011,0.0892804274169169
1060.7,4.0677244737815625,0.2994833236971582
1062.7,4.069016215092256,0.2546701320577638
1064.7,4.0723452549726264,0.14344675214882094
1066.7,4.074415550010026,0.08083147062641675
1068.7,4.0744277022387365,0.08863199745845593
1070.7,4.070460858695748,0.22152250868669499
1072.7,4.070080321003286,0.22764317662580905
1074.7,4.07608488967321,0.03733586032407798
1076.7,4.075939732712175,0.05002385120547706
1078.7,4.076475919357539,0.03858030569595149
1080.7,4.076739642934073,0.035445378270323534
1082.7,4.075028736641481,0.09200333670580857
1084.7,4.076168929222797,0.06162984725804055
1086.7,4.092646438567218,-0.4633813094743564
1088.7,4.07877045848286,0.032266014376596895
1090.7,4.048419710602074,1.016951422762864
1092.7,4.052415521401613,0.851456258659264
1094.7,4.069367843218358,0.2583365030087652
1096.7,4.069340587853485,0.25501033724508215
1098.7,4.056472582546488,0.6845436820992132
1100.7,4.055386649276316,0.6952755209405528
1102.7,4.073038340838308,0.0946758536048046
1104.7,4.07536793045248,0.028661518854698132
1106.7,4.065042457122869,0.38195723672170856
1108.7,4.061924780478301,0.4727449753010996
1110.7,4.055083544005446,0.6997434337127671
1112.7,4.053332206637682,0.7249999720806714
1114.7,4.073383945619292,0.04308803559511918
1116.7,4.073500256513397,0.05222644669471246
1118.7,4.065988547470182,0.30068311660965014
1120.7,4.065683266697454,0.31893456788684277
1122.7,4.066885023884176,0.2656857447941941
1124.7,4.065407478512331,0.3224903207479642
1126.7,4.070098306951169,0.1598474003876763
1128.7,4.063605374732273,0.376740259822697
1130.7,4.063266889758313,0.3825663227562071
1132.7,4.0735671712868875,0.04294792602872789
1134.7,4.0637306827827615,0.37328953440037616
1136.7,4.064099706881996,0.35893793874359253
1138.7,4.056465061884556,0.6033992907361748
1140.7,4.058881063298723,0.5214724167664212
1142.7,4.0601937751100605,0.45841159187904706
1144.7,4.072425095320028,0.04334467998163106
1146.7,4.069423278792558,0.15158040905168849
1148.7,4.067773921907134,0.20438928475496693
1150.7,4.067264436446229,0.22240807828142276
1152.7,4.063051685990226,0.3686330566284991
1154.7,4.056763033586274,0.561450919606413
1156.7,4.06655983058856,0.22757981803972174
1158.7,4.071534054513552,0.07495941268500567
1160.7,4.067310550531658,0.22091368378007703
1162.7,4.063191333101673,0.3480053381066886
1164.7,4.069579197986544,0.13110438355189852
1166.7,4.069997523842697,0.12531207846369438
1168.7,4.070229162910164,0.12237595107459491
1170.7,4.073897929677776,0.004495551741405375
1172.7,4.065191357111486,0.30839016152086657
1174.7,4.063717925739525,0.3530005999771861
1176.7,4.035139392138198,1.2774100312339511
1178.7,4.037971461111276,1.145913210189155
1180.7,4.05427395880252,0.5704641161195755
1182.7,4.057637543391374,0.4494051926515391
1184.7,4.06060895424392,0.3477581538323212
1186.7,4.057305497288198,0.4488294383016713
1188.7,4.050563157204085,0.6754051040635333
1190.7,4.050334233940839,0.6626127090274727
1192.7,4.045389056923887,0.8112205597292567
1194.7,4.059116409049376,0.34685624014050875
1196.7,4.0499131357385485,0.6469936283367526
1198.7,4.049517648841993,0.6495748877172829
1200.7,4.068348662949501,0.026814642829493456
1202.7,4.043743320764558,0.8464670030824011
1204.7,4.067695087951007,0.03969570105482791
1206.7,4.068667215885406,0.025283273262722648
1208.7,4.068601391432751,0.04391187796774397
1210.7,4.069281798635899,0.032468273058899697
1212.7,4.104078387716307,-1.1023114592915018
1214.7,4.08215376841534,-0.30416861689993546
1216.7,4.073810453567311,0.01753948514372364
1218.7,4.0745295379184325,0.0
1220.7,4.075327175301366,-0.020549415175618403
1222.7,4.082775831004223,-0.25560290154972076
1224.7,4.080981010217734,-0.17496123664478927
1226.7,4.075297818365383,0.025
1228.7,4.075315911638287,0.025
1230.7,4.075330637686294,0.025
1232.7,4.075341994810645,0.025
1234.7,4.075350245463013,0.025
1236.7,4.074616033751224,0.04976467813866368
1238.7,4.051586135791482,0.8145859135010367
1240.7,4.063970201587522,0.3651286930384778
1242.7,4.0709740692891,0.11208473658707403
1244.7,4.031385645100334,1.4463947435567077
1246.7,4.00795161395561,2.159384629258347
1248.7,4.025964399012531,1.495548081901043
1250.7,4.041822212559074,0.9367161241794676
1252.7,4.034214594167899,1.149539896944502
1254.7,4.067281004661711,0.019425199170839576
1256.7,4.067935511406418,0.016243037451767264
1258.7,4.069648355789422,0.005986333172523764
1260.7,4.083453457059873,-0.43460038885977975
1262.7,4.071133410846756,0.01445115288320758
1264.7,4.071913540944463,0.0
1266.7,4.072243071669294,0.0
1268.7,4.074409291349392,-0.05807182578137707
1270.7,4.072211142230175,0.025
1272.7,4.069448360607544,0.12409508991926362
1274.7,4.070305658797062,0.09976500286553815
1276.7,4.0465584985482685,0.8885796108865773
1278.7,4.0300507561186265,1.3976076125605494
1280.7,4.064556146744382,0.19863069978035539
1282.7,4.04685381711099,0.8005101229866595
1284.7,4.056905547140122,0.4473094470578579
1286.7,4.047494820483165,0.7497066308336668
1288.7,4.042316825039249,0.8944989023022445
1290.7,4.067702994804698,0.031532411594898516
1292.7,4.052822602651108,0.5421454544156716
1294.7,4.052184373346849,0.5499028594010937
1296.7,4.050521656507924,0.6004161856360941
1298.7,4.044774265219615,0.7757466815587084
1300.7,4.044083070949619,0.7809101729596395
1302.7,4.043958904394003,0.764704085398739
1304.7,4.043804689685934,0.7565044660861554
1306.7,4.0263207103983385,1.3213152111432633
1308.7,4.037603082897697,0.9000948877888605
1310.7,4.037053384713524,0.8972501104478496
1312.7,4.038544079935033,0.838873098510606
1314.7,4.038949199741216,0.808126258774205
1316.7,4.038598772329542,0.8059729847113601
1318.7,4.03712277252719,0.8458940908539485
1320.7,4.044937785461004,0.57147543233255
1322.7,4.045092275257018,0.5673583853806624
1324.7,4.048720572682542,0.45028716191500906
1326.7,4.048787097197875,0.4521564202250586
1328.7,4.048973116276226,0.4521397005782673
1330.7,4.0492828840077655,0.4540095381432163
1332.7,4.044242370773411,0.6231952880433058
1334.7,4.042570071940249,0.6745364604267026
1336.7,3.9437727050214098,4.033961197967754
1338.7,3.827884512357852,7.690133359013336
1340.7,4.04940916642118,-0.029813022222112767
1342.7,4.049535436670578,0.021781444495025674
1344.7,4.034340344671337,0.5716051779303822
1346.7,4.020367847335932,1.0638022005625247
1348.7,4.016579445193901,1.179992863800426
1350.7,3.981425186824158,2.36716157555037
1352.7,4.010524278495837,1.3272834418710295
1354.7,4.000539386618794,1.6624839450745155
1356.7,3.9997900108481343,1.6535050924275931
1358.7,3.999689634368859,1.6302534955704093
1360.7,4.0029666521568705,1.499290513112034
1362.7,3.9940421271845032,1.781506596936023
1364.7,3.9931739462867353,1.7775100940036175
1366.7,3.9760878754768814,2.3208075082466584
1368.7,3.974106241815652,2.3489548420163473
1370.7,4.002864787340165,1.324525322417876
1372.7,4.008867227143967,1.1230653888963127
1374.7,4.0094566902052975,1.103128326376931
1376.7,4.041342545302503,-0.005288140927455519
1378.7,4.038563473751881,0.15789341375935395
1380.7,4.026049781171025,0.6279756391227048
1382.7,4.029365150846109,0.5331806347003923
1384.7,4.111982460699719,-2.2612128887314396
1386.7,4.0335412402537685,0.566493419098185
1388.7,4.019759202959651,1.0620332006510693
1390.7,4.013039833478251,1.283760227588216
1392.7,4.02638951247647,0.7964251398134792
1394.7,4.027227251203869,0.7613708496592541
1396.7,4.015067425599408,1.1880808674748882
1398.7,3.9907180837379572,2.0039249311074405
1400.7,4.0046579824529225,1.4511983780781847
1402.7,4.015549414505267,1.023378577501004
1404.7,4.019479695720018,0.8825177136165077
1406.7,4.038417090947055,0.23026864508646452
1408.7,4.044124484700513,0.06106720657932887
1410.7,4.044102741598702,0.10463493632910174
1412.7,4.039382976583828,0.2979979805635032
1414.7,4.042139323376365,0.23108742719115824
1416.7,4.033036628697476,0.5722428010080983
1418.7,4.030189214709476,0.6768352232632234
1420.7,4.028546543016224,0.7444929007488108
1422.7,4.010036854936712,1.368611205999376
1424.7,4.008907644501231,1.383939187232332
1426.7,4.007847741179672,1.3844590518598192
1428.7,4.026547361928515,0.7089592051678127
1430.7,4.030362072705545,0.569870917723018
1432.7,4.03739042241362,0.3427399099587403
1434.7,4.033488535586454,0.5006342080056234
1436.7,4.034184145911731,0.49364508718056327
1438.7,4.034810476301569,0.4834864788632792
1440.7,4.035280094306677,0.4766210813427114
1442.7,4.047719248700277,0.05168715817498346
1444.7,4.048633234030317,0.04953970137646516
1446.7,4.049488832638938,0.04567985520395805
1448.7,4.050159714687664,0.0470852569567104
1450.7,4.0509228480674695,0.04744923707518091
1452.7,4.0513185444622435,0.054779149141271806
1454.7,4.050886669157981,0.08720265363541879
1456.7,4.052925166616737,0.03298824672663108
1458.7,4.04579350086387,0.29993511253580407
1460.7,4.049246746620121,0.18497759093959615
1462.7,4.038099930942955,0.5784600125854135
1464.7,4.019181799757661,1.2293045906984865
1466.7,4.041047708695795,0.42353202050956146
1468.7,4.045069703083442,0.2817829180880129
1470.7,4.052767742861051,0.02663258949243918
1472.7,4.053194697071678,0.03136366092280542
1474.7,4.057355530203839,-0.07503522401134705
1476.7,4.054175094087261,0.051398291820809
1478.7,4.019857625622131,1.2649596866416395
1480.7,4.0405044455858405,0.48612873208122986
1482.7,4.025753369850387,1.003826069507753
1484.7,4.022531889073791,1.0782468110903596
1486.7,4.028666740230724,0.8487253923539029
1488.7,4.049918918892844,0.06663523370376766
1490.7,4.05130704745889,0.039446408154077926
1492.7,4.051457975401153,0.05475278932236675
1494.7,4.052442194702435,0.03798876895493015
1496.7,4.05272858666119,0.043969159822771275
1498.7,4.053298167583666,0.04265953535550124
1500.7,4.053666203904933,0.047496130560890776
1502.7,4.057831703266331,-0.08678419799092309
1504.7,4.054459254851455,0.04867215531307695
1506.7,4.055065675976607,0.041584621141870705
1508.7,4.0552085400494216,0.05046121189249243
1510.7,4.0698581933395275,-0.42887445276591474
1512.7,4.05682311982067,0.04946799143639264
1514.7,4.085200502896427,-0.9296798786504271
1516.7,4.0440477723279145,0.5501995952516372
1518.7,4.029884664110457,1.0020552934190796
1520.7,4.019615188256348,1.3139330499063386
1522.7,4.0288692484349875,0.9425254845337024
1524.7,4.047492371212022,0.26509313637967713
1526.7,4.044003354748625,0.38438003341728266
1528.7,4.0580846440580824,-0.11410725781810278
1530.7,4.057769066864498,-0.08211094980359551
1532.7,4.056801313881221,-0.028733863671989202
1534.7,4.054932552149778,0.04928427232785611
1536.7,4.055083046844906,0.05451595627898191
1538.7,4.083876049472613,-0.9398086991227188
1540.7,4.096171175096492,-1.3003465085503585
1542.7,4.07814872118913,-0.5851789236817552
1544.7,4.06344944794631,-0.056335704353010774
1546.7,4.1021438053109325,-1.42550824838827
1548.7,4.087241257320928,-0.8308688840771415
1550.7,4.111346424765116,-1.63314559227744
1552.7,4.107377037001105,-1.42688335350644
1554.7,4.073668880573054,-0.19355207747872472
1556.7,4.067177091054112,0.023308905105746007
1558.7,4.069805193605806,-0.08413901810292501
1560.7,4.075135058605483,-0.2718353164279049
1562.7,4.066466158878521,0.02627517150264737
1564.7,4.053194032046687,0.4671247186789231
1566.7,4.052571111763218,0.467755788448189
1568.7,4.039258561634915,0.9009462916881338
1570.7,4.027059126214233,1.2882868050416076
1572.7,4.007755750890526,1.8906470556690484
1574.7,4.018333818124568,1.4297916155180364
1576.7,3.925924445515397,4.6185806808924434
1578.7,4.036758941684444,0.4993415783271218
1580.7,4.029631421015348,0.7636242538861274
1582.7,4.046166909901177,0.1734039994703786
1584.7,4.050681728362897,0.035468994029178594
1586.7,4.048183811955279,0.14704211706682854
1588.7,4.029590111396914,0.8090049174300749
1590.7,4.0290354354943725,0.8143867845689836
1592.7,4.0282740447442436,0.8217957389874994
1594.7,4.0321675949783,0.6742957812471089
1596.7,4.032169169656846,0.6690787900323337
1598.7,4.029600752864352,0.7523100787367578
1600.7,4.012363368282418,1.3442581602170056
1602.7,4.010037747008928,1.3849120422101968
1604.7,3.940248410928274,3.811043240531482
1606.7,3.993683179581761,1.7652725985047577
1608.7,4.040882160577719,0.04884509553116807
1610.7,4.042984908895621,0.019107177073897034
1612.7,4.043898627385069,0.029254737468028813
1614.7,4.044982732502171,0.029859785678746947
1616.7,4.031574566794702,0.5490850648300006
1618.7,4.011283159473475,1.263467451375966
1620.7,4.008839713532578,1.332171473960649
1622.7,4.008892778251661,1.2960121376059075
1624.7,4.019056568861389,0.9140025535189642
1626.7,4.015938292035627,1.013260188675568
1628.7,4.036690481975051,0.25178381594703186
1630.7,4.01859040907881,0.9269202367983475
1632.7,4.012174140250569,1.1418786946058392
1634.7,4.026023650524696,0.629694632371617
1636.7,4.025808456518019,0.6364241931968305
1638.7,4.0346575022457385,0.3294792975161238
1640.7,4.0265069889317,0.639438236698125
1642.7,4.01537162715626,1.0499938438806573
1644.7,3.9801372066242533,2.30388205987418
1646.7,4.011111391935908,1.1042833330357682
1648.7,4.037234350512999,0.15588466379194582
1650.7,4.041277197209549,0.04720446848784555
1652.7,4.042512023522364,0.03947313572742071
1654.7,4.043309832814951,0.04541125001313888
1656.7,4.043897474054519,0.05587294233839568
1658.7,4.044858024008206,0.050043210368199274
1660.7,4.045687088081471,0.048550361688732294
1662.7,4.046826101485481,0.03397089156366384
1664.7,4.047054055987358,0.049679792304378516
1666.7,4.047800574779724,0.04231131515940584
1668.7,4.048613751254365,0.03151588478945144
1670.7,4.0486828101843715,0.04749358714914154
1672.7,4.049362437380608,0.03959407468411833
1674.7,4.049638199364205,0.04536858783325357
1676.7,4.066191175645616,-0.5494126325798172
1678.7,4.073314627910622,-0.7527826403023961
1680.7,4.068866656142379,-0.5369537018459543
1682.7,4.054297362219959,0.015490185846850392
1684.7,4.025895846534131,1.0522486524794703
1686.7,4.036275115479826,0.6327797236164107
1688.7,4.047231257494225,0.22069525855964442
1690.7,4.040834102331958,0.4423878571725814
1692.7,4.04095079090548,0.4317710848765154
1694.7,4.041110322922534,0.42195316390811316
1696.7,4.05110404148912,0.041426527469632095
1698.7,4.051574345900071,0.037307602136697975
1700.7,4.051447954097158,0.0543539305485715
1702.7,4.051911299284748,0.04882988663237749
1704.7,4.038246351925113,0.5562028279357908
1706.7,4.026818401112069,0.9519623360518272
1708.7,4.026199876949481,0.9461003295108239
1710.7,4.049753498463202,0.05324316667100477
1712.7,4.050106189979431,0.05427168888383267
1714.7,4.041480908585618,0.3677745444722673
1716.7,4.041232887591878,0.3722918575739212
1718.7,4.041530955369586,0.36259486117155837
1720.7,4.042042477583838,0.34688274859116414
1722.7,4.042188741389738,0.3409847161048178
1724.7,4.040401365783146,0.39623156496989226
1726.7,4.040409857327631,0.38950019573082045
1728.7,4.024264728111631,0.964228577174947
1730.7,4.026165644625943,0.8722834201780738
1732.7,4.040153408470993,0.326194437697022
1734.7,4.048417700127293,0.037827362945629696
1736.7,4.04849924782219,0.05341981189144704
1738.7,4.049318100172114,0.04191445386505412
1740.7,4.0405484709195,0.36277245802776775
1742.7,4.028566602844983,0.7920423656272497
1744.7,4.032605047899399,0.6353888684172491
1746.7,4.035773201245717,0.508312153049996
1748.7,4.037771225395996,0.4356061795224424
1750.7,4.042232451667389,0.2674152811461905
1752.7,4.043910966759166,0.2168322446353693
1754.7,4.043855338795262,0.22153640108829403
1756.7,4.048254980477246,0.0646195127776104
1758.7,4.048938661922629,0.05374381914955261
1760.7,4.049803554664779,0.03729281944955277
1762.7,4.04980834148629,0.04849845117688442
1764.7,4.050130150041988,0.05307230791539545
1766.7,4.05076084001846,0.04602019394319669
1768.7,4.050813372801356,0.05520821699190811
1770.7,4.090480354618196,-1.3535963488877358
1772.7,4.102929142092267,-1.725861934277934
1774.7,4.074047368396745,-0.5710715175991173
1776.7,4.063590910925476,-0.16108880234813355
1778.7,4.061802415692684,-0.08965844348726305
1780.7,4.0582684735139924,0.03553261856869852
1782.7,4.058213769431746,0.03179613274457693
1784.7,4.057968011379942,0.0358956279056273
1786.7,4.05803704347233,0.029449759133219094
1788.7,4.057817003289774,0.03481578824049979
1790.7,4.057781557157809,0.030809619099146424
1792.7,4.057684551639007,0.028488717879996642
1794.7,4.057351083833571,0.03530182068261277
1796.7,4.057246805954204,0.033899475040841724
1798.7,4.057222545192502,0.032343832259965864
1800.7,4.057374345101766,0.024942039290862687
1802.7,4.057273416904963,0.02869885500032012
1804.7,4.05703284695473,0.03641248348778593
1806.7,4.057178166625335,0.029609303643023402
1808.7,4.056994918802009,0.03469770283820255
1810.7,4.057231441875063,0.02374954532539069
1812.7,4.057225998797282,0.023480990833624437
1814.7,4.057399000989401,0.018319186687934832
1816.7,4.057558300966944,0.013754427936705203
1818.7,4.057724236047842,0.009003998788962998
1820.7,4.022840667052592,1.299336182612568
1822.7,4.03249368160216,0.8742992640806411
1824.7,4.054829944719257,0.02844055276298217
1826.7,4.041409393577744,0.5223225105077903
1828.7,4.054498753724543,0.02605382107778595
1830.7,4.054756863076218,0.024546458865973272
1832.7,4.053939338534681,0.06284940005358076
1834.7,4.054598441232603,0.04520656195469969
1836.7,4.055174392685204,0.030583452279391767
1838.7,4.056182484601537,0.0
1840.7,4.057407782598475,-0.03883954358576975
1842.7,4.06249953947582,-0.21951619376783085
1844.7,4.0474274732428395,0.3444786659030418
1846.7,4.063653060298788,-0.25086576129328403
1848.7,4.0571099769647985,-0.002195317858295272
1850.7,4.056258306012956,0.03362244372706367
1852.7,4.056422271007626,0.03149084785342776
1854.7,4.056261041222805,0.04099490460076928
1856.7,4.056798364837141,0.024400201404386944
1858.7,4.056624123685747,0.03440684701673563
1860.7,4.048729748618846,0.3218334233294426
1862.7,4.056003836072342,0.045354917961649005
1864.7,4.056376085542791,0.033748996360513664
1866.7,4.0698300858226775,-0.45101785449546794
1868.7,4.070245939762443,-0.44692302657346944
1870.7,4.071203715844978,-0.45619435844257455
1872.7,4.071452696913989,-0.4388533859208329
1874.7,4.0602288646038325,-0.005450086958406167
1876.7,4.059241641852154,0.026389419487951257
1878.7,4.058920985099049,0.036422516926303945
1880.7,4.058991430953043,0.032209018066758306
1882.7,4.058843241674726,0.034644259345770145
1884.7,4.058905992220734,0.029600229928880437
1886.7,4.058723341735518,0.034021987176498354
1888.7,4.024854505546149,1.2484949507483125
1890.7,4.027198906079266,1.0971687256942577
1892.7,4.046604052895443,0.35320740430565495
1894.7,4.048946622668846,0.2616823283267638
1896.7,4.045203587548198,0.39435429996092136
1898.7,4.044637592853287,0.3980765048168052
1900.7,4.039852453735112,0.5620192743229664
1902.7,4.038771679938337,0.5827385531585861
1904.7,4.039259784481729,0.5565836840036864
1906.7,4.038878588764298,0.5584916127023528
1908.7,4.039604875844175,0.5136397449962316
1910.7,4.033311549017326,0.7335770443585706
1912.7,4.045967844979608,0.23443004490787456
1914.7,4.056165531160311,-0.13036652760951212
1916.7,4.084864702033501,-1.1426164374863361
1918.7,4.074489938430653,-0.6945773075160331
1920.7,4.063317834172762,-0.23375636819074497
1922.7,4.0579294199221465,-0.014761434216060541
1924.7,4.056324178769758,0.04992383841303407
1926.7,4.057077332427943,0.025
1928.7,4.057132300060541,0.025
1930.7,4.057256695402607,0.025
1932.7,4.056632145954241,0.051148879040243775
1934.7,4.050414117416678,0.28164006053719626
1936.7,4.038184966470421,0.7085370484820163
1938.7,4.030547981631478,0.9566103810259006
1940.7,4.055794168493936,-0.010419147061200885
1942.7,4.057124605488733,-0.04656383995440127
1944.7,4.056626145937034,-0.016789861102713077
1946.7,4.057023726354469,-0.022536094960169083
1948.7,4.057492814408809,-0.03158828399874333
1950.7,4.086506035968699,-1.056942833462808
1952.7,4.063924845964039,-0.1871180698598618
1954.7,4.059208683563172,0.0
1956.7,4.052885974251328,0.2294949372992115
1958.7,4.045580696295797,0.4877881373549881
1960.7,4.038847771392271,0.7095221864338661
1962.7,4.051077708277527,0.22529896611323896
1964.7,4.053433872842404,0.13548185698903786
1966.7,4.056302325857338,0.03460080812655649
1968.7,4.056332091568718,0.039830666447489504
1970.7,4.057051475019886,0.018909338022877597
1972.7,4.05733897401392,0.013876718937354968
1974.7,4.057083739805859,0.02887548517790825
1976.7,4.057325754433273,0.025073955478146552
1978.7,4.047633048526562,0.3858022957754766
1980.7,4.0436121423467215,0.5117336843591013
1982.7,4.031588157762807,0.9404362538606593
1984.7,4.029548415692418,0.9687080486378236
1986.7,4.028581602924547,0.9642668721505606
1988.7,4.0278320167966175,0.9616499382861692
1990.7,4.026817249318494,0.9663861164125941
1992.7,4.0391866986253175,0.47588429264310567
1994.7,4.051202512522224,0.028288698204157976
1996.7,4.051922499453787,0.02107094334823653
1998.7,4.043579974970481,0.3395459093372241
2000.7,4.044209160487646,0.3131876119647092
2002.7,4.037968868437599,0.5497391775040449
2004.7,4.007682311164618,1.6685222188333664
2006.7,4.015372491245046,1.2852388319215726
2008.7,4.03031485424176,0.7098855476700232
2010.7,4.048968252263221,0.028607039276842234
2012.7,4.040211112266627,0.377192391617353
2014.7,4.034630637462936,0.5824278611284405
2016.7,4.032331056076713,0.6508867702962733
2018.7,4.04656581477502,0.12744553000613437
2020.7,4.041950437612092,0.3167307309779198
2022.7,4.050193933330844,0.01899464231455153
2024.7,4.038737517971771,0.4619589704375623
2026.7,4.033260534846729,0.6555918967513326
2028.7,4.031995283981234,0.6771686547512559
2030.7,4.04084615854333,0.34897815820154127
2032.7,4.040454606270927,0.36337624487540576
2034.7,4.040733212083839,0.357500073607123
2036.7,4.049833033668813,0.03138843583756799
2038.7,4.050167298552833,0.035225511440302504
2040.7,4.0506473995947445,0.03230402619953938
2042.7,4.050985609083461,0.03445659845928904
2044.7,4.051232635790268,0.03827932447767538
2046.7,4.051585256394916,0.03707066751780355
2048.7000000000003,4.051751377253398,0.04378606156579006
2050.7000000000003,4.052170727215448,0.04076971485375152
2052.7000000000003,4.031124084897089,0.8201303986221717
2054.7000000000003,4.017288061317208,1.3078285271680907
2056.7000000000003,4.037093496604546,0.5114955571153508
2058.7000000000003,4.036012777937696,0.5548640182346106
2060.7000000000003,4.033603929916696,0.6328153119249922
2062.7000000000003,4.032371316588198,0.6756462498036041
2064.7000000000003,4.035368189700954,0.5486448018135668
2066.7000000000003,4.042532698442242,0.2649507456827606
2068.7000000000003,4.042582760159209,0.26717708532178797
2070.7000000000003,4.043898365412737,0.22494709709761485
2072.7000000000003,4.049503417538271,0.030358541520233092
2074.7000000000003,4.050060542327382,0.02744159583551926
2076.7000000000003,4.0501066919877955,0.044063376998191336
2078.7000000000003,4.053561205837413,-0.06613011284923292
2080.7000000000003,4.077337913406065,-0.9265601802495003
2082.7000000000003,4.05176115948667,0.10843365045607703
2084.7000000000003,3.960222231413506,3.47430831295238
2086.7000000000003,4.040340387581547,0.22685540024215017
2088.7000000000003,4.045796665854611,0.044347539780178365
2090.7000000000003,4.046389716076875,0.04745096101082387
2092.7000000000003,4.046974690605862,0.049021237956584515
2094.7000000000003,4.047466434992069,0.0521710562403281
2096.7000000000003,4.048245508437332,0.04284208009031329
2098.7000000000003,4.064642000926733,-0.5574375770603729
2100.7000000000003,4.040373926188309,0.3905771606432102
2102.7000000000003,4.03946060744657,0.4221871989275484
2104.7000000000003,4.058913658488971,-0.3320364961570517
2106.7000000000003,4.068970491018756,-0.6609459484434026
2108.7000000000003,4.078566738984089,-0.9538718799448664
2110.7000000000003,4.033412099088014,0.7943204942781903
2112.7000000000003,4.005770879539194,1.8280214653648812
2114.7000000000003,4.010655174030611,1.5453358810650264
2116.7000000000003,4.048841768659156,0.03859976947205108
2118.7000000000003,4.056287777760067,-0.23736147011343234
2120.7000000000003,4.049767232939734,0.03901581711785855
2122.7000000000003,4.050113060860929,0.040047959790517396
2124.7000000000003,4.049820823660742,0.06556970484727999
2126.7000000000003,4.036315761181417,0.5950206898400934
2128.7000000000003,3.6499604264723833,15.68615923309814
2130.7000000000003,3.6152243303580476,16.21310839915485
2132.7000000000003,4.016895590540522,0.27520477627405926
2134.7000000000003,4.028036147717714,-0.06631605640997609
2136.7000000000003,4.030152508880412,-0.05907871240106494
2138.7000000000003,4.0324679757114215,-0.06847879141545793
2140.7000000000003,4.0068521908303465,0.9984185554080002
2142.7000000000003,4.003857177221065,1.12941624295653
2144.7000000000003,4.0011109079094265,1.245820117150543
2146.7000000000003,4.0015262361038335,1.2445347983677857
2148.7000000000003,3.9935247080683385,1.5545036106418273
2150.7000000000003,3.9916039765255036,1.6139003126038065
2152.7000000000003,3.9907083898249773,1.6338217230858814
2154.7000000000003,3.9909909133070878,1.6102960583900712
2156.7000000000003,4.022599774312141,0.390718399365981
2158.7000000000003,4.003853726151406,1.1262335830352013
2160.7000000000003,4.001359266707358,1.2250368072271995
2162.7000000000003,4.026508392792994,0.2702783344005051
2164.7000000000003,4.01845275366757,0.6120337495281383
2166.7000000000003,4.019819027051634,0.5805738827991433
2168.7000000000003,4.020286267049433,0.5890529760382041
2170.7000000000003,4.013355935174256,0.8697120043433948
2172.7000000000003,4.014319929512191,0.8260021811224366
2174.7000000000003,4.036191232439199,0.01189671115099333
2176.7000000000003,4.037236978245324,0.010964939259677533
2178.7000000000003,4.0380567850792275,0.015498484743052876
2180.7000000000003,4.038861687032546,0.017441798425704737
2182.7000000000003,4.039123176630888,0.035874687484960234
2184.7000000000003,4.039423443631475,0.0506309602841503
2186.7000000000003,4.04056661978884,0.03128717408858368
2188.7000000000003,4.040937463247036,0.040233512280738
2190.7000000000003,4.0416457277062,0.0341338356342875
2192.7000000000003,4.08886684179663,-1.7694977820498499
2194.7000000000003,4.0834290607009605,-1.4485387630163857
2196.7000000000003,4.097665399093377,-1.9248773711852072
2198.7000000000003,4.064760924037676,-0.6079934039494959
2200.7000000000003,4.065318158428853,-0.5917072428447151
2202.7000000000003,4.063912827988807,-0.5208575160793142
2204.7000000000003,4.063601510454848,-0.4805288672837344
2206.7000000000003,4.060240592677033,-0.33171350626238383
2208.7000000000003,4.03148524933005,0.7583837485698055
2210.7000000000003,4.0497048314654425,0.04597896676641419
2212.7000000000003,4.035781119422057,0.569406047470279
2214.7000000000003,4.050599795109425,-0.008263245340556176
2216.7000000000003,4.073321630085629,-0.8617051001190801
2218.7000000000003,4.001545965382333,1.925814255075515
2220.7000000000003,3.946682377673747,3.931630610823972
2222.7000000000003,3.9570864695649126,3.3567634439723664
2224.7000000000003,4.04198814316097,0.05338260522970262
2226.7000000000003,4.0039979717323195,1.5426076463901799
2228.7000000000003,3.9249540056363346,4.504020905251677
2230.7000000000003,3.9128455122853945,4.786962638858596
2232.7000000000003,4.022238734056997,0.4171046705628355
2234.7000000000003,4.030352461512462,0.14118460868260607
2236.7000000000003,4.031721457153049,0.12766267468006331
2238.7000000000003,4.036287445147626,-0.01628448968730601
2240.7000000000003,4.0364739396188565,0.011873688531117518
2242.7000000000003,4.036732112604015,0.03497271374299676
2244.7000000000003,4.037625703744856,0.030527150100116918
2246.7000000000003,4.038620546827463,0.019705134799153295
2248.7000000000003,4.082097572449034,-1.608479965798435
2250.7000000000003,4.084232170822438,-1.59733066878744
2252.7000000000003,4.0827370761491775,-1.4523773268935873
2254.7000000000003,4.045058394960668,0.039776835049554496
2256.7000000000003,4.0455085084739055,0.02482277440222714
2258.7000000000003,4.030727613179813,0.6056564133984513
2260.7000000000003,4.026320106466181,0.7814669150372473
2262.7000000000003,4.028187417709522,0.6811503954259208
2264.7000000000003,4.044139330097144,0.051421212283056746
2266.7000000000003,4.021775604387298,0.9033475315370634
2268.7000000000003,4.003283578648765,1.574584478849395
2270.7000000000003,4.013027284493128,1.1470484154004033
2272.7000000000003,4.0200857800611,0.8319011646089115
2274.7000000000003,3.983760686264318,2.2470742158285946
2276.7000000000003,4.041708578710674,-0.04780250715876796
2278.7000000000003,4.025532904802149,0.5912735000159501
2280.7000000000003,3.989403812330135,1.9483112615110725
2282.7000000000003,4.040698119854956,-0.059315598203909484
2284.7000000000003,4.041069425611968,-0.04597434201927533
2286.7000000000003,4.0317567243761,0.3246133252417587
2288.7000000000003,3.972302515969325,2.611982854382338
2290.7000000000003,3.996320940384392,1.5917335138168245
2292.7000000000003,3.9945310045965368,1.609926919341482
2294.7000000000003,3.9942453318765385,1.5665388798616147
2296.7000000000003,3.9882451681756974,1.7815104291667336
2298.7000000000003,3.96332104444067,2.675004865594826
2300.7000000000003,3.9917121973048997,1.4926470810794457
2302.7000000000003,3.9946349512465056,1.3522972389162258
2304.7000000000003,3.998297650936591,1.1884968125907354
2306.7000000000003,3.9987515286200273,1.1654375727773838
2308.7000000000003,3.9673190601314063,2.3368493228899743
2310.7000000000003,3.983236923180579,1.6815393709285094
2312.7000000000003,3.969366807572356,2.1865441126700937
2314.7000000000003,3.9883497508292676,1.3981212035033261
2316.7000000000003,3.981949879737489,1.624927040505257
2318.7000000000003,3.982884972375905,1.5642746325501822
2320.7000000000003,4.026143716912578,-0.08447845351404579
2322.7000000000003,4.134783159486031,-4.220687846201177
2324.7000000000003,4.12087060281982,-3.4465461356916314
2326.7000000000003,4.1061505369976725,-2.700694834260759
2328.7000000000003,4.0987252475066756,-2.271468531444997
2330.7000000000003,4.0587134997032255,-0.6254843643839522
2332.7000000000003,4.043693594363721,-0.03594649505182121
2334.7000000000003,4.040666529130624,0.08690912610390819
2336.7000000000003,4.023265133584376,0.7438906495805465
2338.7000000000003,4.016032200745835,0.9942742349282292
2340.7000000000003,3.9635432427082864,2.9521444375807753
2342.7000000000003,3.95825486718191,3.0246277889086968
2344.7000000000003,4.035274775386251,-0.03930996795709334
2346.7000000000003,4.069567370858413,-1.3507501969823976
2348.7000000000003,4.035932616988466,0.032859260270721384
2350.7000000000003,4.015736151920675,0.8221831720655013
2352.7000000000003,3.9918405062121862,1.7138462491741404
2354.7000000000003,4.016580529364362,0.698526879165865
2356.7000000000003,4.035138202315925,-0.0062202551315140775
2358.7000000000003,4.016568624518131,0.7234361806894659
2360.7000000000003,4.035143343025695,0.007721505455818074
2362.7000000000003,4.035527154519021,0.012775856197494205
2364.7000000000003,4.008107925362679,1.1001616192882366
2366.7000000000003,4.031531886387152,0.15657313993531202
2368.7000000000003,3.9956654876362543,1.52595763481469
2370.7000000000003,3.974509315650651,2.2914755281513846
2372.7000000000003,3.9714687714833556,2.3178030041158175
2374.7000000000003,3.9662559685041003,2.4414943481383533
2376.7000000000003,3.964457557784463,2.424925373125539
2378.7000000000003,3.9970760546993693,1.0818389418646241
2380.7000000000003,3.994080361350187,1.1749459450107118
2382.7000000000003,4.0029222580333235,0.8373954361125292
2384.7000000000003,3.9427788721709507,3.1357260328645005
2386.7000000000003,3.947806082444416,2.8262210545270974
2388.7000000000003,3.612598219292354,15.853872219556894
2390.7000000000003,3.574452094137934,16.822892084011986
2392.7000000000003,3.5430550308526394,17.292338193022783
2394.7000000000003,3.903085293398226,2.8462723800057725
2396.7000000000003,3.9863231725193677,-0.4675430552135495
2398.7000000000003,3.9837692646031737,-0.22144130572642462
2400.7000000000003,3.930447494355648,1.954849186557075
2402.7000000000003,3.933352305053575,1.826018297916345
2404.7000000000003,3.9849952938618483,-0.16774298180035774
2406.7000000000003,3.962634052209685,0.8190227039763368
2408.7000000000003,3.990819457994032,-0.18563318026217815
2410.7000000000003,3.9929985123435148,-0.16819472048123166
2412.7000000000003,3.995246829487344,-0.15575023194268536
2414.7000000000003,4.021709181779126,-1.086719026025096
2416.7000000000003,4.024942594281919,-1.0743238351420445
2418.7000000000003,4.028134482588434,-1.0690758804040512
2420.7000000000003,4.031306435046438,-1.0787186432439084
2422.7000000000003,4.000378877480597,0.24464847194024278
2424.7000000000003,3.9504630759559825,2.187643718696531
2426.7000000000003,3.905404713288294,3.8722725898986337
2428.7000000000003,3.996431511399149,0.22599222917541373
2430.7000000000003,3.999353089914634,0.16002512208229602
2432.7000000000003,4.007510680829393,-0.10780154809597096
2434.7000000000003,4.032748740196253,-1.0361160984874174
2436.7000000000003,4.0352067786957315,-1.0396433404236292
2438.7000000000003,4.036525638715091,-0.9962482179100328
2440.7000000000003,4.0145737506117625,-0.07836753039547859
2442.7000000000003,4.0151906931466765,-0.06678948608821257
2444.7000000000003,4.016236130025832,-0.07490209322212749
2446.7000000000003,4.019041137947557,-0.1512847727021146
2448.7000000000003,4.026843774796983,-0.4237835033932024
2450.7000000000003,4.041333769816494,-0.9295920578336091
2452.7000000000003,4.042907671384331,-0.9207592332329577
2454.7000000000003,4.016687884284109,0.17172660429909115
2456.7000000000003,4.011054179038445,0.39022861282157983
2458.7000000000003,4.010946642624764,0.38290618014259536
2460.7000000000003,4.001744469075422,0.7365367938713266
2462.7000000000003,3.996553599698609,0.9121141018101064
2464.7000000000003,3.988571269003483,1.1879607586588585
2466.7000000000003,3.9696101332456664,1.8680676967911605
2468.7000000000003,3.953194590918284,2.419724186265133
2470.7000000000003,3.967188924730136,1.766618218071655
2472.7000000000003,3.963603736131944,1.8450264732661348
2474.7000000000003,3.961962599654289,1.8367814533315692
2476.7000000000003,3.960226243834403,1.8415126002676374
2478.7000000000003,3.9775889404927964,1.122007346974092
2480.7000000000003,3.976767378327619,1.1299902077919115
2482.7000000000003,3.975308964347767,1.1665488321390747
2484.7000000000003,3.977010729640886,1.0795453791258005
2486.7000000000003,3.9942243323757194,0.39517224434369014
2488.7000000000003,4.002343304282986,0.10601173780968433
2490.7000000000003,3.9944135156170906,0.4498646072442082
2492.7000000000003,4.001330190681725,0.19076311662531356
2494.7000000000003,4.028077071104989,-0.8297911231255464
2496.7000000000003,4.018190909176268,-0.37792517972380363
2498.7000000000003,4.019685908490853,-0.3791713866156869
2500.7000000000003,4.018707641494742,-0.2935347659032521
2502.7000000000003,4.022558653671107,-0.40264594464839787
2504.7000000000003,4.036859196837385,-0.9142146328623845
2506.7000000000003,4.036580473423673,-0.8376682046825453
2508.7000000000003,4.028641549063406,-0.4716627449512654
2510.7000000000003,4.02927186426165,-0.4568767794283122
2512.7000000000003,4.031421474195194,-0.506210173411912
2514.7000000000003,4.032304803687584,-0.5046774038374998
2516.7000000000003,4.032702827495072,-0.4910518382178176
2518.7000000000003,4.006927120412019,0.5450448319565117
2520.7000000000003,3.99877677086673,0.8260772477476821
2522.7000000000003,4.011408166809312,0.3065234814321741
2524.7000000000003,4.003412513544673,0.606166732540811
2526.7000000000003,4.0019644406706405,0.6375928813176728
2528.7000000000003,3.9968228634226888,0.8123739443493644
2530.7000000000003,4.012315813884075,0.19302926372011997
2532.7000000000003,4.00451108401575,0.4917530068016397
2534.7000000000003,3.9909695342184044,0.9830740390404699
2536.7000000000003,3.9897818977350394,1.000260265098727
2538.7000000000003,3.914324813849782,3.934117524578114
2540.7000000000003,3.701496951546087,11.818730246096562
2542.7000000000003,3.748601711460471,9.420467000222272
2544.7000000000003,3.7535463347548097,8.769857033787433
2546.7000000000003,3.9100898409047593,2.2251015562010723
2548.7000000000003,3.903321902940378,2.462720192809046
2550.7000000000003,4.097461566685025,-5.086692860126813
2552.7000000000003,4.1087717223121585,-5.140132067584945
2554.7000000000003,4.008693252103022,-0.9953342344174736
2556.7000000000003,4.118908902807596,-5.041634867197007
2558.7000000000003,4.05699627516714,-2.3227003827803134
2560.7000000000003,4.064933736165623,-2.4618275990725156
2562.7000000000003,4.021658731737817,-0.679175531566841
2564.7000000000003,4.0251192672687495,-0.7468059108771179
2566.7000000000003,4.033534102009152,-1.0106270038885978
2568.7000000000003,4.034715597952907,-0.9890522099719344
2570.7000000000003,4.009333309306219,0.06456664466409556
2572.7000000000003,4.01044961006554,0.03172761865243857
2574.7000000000003,3.989195672842126,0.8709219803575448
2576.7000000000003,3.985716508738314,0.9231952616676294
2578.7000000000003,4.009102324769398,9.978801130799964e-05
2580.7000000000003,4.003191473238284,0.2484790776388109
2582.7000000000003,4.001238623239868,0.3147089497548293
2584.7000000000003,4.009088348614942,0.016578027629691044
2586.7000000000003,4.008954062750594,0.036757240203086274
2588.7000000000003,3.995421336767628,0.5696756510867221
2590.7000000000003,4.008622466175029,0.04290370386800177
2592.7000000000003,3.9947300637891563,0.5839288073851202
2594.7000000000003,4.0020897400267685,0.2829346530669926
2596.7000000000003,3.9982669135260593,0.4192081903746401
2598.7000000000003,3.9773897474420306,1.2518646807917617
2600.7000000000003,3.9869811394757635,0.8577964059214016
2602.7000000000003,4.00004764641117,0.31079853580116545
2604.7000000000003,4.005375889047776,0.10194904358562246
2606.7000000000003,4.006709837880168,0.06445438712937952
2608.7000000000003,3.997673868149716,0.41434125951035244
2610.7000000000003,4.006894460233136,0.05444198818107166
2612.7000000000003,3.995304882579834,0.5070410120329719
2614.7000000000003,3.989956527887597,0.7113044561050764
2616.7000000000003,3.9997337720899346,0.29483919582081464
2618.7000000000003,4.006472892109655,0.03304162169032001
2620.7000000000003,3.995759406416542,0.4764518069287505
2622.7000000000003,3.998460286275137,0.3519661993720166
2624.7000000000003,4.0065619668907875,0.04362525622932787
2626.7000000000003,4.007261439002973,0.03002930581173632
2628.7000000000003,4.007712664183184,0.025515284345059796
2630.7000000000003,4.007681600494642,0.03925168605774835
2632.7000000000003,4.008134913341025,0.03331925079554115
2634.7000000000003,4.008346796901736,0.03621296954944996
2636.7000000000003,4.009032648446564,0.020000207802025164
2638.7000000000003,4.009258927616363,0.021793995359855708
2640.7000000000003,4.009376588714217,0.027168257167828534
2642.7000000000003,4.0097706046335295,0.02062732932930012
2644.7000000000003,4.009822931967155,0.028953916868610673
2646.7000000000003,4.004634437281249,0.24253146461063071
2648.7000000000003,4.010402915713884,0.01999968668525307
2650.7000000000003,3.9699538913767594,1.6055399239143666
2652.7000000000003,3.668540689253181,13.090824457912396
2654.7000000000003,3.548375552028744,16.97129903431541
2656.7000000000003,3.514784452771174,17.3892678583973
2658.7000000000003,3.480627599197482,17.826012563230336
2660.7000000000003,3.77907890139783,5.002122259850827
2662.7000000000003,3.914066978140594,-0.32964574606915154
2664.7000000000003,3.917878216634202,-0.2686184050612017
2666.7000000000003,3.922074270293363,-0.2448025635364864
2668.7000000000003,3.883942535194606,1.4042203067357903
2670.7000000000003,3.8855556330949073,1.4096855424589603
2672.7000000000003,3.886937101453833,1.418098824580582
2674.7000000000003,3.888648084954812,1.4202072808426336
2676.7000000000003,3.932112385099541,-0.2292825452576497
2678.7000000000003,3.9316490048246013,-0.05499329232828358
2680.7000000000003,3.927193149942214,0.24793084263353657
2682.7000000000003,3.903972434019628,1.2466056910355512
2684.7000000000003,3.900814339192298,1.398570950412361
2686.7000000000003,3.901010291280343,1.4067029309415855
2688.7000000000003,3.9417269202585294,-0.1637756262102152
2690.7000000000003,4.088611184615134,-5.836470584667235
2692.7000000000003,4.066506108568161,-4.529947914442001
2694.7000000000003,4.066718970471401,-4.177992023643269
2696.7000000000003,4.06852594952023,-3.9310820511370634
2698.7000000000003,4.050824000393045,-2.953738840966828
2700.7000000000003,4.020547636139435,-1.5755214757119262
2702.7000000000003,4.025725821757061,-1.6417964332597592
2704.7000000000003,3.9866047487587486,-0.004539499183321263
2706.7000000000003,3.979941408594334,0.2732243069521326
2708.7000000000003,3.979036301944205,0.2998441275692606
2710.7000000000003,3.986328823667102,0.00488922443173798
2712.7000000000003,3.9862349856545443,0.02195709906462176
2714.7000000000003,3.9864595609488918,0.026750964830044282
2716.7000000000003,3.986612442660666,0.03463649786541599
2718.7000000000003,3.98213901758151,0.2226570225929869
2720.7000000000003,3.9646097322612373,0.8993774074619696
2722.7000000000003,3.9633081724322268,0.9091207611049409
2724.7000000000003,3.9594527398816015,1.0253582098872034
2726.7000000000003,3.9519007843870093,1.2699918178639513
2728.7000000000003,3.9465310133410347,1.4237709382414536
2730.7000000000003,3.8935155441928546,3.390829855714289
2732.7000000000003,3.9395058612402685,1.4446537561580963
2734.7000000000003,3.9513298737983966,0.9412189046821576
2736.7000000000003,3.9749986249467266,-0.02672708571071112
2738.7000000000003,3.760496998474958,8.53284158070729
2740.7000000000003,3.560617413049058,16.08394087662624
2742.7000000000003,3.5085901118623255,17.173806740246828
2744.7000000000003,3.813744329365786,4.060089421555554
2746.7000000000003,3.839603979164275,2.944180220842274
2748.7000000000003,3.8398463822338753,2.8835699923088596
2750.7000000000003,3.9079033659117624,0.1136220646584718
2752.7000000000003,3.920024350422445,-0.22543366931226874
2754.7000000000003,4.074110223114549,-6.1370204700396505
2756.7000000000003,4.087126919924806,-6.12017274193988
2758.7000000000003,4.029280026487242,-3.3764471480558336
2760.7000000000003,4.014948727877425,-2.504963189746059
2762.7000000000003,3.9699560379183896,-0.5623863303868357
2764.7000000000003,3.9583701065302326,-0.039300923726041104
2766.7000000000003,3.9376952786532455,0.8235732932422986
2768.7000000000003,3.956571848407287,0.055111756038365683
2770.7000000000003,3.9592799351062298,-0.010158118192692274
2772.7000000000003,4.010906356014134,-1.9974690764285226
2774.7000000000003,3.9356878928522048,1.0909071822095135
2776.7000000000003,3.933152404200788,1.1616068410648879
2778.7000000000003,3.926647952854957,1.3741276820040849
2780.7000000000003,3.9252142748751693,1.3789057693208107
2782.7000000000003,3.9063876772965567,2.068227748269144
2784.7000000000003,3.8835745170421436,2.8858003597023463
2786.7000000000003,3.748380456578343,8.1299493117203
2788.7000000000003,3.6677952435915424,10.76169793996768
2790.7000000000003,3.648077829127042,10.909118468439313
2792.7000000000003,3.634605223673157,10.820306394478058
2794.7000000000003,3.61779603576718,10.895952243833799
2796.7000000000003,3.8197653855087053,2.395573530028821
2798.7000000000003,3.882581453826748,-0.14775885400613392
2800.7000000000003,3.865288623516917,0.7522458478125548
2802.7000000000003,3.8537073955203396,1.3375679538447138
2804.7000000000003,3.884287274079309,0.12858405005468196
2806.7000000000003,3.9485294931405,-2.3928527468643996
2808.7000000000003,3.9013712948069403,-0.17626001158341414
2810.7000000000003,4.015167802524854,-4.685322513376877
2812.7000000000003,4.02816485758734,-4.862648691762942
2814.7000000000003,3.7577940851155147,6.4959840704252185
2816.7000000000003,3.726622020399094,7.491425183122628
2818.7000000000003,3.7189321456133793,7.553389940118764
2820.7000000000003,3.73805064483852,6.55668211837589
2822.7000000000003,3.858861700614177,1.3708939349825586
2824.7000000000003,4.02295629809675,-5.4121698224007035
2826.7000000000003,4.044304982918348,-5.799291759745516
2828.7000000000003,4.0721657620271055,-6.438485227464791
2830.7000000000003,4.067052310226588,-5.759324070356419
2832.7000000000003,4.050474549103491,-4.662739381351445
2834.7000000000003,4.013891962123215,-2.8316659681688567
2836.7000000000003,4.019233720839957,-2.743470522907706
2838.7000000000003,4.018915578644685,-2.515242315265548
2840.7000000000003,4.022552772304714,-2.4815571583599496
2842.7000000000003,4.012843018368317,-1.9155964951943854
2844.7000000000003,3.9660722740419865,0.04078151278549892
2846.7000000000003,3.939649979713615,1.075912010385898
2848.7000000000003,3.92998007230127,1.3629995749474073
2850.7000000000003,3.9306111044455414,1.2190897172874395
2852.7000000000003,3.9305577872586257,1.1522491390145653
2854.7000000000003,3.928387081582905,1.1633520145171503
2856.7000000000003,3.5507568185917786,16.58566812026333
2858.7000000000003,3.5349551512813253,16.42663062007125
2860.7000000000003,3.891593888600606,0.9068973771395569
2862.7000000000003,3.911685818520642,0.11747112038422353
2864.7000000000003,3.9202744444662616,-0.1328460280763865
2866.7000000000003,3.9001479122137765,0.8394015386643827
2868.7000000000003,3.918933611078447,0.0803489586138166
2870.7000000000003,3.9266898450657512,-0.15485204651534654
2872.7000000000003,4.002921639092717,-3.337121786707123
2874.7000000000003,4.04566206510091,-4.794394866667481
2876.7000000000003,3.9387667567850078,-0.06470363415339987
2878.7000000000003,3.89655065017152,1.73958443048686
2880.7000000000003,3.9146923284965727,0.9427356845949433
2882.7000000000003,3.8416325372041875,4.041043935796299
2884.7000000000003,3.8311938094468085,4.3100447484388456
2886.7000000000003,3.880921204765305,2.1300920574597693
2888.7000000000003,3.8871263602803077,1.8019860954161018
2890.7000000000003,3.8930904796142443,1.524374251933871
2892.7000000000003,3.860162485356465,2.89731659115689
2894.7000000000003,3.8792011579368437,1.9857795398819658
2896.7000000000003,3.8784620823944036,1.97000941329065
2898.7000000000003,3.9009352415907665,0.9623102780785417
2900.7000000000003,3.926673975335287,-0.08875393660572331
2902.7000000000003,3.9189153895635727,0.3138009136354423
2904.7000000000003,3.9288833350576287,-0.059258906975090966
2906.7000000000003,3.987448107738527,-2.467581682810676
2908.7000000000003,3.9821639406849005,-2.057483903078505
2910.7000000000003,3.935683004353845,0.05266517913188587
2912.7000000000003,3.9172120727508206,0.8850947684525808
2914.7000000000003,3.937574602305003,-0.0028307497524266865
2916.7000000000003,3.930161867852683,0.3470170679317993
2918.7000000000003,3.9134660088430735,1.04921848980281
2920.7000000000003,3.903293437738142,1.4515659304107906
2922.7000000000003,3.887525378551518,2.086350886728263
2924.7000000000003,3.857363302245098,3.24891411734345
2926.7000000000003,3.914048994760978,0.7319759509130648
2928.7000000000003,3.910702784321368,0.901557844077011
2930.7000000000003,3.9028848696738256,1.2084848193481506
2932.7000000000003,3.8838646409688464,1.9989655374748334
2934.7000000000003,3.89490640220464,1.4457261817747693
2936.7000000000003,3.8941558710679374,1.4494949395555863
2938.7000000000003,3.9273769119126514,0.029226974864577177
2940.7000000000003,3.9299325103921574,-0.0350010548013468
2942.7000000000003,3.9020395281416027,1.20597848920974
2944.7000000000003,3.893093289850564,1.5490834921049084
2946.7000000000003,3.8920493017070648,1.5416605314398346
2948.7000000000003,3.8923700546854687,1.4867707911291261
2950.7000000000003,3.9281895636089246,-0.05046395658843825
2952.7000000000003,3.928780058673054,-0.030754108398420785
2954.7000000000003,3.9255914618174423,0.14874709014754756
2956.7000000000003,3.899655031169644,1.250921360688863
2958.7000000000003,3.910000216681768,0.7715399266822465
2960.7000000000003,3.918415168319248,0.4113719203559574
2962.7000000000003,3.9300029134975683,-0.060683986978181254
2964.7000000000003,3.9028143108939757,1.1250474864286195
2966.7000000000003,3.8803745133330074,2.063326598885772
2968.7000000000003,3.9003478701569163,1.1130628827067903
2970.7000000000003,3.9025010921015815,0.9721544088836187
2972.7000000000003,3.9260822342550803,-0.02302086796816734
2974.7000000000003,3.9037462220579324,0.9639739950649169
2976.7000000000003,3.885778047102085,1.7139954136659257
2978.7000000000003,3.883356322151803,1.7586259734584309
2980.7000000000003,3.856183028578051,2.829252254924784
2982.7000000000003,3.8908066959576004,1.2745333908139396
2984.7000000000003,3.8904976138690137,1.2725468882511104
2986.7000000000003,3.9021250789555806,0.7391318943509971
2988.7000000000003,3.9126580668450908,0.3115822901131035
2990.7000000000003,3.9037706256811147,0.7109528959645384
2992.7000000000003,3.9042566364198095,0.6885053089362372
2994.7000000000003,3.9074193461036755,0.5611125910018046
2996.7000000000003,3.914341532527729,0.2694636339665849
2998.7000000000003,3.9194806939439957,0.089974652832184
3000.7000000000003,3.889510359463245,1.375165681080566
3002.7000000000003,3.8799304234289274,1.7356456537621687
3004.7000000000003,3.879470117708563,1.7030738236928602
3006.7000000000003,3.8925984806751712,1.0986151878478618
3008.7000000000003,3.8871222665851244,1.3179583882570987
3010.7000000000003,3.8950367808533497,0.944239990653688
3012.7000000000003,3.90037336573669,0.7250114703941775
3014.7000000000003,3.917900132975401,0.0047010123078942544
3016.7000000000003,3.9188110969540455,0.008616651748587724
3018.7000000000003,3.8991720526559805,0.8793803033248114
3020.7000000000003,3.886971426516138,1.3690857349251797
3022.7000000000003,3.8903110722399195,1.2072268053888073
3024.7000000000003,3.8482628942973203,2.947862217770182
3026.7000000000003,3.883285119903665,1.3374982513528548
3028.7000000000003,3.8714175695507818,1.8127516355769107
3030.7000000000003,3.8703868838439104,1.8122184311714127
3032.7000000000003,3.9082124692335904,0.14135416110104204
3034.7000000000003,3.9142578231827305,-0.06613406693149126
3036.7000000000003,4.004677442389949,-3.904683185245914
3038.7000000000003,3.972851100650129,-2.289292990532316
3040.7000000000003,3.949572657226685,-1.1341482315764646
3042.7000000000003,3.9246876351457294,-0.006878741461935754
3044.7000000000003,3.903955700995848,0.8808613151074217
3046.7000000000003,3.9034142670340297,0.8693810099669997
3048.7000000000003,3.9236116310667595,-0.0007685530883488638
3050.7000000000003,3.923976317493907,0.0061320330609040356
3052.7000000000003,3.9094526436380757,0.655211875221222
3054.7000000000003,3.8896867296787296,1.444713029334998
3056.7000000000003,3.9115469192711414,0.44817827914136993
3058.7000000000003,3.8798820083172556,1.7028156739262763
3060.7000000000003,3.8331217326470677,3.6074332828805042
3062.7000000000003,3.83060028614701,3.5391432684710926
3064.7000000000003,3.869572855162923,1.7200940558706896
3066.7000000000003,3.914712950357207,-0.19340617380717118
3068.7000000000003,3.9133009959228953,-0.07910956789532547
3070.7000000000003,3.914193522449581,-0.07130570221202469
3072.7000000000003,3.9267582922394624,-0.5724805008786092
3074.7000000000003,3.9390901026613685,-0.9986970145701686
3076.7000000000003,3.93367575853914,-0.6818028359189522
3078.7000000000003,3.919445779452141,-0.028094554999277856
3080.7000000000003,3.920408284546811,-0.03919940259270508
3082.7000000000003,3.9209176894991558,-0.03233926359383789
3084.7000000000003,3.89534086163329,1.0562114965996825
3086.7000000000003,3.8886270304202366,1.299065638679561
3088.7000000000003,3.9130753576170605,0.23366595375263066
3090.7000000000003,3.9203000361352176,-0.05172893968762894
3092.7000000000003,3.9210762392675265,-0.055260753114601095
3094.7000000000003,3.9210159031527922,-0.025598991565255583
3096.7000000000003,3.9219012098152612,-0.03926955431645515
3098.7000000000003,3.906427615494917,0.6170899305779384
3100.7000000000003,3.90587245427824,0.6312877430517143
3102.7000000000003,3.905299877289856,0.6335688860796324
3104.7000000000003,3.9139489522362916,0.2709439542305234
3106.7000000000003,3.907580079856401,0.5541733097196895
3108.7000000000003,3.8810647874216273,1.635208818359667
3110.7000000000003,3.8959588666971974,0.9271840754037096
3112.7000000000003,3.893855879257836,0.9863410012461556
3114.7000000000003,3.9182435982845716,-0.06757165140333928
3116.7000000000003,3.897493565248422,0.8182265332360975
3118.7000000000003,3.8918381198897123,1.0379763679934222
3120.7000000000003,3.8903262708447564,1.0682965753702651
3122.7000000000003,3.8887581072940853,1.0961393290405779
3124.7000000000003,3.916029968311179,-0.05014773388823634
3126.7000000000003,3.916569111120768,-0.04286610462511753
3128.7000000000003,3.9168893755317127,-0.02745087835285522
3130.7000000000003,3.9176481281126643,-0.03256856961542805
3132.7000000000003,3.920204227112529,-0.11319441930596612
3134.7000000000003,3.9260080072708923,-0.3245210451770827
3136.7000000000003,3.8964289024068286,0.9499708666798482
3138.7000000000003,3.9182397959778035,0.02892371816543824
3140.7000000000003,3.9185185741346973,0.03667827314617492
3142.7000000000003,3.909540823577268,0.4231536100611018
3144.7000000000003,3.89156510864865,1.1702010756563384
3146.7000000000003,3.8871607404217694,1.3073737038295192
3148.7000000000003,3.9150385248125077,0.08488534764619403
3150.7000000000003,3.9157207355735473,0.07774069801283469
3152.7000000000003,3.9083155327727024,0.41097202764078283
3154.7000000000003,3.907674083287645,0.42677762376054185
3156.7000000000003,3.8898568976708248,1.2027959440362819
3158.7000000000003,3.8719701275675678,1.907905946405795
3160.7000000000003,3.8694121519158244,1.9232659284340194
3162.7000000000003,3.8881363579246693,1.075937146131433
3164.7000000000003,3.887507621859523,1.0592416339644537
3166.7000000000003,3.8868522370761482,1.0672513917978603
3168.7000000000003,3.8849904622044393,1.1106830044301874
3170.7000000000003,3.8644384632396402,1.928835718002222
3172.7000000000003,3.8645188598630553,1.8327043242389984
3174.7000000000003,3.8735627267250288,1.3983796047023394
3176.7000000000003,3.8709701162335532,1.4612697349754058
3178.7000000000003,3.8771264465715003,1.153604061185361
3180.7000000000003,3.875848117192185,1.1875189088182019
3182.7000000000003,3.8711238985642162,1.3584214854502008
3184.7000000000003,3.8551113723572152,1.9854020913553507
3186.7000000000003,3.8737370070531947,1.1283056194714685
3188.7000000000003,3.883981030750453,0.6737908702255504
3190.7000000000003,3.891071327880317,0.41480346291638187
3192.7000000000003,3.8848827644727026,0.6906210543130479
3194.7000000000003,3.9013060865571254,0.015445186073768838
3196.7000000000003,3.8946452435570986,0.32530589924961967
3198.7000000000003,3.888489770047737,0.6031302923692734
3200.7000000000003,3.8904109244243728,0.5291989311990767
3202.7000000000003,3.9059642518598774,-0.10250665122100762
3204.7000000000003,3.90553753245132,-0.04032610573377713
3206.7000000000003,3.8998302153272335,0.23711276561273262
3208.7000000000003,3.887534579829338,0.7790486878415293
3210.7000000000003,3.881478427714681,1.0143217489128828
3212.7000000000003,3.8537073926110486,2.1461499230045336
3214.7000000000003,3.866869941841231,1.5062277789553928
3216.7000000000003,3.8647695162065983,1.5413627681350381
3218.7000000000003,3.8659006594449354,1.4653212819148191
3220.7000000000003,3.8651517871832155,1.4454074984224725
3222.7000000000003,3.8900102373867576,0.3767767843398812
3224.7000000000003,3.89044848831377,0.37691188447563895
3226.7000000000003,3.8859832300515755,0.5815859043891093
3228.7000000000003,3.9005168980150415,-0.0020148334838967306
3230.7000000000003,3.891634370104792,0.4073202082928166
3232.7000000000003,3.8930990278324655,0.3580839157889862
3234.7000000000003,3.9041063133950633,-0.0810205294676458
3236.7000000000003,3.9049032304024043,-0.07835235444245357
3238.7000000000003,3.9049801313411043,-0.04734826749164714
3240.7000000000003,3.8930896715261074,0.47408638903717965
3242.7000000000003,3.8942384964963805,0.4205595789239773
3244.7000000000003,3.8932089007752153,0.46173195985955123
3246.7000000000003,3.8931194682348194,0.47056896991675223
3248.7000000000003,3.8936303774713727,0.4569162757580435
3250.7000000000003,3.893149418650367,0.47667236773213556
3252.7000000000003,3.893490813574565,0.4598512240874631
3254.7000000000003,3.89320160487503,0.4767080600445035
3256.7000000000003,3.876003780839646,1.169362025011555
3258.7000000000003,3.87978757001775,0.9681174229194507
3260.7000000000003,3.8815801051386907,0.871934220178345
3262.7000000000003,3.8619946795988183,1.6374309105750544
3264.7000000000003,3.8688799505314524,1.3024046959909987
3266.7000000000003,3.9013462356888735,-0.08234995129571833
3268.7000000000003,3.864195584483713,1.465839502886277
3270.7000000000003,3.8616342953942824,1.47841473851851
3272.7000000000003,3.853621807688885,1.7498712205161557
3274.7000000000003,3.85218586751578,1.7396899513522468
3276.7000000000003,3.8858218332368737,0.3054522843906565
3278.7000000000003,3.876763472602149,0.6937596394945551
3280.7000000000003,3.8966613445195897,-0.1071837743163766
3282.7000000000003,3.8952906569875605,0.00588775815491599
3284.7000000000003,3.8672129470969177,1.1834441896783927
3286.7000000000003,3.7722307609702495,5.153034121313691
3288.7000000000003,3.5956190474945395,12.212096767157664
3290.7000000000003,3.564662398136883,12.792162827084303
3292.7000000000003,3.546034110684645,12.859911442204307
3294.7000000000003,3.7154721414951895,5.046561426646041
3296.7000000000003,3.796459390476482,1.5534155854482201
3298.7000000000003,3.807906279903983,1.119988756648596
3300.7000000000003,3.8429094414451526,-0.2489849598590453
3302.7000000000003,3.841235831643013,-0.03829526381281487
3304.7000000000003,3.8479356109891127,-0.2180112948058685
3306.7000000000003,3.7296425861158227,4.771384329823316
3308.7000000000003,3.6866580354498253,6.374908779104237
3310.7000000000003,3.7245592067874744,4.522008978782562
3312.7000000000003,3.735454188157712,3.846952203100248
3314.7000000000003,3.7771115480612543,2.0953840230046397
3316.7000000000003,3.7578673477650475,2.849463504682032
3318.7000000000003,3.8325520848547963,-0.24169585313997843
3320.7000000000003,3.8355751549763593,-0.2206923717435064
3322.7000000000003,3.9236806057920317,-3.752379762949108
3324.7000000000003,3.9235762771755924,-3.38958526876039
3326.7000000000003,3.930259010721938,-3.3485467402832874
3328.7000000000003,3.935453898386107,-3.3063468627195878
3330.7000000000003,3.933346092082923,-2.936308747506085
3332.7000000000003,3.9461319707116314,-3.238505062026198
3334.7000000000003,3.9539798991598354,-3.3053959219522926
3336.7000000000003,3.8852717232283,-0.2097024389148579
3338.7000000000003,3.862678899876205,0.7518095249941226
3340.7000000000003,3.828575094074815,2.148131544162138
3342.7000000000003,3.8262022955648036,2.1411184061245874
3344.7000000000003,3.746878860477341,5.379605402411466
3346.7000000000003,3.7928090152545275,3.1882794245628063
3348.7000000000003,3.7654590394758416,4.170873805822349
3350.7000000000003,3.8463333636618273,0.5437274033661813
3352.7000000000003,3.844948449609657,0.6636580617161709
3354.7000000000003,3.8386568257051223,0.9415883103554337
3356.7000000000003,3.8488339634957445,0.5336714169459864
3358.7000000000003,3.84423676253169,0.7407307529681705
3360.7000000000003,3.818003924500211,1.8141767602249146
3362.7000000000003,3.8500925163484774,0.44601838264384114
3364.7000000000003,3.7990956450940137,2.5463901312053863
3366.7000000000003,3.7933916661922096,2.687641192961986
3368.7000000000003,3.777656880637747,3.2046286848994776
3370.7000000000003,3.8070252268426494,1.8309775379978637
3372.7000000000003,3.837236645041415,0.5665692947737802
3374.7000000000003,3.8557861932864945,-0.15659750272396356
3376.7000000000003,3.8573952902794097,-0.1456667675014446
3378.7000000000003,3.8580559269248385,-0.09882650817384134
3380.7000000000003,3.8556832650987785,0.06012607095577775
3382.7000000000003,3.8614100018194533,-0.116493199678243
3384.7000000000003,3.8619097644723563,-0.07722459808908651
3386.7000000000003,3.8639012515104225,-0.110827132139841
3388.7000000000003,3.8648513655373664,-0.09459851819471043
3390.7000000000003,3.8665369172842015,-0.11408708273789596
3392.7000000000003,3.838679688446446,1.1024594038565843
3394.7000000000003,3.8320073193416118,1.3508346749709543
3396.7000000000003,3.807843651966999,2.2831673400644
3398.7000000000003,3.8636585177038247,-0.09460851977241336
3400.7000000000003,3.8652139864963897,-0.10682833995815251
3402.7000000000003,3.830107654913871,1.3784037932030346
3404.7000000000003,3.828286462439326,1.4056560428269476
3406.7000000000003,3.8057550048959987,2.270683396781852
3408.7000000000003,3.808387778916947,2.0648098293143096
3410.7000000000003,3.8570427917582677,0.05017503663168169
3412.7000000000003,3.8616395009273994,-0.09694585742864611
3414.7000000000003,3.848492817732849,0.5093297487037052
3416.7000000000003,3.83194395665986,1.1598607192494321
3418.7000000000003,3.8196386778329723,1.635399510204473
3420.7000000000003,3.8252172758173635,1.3305677221661343
3422.7000000000003,3.823653556064314,1.3629165939265468
3424.7000000000003,3.8301212604148662,1.1758675824229199
3426.7000000000003,3.82650712634711,1.3447716191284398
3428.7000000000003,3.8162373857436642,1.786283961167816
3430.7000000000003,3.8576567656302383,0.0482493383265193
3432.7000000000003,3.8200721928983965,1.623807984095427
3434.7000000000003,3.8407231146780427,0.7020640551662871
3436.7000000000003,3.8359892534117646,0.8985794175009426
3438.7000000000003,3.923284491422753,-2.6868375749066287
3440.7000000000003,3.6135307734359303,10.050330039355389
3442.7000000000003,3.571769294245855,11.136442587033514
3444.7000000000003,3.810890671803283,0.9123703021687429
3446.7000000000003,3.8156495721597428,0.7409259515512017
3448.7000000000003,3.80571795264895,1.1818687189491566
3450.7000000000003,3.800651237553562,1.38022190887072
3452.7000000000003,3.7887707239321085,1.87519530590156
3454.7000000000003,3.7923158016160556,1.6783864162448736
3456.7000000000003,3.8083423179219955,1.0147842274734578
3458.7000000000003,3.8031482510730714,1.2308450728388056
3460.7000000000003,3.8174518211747532,0.6670493779558828
3462.7000000000003,3.8364993380416106,-0.07657832158657776
3464.7000000000003,3.8384140378964653,-0.0682031514268766
3466.7000000000003,3.840443170320816,-0.07838908118654275
3468.7000000000003,3.8420135055660416,-0.07209906903475582
3470.7000000000003,3.8435632544066776,-0.07052855451603798
3472.7000000000003,3.9026064479287914,-2.3883369819066202
3474.7000000000003,3.937093290279908,-3.5689259854696425
3476.7000000000003,3.8561661953839064,-0.036468244410341404
3478.7000000000003,3.8545806641575555,0.06485303909104963
3480.7000000000003,3.8487878021437014,0.333204856471114
3482.7000000000003,3.8412569163048342,0.6502655056336336
3484.7000000000003,3.8208148770780186,1.4751765934095382
3486.7000000000003,3.80215751930602,2.1370641948141267
3488.7000000000003,3.8448326010832417,0.32526979892666463
3490.7000000000003,3.852920251478392,0.02332933975579779
3492.7000000000003,3.877291513239115,-0.9289250421991915
3494.7000000000003,3.8854570343459365,-1.1677160627535252
3496.7000000000003,3.857967510162464,0.028076674035861702
3498.7000000000003,3.8594110295761497,-0.005158964256399598
3500.7000000000003,3.8585170366466737,0.05619336580702858
3502.7000000000003,3.85939983673452,0.046087524675839237
3504.7000000000003,3.86874246195983,-0.3225738924779815
3506.7000000000003,3.891064284090656,-1.1682896619097116
3508.7000000000003,3.879792510686011,-0.6120321889461956
3510.7000000000003,3.8841990214555495,-0.7367877459033724
3512.7000000000003,3.9012878792903596,-1.3545513924811106
3514.7000000000003,3.897273561212631,-1.0894171714135474
3516.7000000000003,3.8927589247285774,-0.8172050875940043
3518.7000000000003,3.8915124586809293,-0.719419518544879
3520.7000000000003,3.8832067522712985,-0.3147321740335562
3522.7000000000003,3.8603607431471687,0.6580295356111071
3524.7000000000003,3.861938002447144,0.5568157262412403
3526.7000000000003,3.8800433255415916,-0.23060191833237303
3528.7000000000003,3.8842799239002437,-0.37982044442314605
3530.7000000000003,3.8835423473207773,-0.32851400840275535
3532.7000000000003,3.855139614622657,0.8392333214556559
3534.7000000000003,3.8474874274668034,1.0965432983975776
3536.7000000000003,3.8462773213332007,1.081755916603611
3538.7000000000003,3.8416698890732257,1.1933340552373048
3540.7000000000003,3.83813811055414,1.279266257110858
3542.7000000000003,3.8367197285046344,1.2686540119778225
3544.7000000000003,3.836730067725795,1.1876621149369497
3546.7000000000003,3.837898050055908,1.0947415387962065
3548.7000000000003,3.874004408620837,-0.4301907941812496
3550.7000000000003,3.846031034057364,0.7567325861865161
3552.7000000000003,3.8428385923496453,0.8539466768447209
3554.7000000000003,3.8355723357987803,1.1218239261912912
3556.7000000000003,3.8387731918736083,0.9395576193045088
3558.7000000000003,3.850152955983957,0.46609720063449095
3560.7000000000003,3.8108268162711876,2.0828008446554334
3562.7000000000003,3.7577244327973998,4.131253932005003
3564.7000000000003,3.72434518051534,5.215099030345236
3566.7000000000003,3.679444129831385,6.711315543386172
3568.7000000000003,3.804932429119935,1.1305075188941143
3570.7000000000003,3.7994267848506764,1.3462914437321918
3572.7000000000003,3.7983089066259685,1.3788299218376268
3574.7000000000003,3.840616903659828,-0.3952766830182124
3576.7000000000003,3.830664366441469,0.10321694037102284
3578.7000000000003,3.831747098449551,0.12118958722350856
3580.7000000000003,3.840615054248715,-0.19052830991663636
3582.7000000000003,3.850506570886565,-0.5106850100277548
3584.7000000000003,3.8230310873512803,0.6640192850940972
3586.7000000000003,3.8226496441657316,0.6820033676851786
3588.7000000000003,3.8135411501335468,1.062960415620834
3590.7000000000003,3.8222057450644256,0.6964635294631223
3592.7000000000003,3.826991528514754,0.5079713065735364
3594.7000000000003,3.8336831367447957,0.2764660729247227
3596.7000000000003,3.8354713927465403,0.23620877584441066
3598.7000000000003,3.8397967419954995,0.058041559816311
3600.7000000000003,3.8562311647132743,-0.5431990843026077
3602.7000000000003,3.813378301666647,1.229304485505876
3604.7000000000003,3.827096184067316,0.6327786037671531
3606.7000000000003,3.864383381650583,-0.8454837153048232
3608.7000000000003,3.8408747167726456,0.20020563433027605
3610.7000000000003,3.8664787602355633,-0.7903128462239497
3612.7000000000003,3.827694106850063,0.8820692068503156
3614.7000000000003,3.788870736875025,2.4110086035152936
3616.7000000000003,3.8395993251571876,0.2042858422941754
3618.7000000000003,3.841920660435737,0.15675438620230303
3620.7000000000003,3.8418797445436614,0.1834511818842307
3622.7000000000003,3.8264701944156023,0.8513016488831452
3624.7000000000003,3.8265340631580704,0.8262254573929206
3626.7000000000003,3.844963116236005,0.05257223644895107
3628.7000000000003,3.823935999473028,0.9612971695065233
3630.7000000000003,3.822209950862932,0.9906273819504507
3632.7000000000003,3.8208741109532145,1.0197796605133784
3634.7000000000003,3.8203503712930797,1.0276156600034465
3636.7000000000003,3.822376635600491,0.9146879979624044
3638.7000000000003,3.8634717874242166,-0.7987122016086665
3640.7000000000003,3.880198763262018,-1.4340626617785102
3642.7000000000003,3.9350209287282016,-3.440746248333119
3644.7000000000003,3.920886098225395,-2.6001270721831014
3646.7000000000003,3.868192336381443,-0.28146791983089975
3648.7000000000003,3.7682291749439,3.7810441388289946
3650.7000000000003,3.709583887005575,5.903257336554404
3652.7000000000003,3.7701019308451515,3.176820523810548
3654.7000000000003,3.821460068592434,0.9366965669690213
3656.7000000000003,3.84502544560881,-0.06934250811873602
3658.7000000000003,3.8621496466513126,-0.7316545361432275
3660.7000000000003,3.8624679252678846,-0.6744523609515598
3662.7000000000003,3.769207677998691,3.2556916707158914
3664.7000000000003,3.7443431309884465,4.1840774930201885
3666.7000000000003,3.589750992365225,10.450169968052592
3668.7000000000003,3.698084281355871,5.635564302494627
3670.7000000000003,3.7549509568294095,2.99381420406469
3672.7000000000003,3.771296505301268,2.247887711879786
3674.7000000000003,3.849034133219646,-1.0904381467980166
3676.7000000000003,3.7964975496812836,1.256242523961435
3678.7000000000003,3.796768557526964,1.2570105612653892
3680.7000000000003,3.7978353102538334,1.2427428530413958
3682.7000000000003,3.7983666879015274,1.23459323569484
3684.7000000000003,3.7979483690938616,1.2627447003966545
3686.7000000000003,3.799307878750873,1.2262611747260743
3688.7000000000003,3.7983198714051083,1.2716501760646917
3690.7000000000003,3.799895968905712,1.2192941001551627
3692.7000000000003,3.7994832386330715,1.2458344706689957
3694.7000000000003,3.7991239248736117,1.264764502999784
3696.7000000000003,3.8514859162405046,-0.937339072018389
3698.7000000000003,3.8246694014497025,0.2962665453023878
3700.7000000000003,3.8253299001048595,0.31093830326193767
3702.7000000000003,3.8318363728256477,0.06054476405105362
3704.7000000000003,3.877465426762705,-1.8258125349132626
3706.7000000000003,3.8914980941421247,-2.276676351535621
3708.7000000000003,3.8884356888439275,-1.9793419997642827
3710.7000000000003,3.862157714181266,-0.7330531269717543
3712.7000000000003,3.8454909482644224,0.038494279336129554
3714.7000000000003,3.839728138926995,0.2983988602622923
3716.7000000000003,3.841748595925919,0.22857820600678483
3718.7000000000003,3.836639256919884,0.44073567023343985
3720.7000000000003,3.842479401233968,0.1940269197466257
3722.7000000000003,3.8559609781520336,-0.3690553714824608
3724.7000000000003,3.855479137603522,-0.31316830076791935
3726.7000000000003,3.8474537725259568,0.0620720761971878
3728.7000000000003,3.8140026501170476,1.4909948246927063
3730.7000000000003,3.8033574555335057,1.877197325696904
3732.7000000000003,3.6012406928745166,10.492765576661325
3734.7000000000003,3.658384095590358,7.3139328538442205
3736.7000000000003,3.8509231996463074,-1.004134196498382
3738.7000000000003,3.883004542000829,-2.257392847035887
3740.7000000000003,3.8771073102531046,-1.7684492296935588
3742.7000000000003,3.5685416285006295,11.488168262964773
3744.7000000000003,3.72231974315095,4.19814742187521
3746.7000000000003,3.843854815450527,-1.0635323728724018
3748.7000000000003,3.865093772500011,-1.8484951059499697
3750.7000000000003,3.939439033875546,-4.830044793951688
3752.7000000000003,3.8469070822994396,-0.5587915050799633
3754.7000000000003,3.6209027811873473,9.207913922793644
3756.7000000000003,3.8353901048212964,-0.4824250121722921
3758.7000000000003,3.8250751233154237,0.031648269510791964
3760.7000000000003,3.8502429852646856,-0.9970553130321361
3762.7000000000003,3.8520347397244903,-0.9690981285789642
3764.7000000000003,3.8836814976916796,-2.191111229378976
3766.7000000000003,3.852208150938274,-0.687859101058593
3768.7000000000003,3.856113727699651,-0.7850065304145583
3770.7000000000003,3.8533433137141886,-0.5961733220675159
3772.7000000000003,3.853539756595264,-0.5591686973662402
3774.7000000000003,3.854286867337335,-0.5451869280100213
3776.7000000000003,3.854252419969297,-0.4964433179684339
3778.7000000000003,3.8545743860698054,-0.4624275990804353
3780.7000000000003,3.8547042703222467,-0.4254449759372305
3782.7000000000003,3.8545337173807486,-0.39741640032978015
3784.7000000000003,3.8291884926507396,0.7067318799957845
3786.7000000000003,3.839054609443302,0.2558847819561007
3788.7000000000003,3.8600800108337574,-0.6233864301643276
3790.7000000000003,3.860293130918874,-0.6008779835691719
3792.7000000000003,3.8630152929539108,-0.6729296477070947
3794.7000000000003,3.8634686349978353,-0.6548552432207013
3796.7000000000003,3.8650693148358743,-0.6812935638322186
3798.7000000000003,3.8657755086562338,-0.6741928420746739
3800.7000000000003,3.867021482182213,-0.6891371132310682
3802.7000000000003,3.8654948196047636,-0.5995967854980323
3804.7000000000003,3.863592230647318,-0.4891630417477947
3806.7000000000003,3.863322379984411,-0.4546218756822333
3808.7000000000003,3.857102342642485,-0.17045412170795346
3810.7000000000003,3.857559735911676,-0.181427736960422
3812.7000000000003,3.8637007885636883,-0.42967284329806243
3814.7000000000003,3.8635487654518816,-0.404703364854999
3816.7000000000003,3.833575542574583,0.9062702459080212
3818.7000000000003,3.8595372848013008,-0.29826142361494173
3820.7000000000003,3.8599502635353127,-0.2825563619103343
3822.7000000000003,3.8172804554408843,1.520805893334175
3824.7000000000003,3.8134455501660818,1.598586084876406
3826.7000000000003,3.85616398341039,-0.2770839911483096
3828.7000000000003,3.868907658276504,-0.7910003473849261
3830.7000000000003,3.8903159106613865,-1.6378072318174655
3832.7000000000003,3.866772690678217,-0.5469519322161693
3834.7000000000003,3.8806193993782543,-1.1136872456612879
3836.7000000000003,3.8798986575020273,-1.040372355463064
3838.7000000000003,3.8867162990905113,-1.2747941568861372
3840.7000000000003,3.847982669688543,0.41937881993677323
3842.7000000000003,3.847307106433075,0.42086823402904083
3844.7000000000003,3.8543939467476394,0.08533223543295196
3846.7000000000003,3.8656291299363588,-0.3887518488369608
3848.7000000000003,3.8601261588194493,-0.139031942062094
3850.7000000000003,3.8468708678791996,0.4255566265139928
3852.7000000000003,3.84673012519555,0.40133728251355705
3854.7000000000003,3.8554970015795536,-0.0040703080056848084
3856.7000000000003,3.85569535973929,-0.013083977752972825
3858.7000000000003,3.855859289324563,-0.019449127974563506
3860.7000000000003,3.8581681277033755,-0.11667815527881943
3862.7000000000003,3.858756809022745,-0.129976977526611
3864.7000000000003,3.865792269287465,-0.4190669540925025
3866.7000000000003,3.8657951971516584,-0.40050541059998057
3868.7000000000003,3.8657042077582795,-0.3852218529824802
3870.7000000000003,3.862744591145382,-0.23525933778815533
3872.7000000000003,3.8629464716494897,-0.23307926453634653
3874.7000000000003,3.856380206860493,0.06010154527931285
3876.7000000000003,3.856739386732468,0.03901150877993398
3878.7000000000003,3.857633713608752,-0.00391306985946485
3880.7000000000003,3.8657905420953873,-0.3486636782146782
3882.7000000000003,3.850645081448048,0.3087946572008918
3884.7000000000003,3.850558167446464,0.2950370512179854
3886.7000000000003,3.866291265600898,-0.389064721468107
3888.7000000000003,3.8658903107982177,-0.3567234466037614
3890.7000000000003,3.8498032892377507,0.3472775699608692
3892.7000000000003,3.846173874962657,0.4868862965198774
3894.7000000000003,3.860981464142755,-0.17159166566067366
3896.7000000000003,3.858599435720798,-0.0629375877415169
3898.7000000000003,3.8540480471791363,0.1346800164973762
3900.7000000000003,3.8541547403857366,0.12316675069703398
3902.7000000000003,3.8528308014239574,0.1728845981739642
3904.7000000000003,3.8527541161073473,0.16677367360731965
3906.7000000000003,3.853248730117718,0.14508643755370065
3908.7000000000003,3.853129723536205,0.14785734088746477
3910.7000000000003,3.8549261982838474,0.06868726307465083
3912.7000000000003,3.8548477882081285,0.07163325937075492
3914.7000000000003,3.849180578207464,0.31498822696062995
3916.7000000000003,3.8488314060979327,0.315162843822775
3918.7000000000003,3.848725045489124,0.3015405427261287
3920.7000000000003,3.8641658815676525,-0.3758619230814952
3922.7000000000003,3.8672592558434964,-0.47076336418514336
3924.7000000000003,3.866067201585288,-0.39093917015418544
3926.7000000000003,3.8651997517726437,-0.3303057631899216
3928.7000000000003,3.8220421469442947,1.5342911830127512
3930.7000000000003,3.8035077244001267,2.240008953288648
3932.7000000000003,3.798050053995878,2.3644416063263627
3934.7000000000003,3.708444416512184,6.145310055012555
3936.7000000000003,3.820749909748088,0.9653359084819539
3938.7000000000003,3.851159485397977,-0.32552008149501566
3940.7000000000003,3.86400092837822,-0.8148264586761439
3942.7000000000003,3.8626369390034268,-0.6853753566069843
3944.7000000000003,3.8496015545896523,-0.07336482826939533
3946.7000000000003,3.840449739816622,0.3365322622310436
3948.7000000000003,3.84079817978165,0.3358732128468069
3950.7000000000003,3.8407129338945136,0.34510380619964454
3952.7000000000003,3.8376922354934098,0.47751411256745785
3954.7000000000003,3.8206779979196615,1.177480698045727
3956.7000000000003,3.8199739767036336,1.1810396996702428
3958.7000000000003,3.773786765790948,3.1240554532522165
3960.7000000000003,3.5959218886586615,10.526581366382434
3962.7000000000003,3.424791801529378,17.33003243983613
3964.7000000000003,3.8427457490145365,-1.0020161471567215
3966.7000000000003,3.8106951319788083,0.5115464562052937
3968.7000000000003,3.416679397575018,17.321648013188057
3970.7000000000003,3.66932329672114,5.5174476505864565
3972.7000000000003,3.828017380097212,-1.2007174153195561
3974.7000000000003,3.8304380319507274,-1.1372698038384323
3976.7000000000003,3.9029338305586627,-4.084014811626462
3978.7000000000003,3.9171845200920874,-4.367250048261588
3980.7000000000003,3.846346130973253,-1.0690194649585836
3982.7000000000003,3.714405146780216,4.600847954720883
3984.7000000000003,3.7175440382916323,4.304976231683236
3986.7000000000003,3.841649531571605,-1.0907865643742025
3988.7000000000003,3.8445267175192694,-1.0852461294891007
3990.7000000000003,3.8467901180192476,-1.0727874449352155
3992.7000000000003,3.8495287762885417,-1.0751564760683054
3994.7000000000003,3.8511321033177057,-1.0387731336337218
3996.7000000000003,3.8997846248474692,-3.039635845043945
3998.7000000000003,3.9318217116158114,-4.190172495770024
4000.7000000000003,3.9412232060857844,-4.325074412723219
4002.7000000000003,3.861224322667367,-0.6649425700035689
4004.7000000000003,3.7985665385263077,2.014359221071778
4006.7000000000003,3.8526439711886176,-0.41011158676384724
4008.7000000000003,3.8586675341593186,-0.6348284144617204
4010.7000000000003,3.8590901024940196,-0.5984695420573183
4012.7000000000003,3.8583568017470737,-0.5399558099431497
4014.7000000000003,3.880387984853977,-1.4525380139870234
4016.7000000000003,3.8936724003881826,-1.9246311048191291
4018.7000000000003,3.8549159665971042,-0.18751743249351494
4020.7000000000003,3.8252844304573688,1.090376723956637
4022.7000000000003,3.823070723784864,1.123237220040742
4024.7000000000003,3.844810632782458,0.15428776983705914
4026.7000000000003,3.828811068151953,0.8196504254786003
4028.7000000000003,3.8455687260966083,0.07814973478166924
4030.7000000000003,3.8398582356595137,0.3165739423746798
4032.7000000000003,3.834689540463281,0.5332215645568975
4034.7000000000003,3.835279991933421,0.473173848593751
4036.7000000000003,3.849314746720539,-0.13386359560401828
4038.7000000000003,3.8534428103027176,-0.3020662949508722
4040.7000000000003,3.8097080115443256,1.598328565420306
4042.7000000000003,3.8128542019205494,1.3741450318745132
4044.7000000000003,3.8330417692809142,0.46662181373956424
4046.7000000000003,3.8263656635856313,0.7548022244384186
4048.7000000000003,3.826976933901798,0.682756417160777
4050.7000000000003,3.83566378643548,0.3163673831859548
4052.7000000000003,3.823658227178718,0.8274800212463593
4054.7000000000003,3.821281241541726,0.9005434145104858
4056.7000000000003,3.8209149936891325,0.8785382924701871
4058.7000000000003,3.820245692562976,0.8764386888472189
4060.7000000000003,3.8200566240633975,0.8514236006095476
4062.7000000000003,3.8192119506239304,0.8689901778842071
4064.7000000000003,3.762129020198772,3.2791109354304284
4066.7000000000003,3.6148006870893523,9.31923255028145
4068.7000000000003,3.4514589506937203,15.834220960730821
4070.7000000000003,3.8363015208042825,-1.3324230969311606
4072.7000000000003,3.9397325599261133,-5.542161316015731
4074.7000000000003,3.899369511662637,-3.4745947893879596
4076.7000000000003,3.845321097486013,-0.9938651685492708
4078.7000000000003,3.8462708929135383,-0.9242720253669344
4080.7000000000003,3.8475039437302563,-0.8825961538100393
4082.7000000000003,3.796807582174574,1.3264382087224096
4084.7000000000003,3.7667447348804055,2.5626401520902173
4086.7000000000003,3.7649613281073444,2.5413058002955227
4088.7000000000003,3.8462395841689427,-0.9713801375143233
4090.7000000000003,3.873463295522041,-2.037940915380568
4092.7000000000003,3.8559990503595563,-1.1367498385349737
4094.7000000000003,3.8349542887909527,-0.17097586657544103
4096.7,3.9247157712618246,-3.9407260486606726
4098.7,3.846044011201454,-0.3284795803115303
4100.7,3.430557010820881,17.314261297159128
4102.7,3.8408267200811945,-0.9896724801515874
4104.7,3.8416165636598323,-0.9136214522131868
4106.7,3.8432980322735277,-0.901150020665888
4108.7,3.843954446311441,-0.8279788684573814
4110.7,3.8447977369523714,-0.7817466582806561
4112.7,3.845327257393052,-0.7355046613271499
4114.7,3.845910060387733,-0.6936993379100977
4116.7,3.8886073931975687,-2.4466575912573263
4118.7,3.8953716716031344,-2.5617011034377515
4120.7,3.8777290861417355,-1.6875653170273583
4122.7,3.8445092785049417,-0.17847851749667717
4124.7,3.8395517990038712,0.041448860878750216
4126.7,3.830425857888441,0.44051259542262466
4128.7,3.789508598172575,2.1463990358844875
4130.7,3.750390865536251,3.679860329544867
4132.7,3.789037989489069,1.8682713647374758
4134.7,3.8425468785602397,-0.4685174426921129
4136.7,3.8752874259773344,-1.8326280777861401
4138.7,3.882361294775802,-2.017762766304418
4140.7,3.8507319014793495,-0.5709445401460107
4142.7,3.839732668288877,-0.06461328557651583
4144.7,3.837827085281608,0.025
4146.7,3.8379762080252653,0.025
4148.7,3.838118788495713,0.025
4150.7,3.838255238923199,0.025
4152.7,3.838385944890559,0.025
4154.7,3.838511267058167,0.025
4156.7,3.838631542777185,0.025
4158.7,3.8387473643768684,0.025
4160.7,3.8388831854696233,0.025
4162.7,3.839015193313996,0.025
4164.7,3.839143299769858,0.025
4166.7,3.839267746412403,0.025
4168.7,3.8393887592153253,0.025
4170.7,3.839504774580559,0.025
4172.7,3.8395884104307045,0.025
4174.7,3.838383091523949,0.07862574627285668
4176.7,3.836573316795908,0.16103318821948054
4178.7,3.8379411281686573,0.10772978112240497
4180.7,3.835843457333654,0.19847483148618505
4182.7,3.8391527495332842,0.05333582250292445
4184.7,3.8398998286058426,0.025
4186.7,3.839746389922535,0.0347541856140979
4188.7,3.8388731544662207,0.07499906650076361
4190.7,3.8394503057116243,0.05
4192.7,3.839473388263557,0.050008531420449386
4194.7,3.8396166524046227,0.05
4196.7,3.839216994624501,0.07382270637788779
4198.7,3.8403352805188433,0.025
4200.7,3.840441822522456,0.025
4202.7,3.84055839181254,0.025
4204.7,3.8412606667770306,0.0
4206.7,3.841383922843323,0.0
4208.7,3.8415033843774085,0.0
4210.7,3.841619285839206,0.0
4212.7,3.8417318465822143,0.0
4214.7,3.841264684432444,0.025
4216.7,3.8413491941268068,0.025
4218.7,3.841399992720953,0.025
4220.7,3.8414467175038296,0.025
4222.7,3.8415559206427403,0.025
4224.7,3.8416320920415807,0.025
4226.7,3.841678456942074,0.025
4228.7,3.8416912301816746,0.025
4230.7,3.84170308117044,0.025
4232.7,3.841779818728842,0.025
4234.7,3.8418625918331526,0.025
4236.7,3.841944582449268,0.025
4238.7,3.8420258313289235,0.025
4240.7,3.842106376616577,0.025
4242.7,3.8422419336834674,0.022591623816288948
4244.7,3.8424525176787205,0.016989520231445097
4246.7,3.842570302223722,0.015520676768428776
4248.7,3.842660609201458,0.015330532460516811
4250.7,3.8430694801540874,0.0013252832768800452
4252.7,3.8431478427601315,0.001692462121877999
4254.7,3.8432643225388734,0.0004141009167960745
4256.7,3.8432548014490635,0.004191992096087603
4258.7,3.843435821218516,5.150362158838189e-07
4260.7,3.8433111609999537,0.008692055317465289
4262.7,3.8435879773322235,0.0
4264.7,3.8436700734374987,0.0
4266.7,3.8437507453293893,0.0
4268.7,3.843830075169034,0.0
4270.7,3.843908139841567,0.0
4272.7,3.8439850112964273,0.0
4274.7,3.844060756865704,0.0
4276.7,3.844135439561958,0.0
4278.7,3.8442091183568143,0.0
4280.7,3.8442818484416,0.0
4282.7,3.844353681471155,0.0
4284.7,3.844424665791916,0.0
4286.7,3.8444948466552926,0.0
4288.7,3.8445642664172737,0.0
4290.7,3.8446329647251516,0.0
4292.7,3.8447009786922166,0.0
4294.7,3.844768343061163,0.0
4296.7,3.844835090356966,0.0
4298.7,3.844901251029889,0.0
4300.7,3.844966853589273,0.0
4302.7,3.845031924728687,0.0
4304.7,3.8450964894430117,0.0
4306.7,3.845160571137964,0.0
4308.7,3.845224191732562,0.0
4310.7,3.845287371754972,0.0
4312.7,3.8453501304321827,0.0
4314.7,3.845412485773887,0.0
4316.7,3.845474454650952,0.0
4318.7,3.8455360528688316,0.0
4320.7,3.8455972952362414,0.0
4322.7,3.8456581956294036,0.0
4324.7,3.845718767052141,0.0
4326.7,3.8457790216921097,0.0
4328.7,3.845838970973386,0.0
4330.7,3.8458986256056757,0.0
4332.7,3.845957995630339,0.0
4334.7,3.846017090463452,0.0
4336.7,3.8460759189360907,0.0
4338.7,3.846134489332009,0.0
4340.7,3.846192809422896,0.0
4342.7,3.846250886501354,0.0
4344.7,3.8463087274117456,0.0
4346.7,3.84636633857906,0.0
4348.7,3.846423726035909,0.0
4350.7,3.8464808954477845,0.0
4352.7,3.846537852136689,0.0
4354.7,3.8465946011032375,0.0
4356.7,3.846651147047336,0.0
4358.7,3.8467074943875272,0.0
4360.7,3.8467636472790896,0.0
4362.7,3.8468196096309555,0.0
4364.7,3.8468753851215634,0.0
4366.7,3.846930977213664,0.0
4368.7,3.8469863891681846,0.0
4370.7,3.84704162405719,0.0
4372.7,3.8470966847760195,0.0
4374.7,3.8382141225455118,0.38369421082773497
4376.7,3.837320776738998,0.4
4378.7,3.8351657304864446,0.475
4380.7,3.8368802180706356,0.37418677848283194
4382.7,3.8366293797083837,0.37120851451001746
4384.7,3.826930278447209,0.7653906868862489
4386.7,3.835722021194574,0.37208964409999207
4388.7,3.8365788013778177,0.325
4390.7,3.8351933711036814,0.3750000691898298
4392.7,3.8362022788792842,0.31306472171427874
4394.7,3.835706226038664,0.31793389870876965
4396.7,3.836018314797591,0.3035223438608949
4398.7,3.8360143091001713,0.3
4400.7,3.837342998531021,0.24147356086943791
4402.7,3.843040407760596,0.0
4404.7,3.843291536081655,0.0
4406.7,3.8435298525150756,0.0
4408.7,3.8431691349769257,0.025
4410.7,3.8427458894351374,0.05
4412.7,3.842842959021624,0.05
4414.7,3.842963025756915,0.05
4416.7,3.8430683077524845,0.05
4418.7,3.8413870742194978,0.125
4420.7,3.8365158692548857,0.33130493989832577
4422.7,3.8194866040063715,1.03687875036513
4424.7,3.799528152766038,1.831644625984989
4426.7,3.787197109156329,2.2722851182455264
4428.7,3.780704192252788,2.4362201033298523
4430.7,3.8348840234151242,0.09067178012910881
4432.7,3.848547095589085,-0.4783733877814991
4434.7,3.8083987601247986,1.2832029686728292
4436.7,3.776602677836845,2.544515447514825
4438.7,3.80230290238067,1.3518602378992601
4440.7,3.8003435487818127,1.3933881564822856
4442.7,3.7974248619561184,1.4708398419561843
4444.7,3.7962290284078004,1.465776909117514
4446.7,3.797153526796098,1.3859717556989555
4448.7,3.796021637536556,1.3954517376655646
4450.7,3.811207955360324,0.6994120301644187
4452.7,3.814264656040196,0.5607057339278436
4454.7,3.8575048820910904,-1.2580767148094192
4456.7,3.8956746131845232,-2.721821015839993
4458.7,3.8574517012726344,-0.9483269319082531
4460.7,3.8379089731176754,-0.04896894903079858
4462.7,3.7960823464527444,1.7256328827630818
4464.7,3.7852254473134477,2.1129234136439137
4466.7,3.778515229284831,2.307966477549718
4468.7,3.7828476576636834,2.032920642657667
4470.7,3.7737935748074882,2.3248857401887504
4472.7,3.7595730454462886,2.8279446526238057
4474.7,3.7797296495783765,1.8630065443454848
4476.7,3.80474107066871,0.7540095249598033
4478.7,3.8205468340692574,0.09852807605721896
4480.7,3.8212321439468697,0.10804776593265185
4482.7,3.8016199236601467,0.9581704773858655
4484.7,3.77217218696564,2.1767771660784807
4486.7,3.7790510293220896,1.7987300027948467
4488.7,3.798877688796458,0.9093936817981668
4490.7,3.8021528445035186,0.759505269918433
4492.7,3.8162899663860057,0.16646001125138368
4494.7,3.8193395632757197,0.07348381462311819
4496.7,3.8385517206722555,-0.6974588656492579
4498.7,3.8252093848010014,-0.0653127420407082
4500.7,3.823147090729849,0.06096200908028375
4502.7,3.824054148431247,0.05304694482738656
4504.7,3.842112728735417,-0.6738426686800076
4506.7,3.827669229114063,0.008119833169317858
4508.7,3.8263854437071005,0.08420219752624271
4510.7,3.8274407852131382,0.057362562797488366
4512.7,3.8277455928022954,0.060288712960359384
4514.7,3.8279699852336155,0.06714832492560772
4516.7,3.840299110781152,-0.43980572907031185
4518.7,3.828921045826701,0.08545076294638876
4520.7,3.8434254374289107,-0.5130771979876636
4522.7,3.8526644489372837,-0.8662081926671982
4524.7,3.833073760049664,0.023053047650075136
4526.7,3.834424275653997,-0.023591417818310367
4528.7,3.8498779116806117,-0.644615144553535
4530.7,3.819591257511987,0.6745865643702348
4532.7,3.8180807859718855,0.6965147570859911
4534.7,3.821852761394804,0.5148987199280615
4536.7,3.832251498979286,0.06432442829704335
4538.7,3.8331890573170204,0.03331819040075659
4540.7,3.8283232792658515,0.25236780958461313
4542.7,3.8297354688174745,0.190773131398579
4544.7,3.833252678455335,0.04503570691838235
4546.7,3.8332923532310574,0.04920214808921625
4548.7,3.847889085991407,-0.5597228876442207
4550.7,3.8542605467574917,-0.7964963456606675
4552.7,3.8128416163624728,0.9975025218978371
4554.7,3.7989157122888644,1.530558782534849
4556.7,3.8006484626087538,1.3898675363328872
4558.7,3.8054186630283837,1.1158919568498868
4560.7,3.819578903854234,0.47293097981539806
4562.7,3.828582368240073,0.08897340281726734
4564.7,3.828171630003632,0.12226230118461012
4566.7,3.788185596913302,1.8011900703560675
4568.7,3.768404240873865,2.5366727393068977
4570.7,3.7520557160024026,3.1166615468754593
4572.7,3.6993953352061446,5.1480274838979465
4574.7,3.694341385244552,5.114662895782838
4576.7,3.7439277789879126,2.75349575607035
4578.7,3.704220187187885,4.340140238665384
4580.7,3.692787146208257,4.62325341316871
4582.7,3.72882001408847,2.9342989411215474
4584.7,3.7668493001364567,1.2098315416790033
4586.7,3.779688343288803,0.679584193436274
4588.7,3.7937010811004237,0.13606387940445305
4590.7,3.792606580605111,0.24747811961186542
4592.7,3.796115024778028,0.14962952046430034
4594.7,3.7505453894807923,2.1190308093315275
4596.7,3.7468103223313562,2.20145488055085
4598.7,3.7672231114409387,1.303738671932313
4600.7,3.7993694585075555,-0.031067559378322316
4602.7,3.8004472844679813,-0.01305084787488879
4604.7,3.802046495772301,-0.021065951537337455
4606.7,3.802732174581556,0.005365621650199983
4608.7,3.858526548370304,-2.29875400273673
4610.7,3.866170462877162,-2.4371888926390914
4612.7,3.809316867944914,0.07742179603429872
4614.7,3.8122813650738996,-0.02021430488562907
4616.7,3.8106197889879927,0.08077681941946975
4618.7,3.81100213152937,0.08948262370427046
4620.7,3.804518449542407,0.3928515359520549
4622.7,3.8114967658262793,0.1130320164038014
4624.7,3.8119770571919718,0.1134699062629741
4626.7,3.8129577984211207,0.09019900526459089
4628.7,3.813553989992031,0.08241524657706303
4630.7,3.817063776762018,-0.048434687203775646
4632.7,3.8364918742850285,-0.821646965814753
4634.7,3.8164420628792173,0.10102474949989362
4636.7,3.851905713573429,-1.3800160193774966
4638.7,3.8654083064938622,-1.8573154066364685
4640.7,3.8352614910970395,-0.45860180999654065
4642.7,3.7906437988038917,1.4228220650576637
4644.7,3.8068009390368074,0.6631025014929866
4646.7,3.800022022931098,0.9295036384727434
4648.7,3.793228280148455,1.1607836552852355
4650.7,3.7952167921733158,1.018887487731927
4652.7,3.8090797181916103,0.40800584340678264
4654.7,3.81068571744501,0.33150590165800076
4656.7,3.8039544218909054,0.6091328139445482
4658.7,3.809301716598463,0.3809859148957862
4660.7,3.8153516311718465,0.12834580385357056
4662.7,3.8023227641647757,0.6753923885631229
4664.7,3.802166925818416,0.6529817191256996
4666.7,3.8050525348347444,0.5167738701158419
4668.7,3.811831471511251,0.22913536549976654
4670.7,3.8086867606094956,0.36233901325265694
4672.7,3.8151667736235098,0.09358098219999371
4674.7,3.7963261818376983,0.8909425034303955
4676.7,3.8144985748190128,0.0805799510334024
4678.7,3.8150307038111966,0.07397640803195268
4680.7,3.807484574221833,0.408818432216795
4682.7,3.786719172158577,1.2643681318912563
4684.7,3.800222229756027,0.6413844670069441
4686.7,3.8032899175900816,0.5062291952029765
4688.7,3.7910793784515167,1.011797141402277
4690.7,3.800605037302735,0.5717558215935521
4692.7,3.7952612223905704,0.7811349954926087
4694.7,3.7955070254311267,0.7452549019241536
4696.7,3.7984507974649593,0.6027582939275691
4698.7,3.7944966596311898,0.7600797562855872
4700.7,3.779349755948296,1.3634192332039172
4702.7,3.7827659388528994,1.1651911349925523
4704.7,3.7842869822041276,1.0660080329336223
4706.7,3.7881226358732465,0.8765723361103811
4708.7,3.797638628205729,0.45831738872595656
4710.7,3.7933297116045073,0.6464137324038267
4712.7,3.793069906780924,0.6487672522893435
4714.7,3.796390638692224,0.5048772004184474
4716.7,3.795484730409876,0.5365711800352472
4718.7,3.796808000018031,0.4810887289372284
4720.7,3.789658000086351,0.78910360880359
4722.7,3.787050230568693,0.8802161920517648
4724.7,3.7911718678991617,0.6753670225361915
4726.7,3.80517520795727,0.0785516975779294
4728.7,3.782703008429608,1.0427309353124015
4730.7,3.760682293960061,1.9193978909434064
4732.7,3.7579823001560433,1.940524476460617
4734.7,3.721001087207801,3.4366693457170063
4736.7,3.7021439834995937,4.044575396384825
4738.7,3.7380673673343328,2.3431309126504845
4740.7,3.7512428790920085,1.6896945334991225
4742.7,3.7891028066073984,0.08186382917369338
4744.7,3.827591142186765,-1.4528568103800203
4746.7,3.8047032159201475,-0.3584650854724255
4748.7,3.7775237027577,0.8678147680706356
4750.7,3.693179425187909,4.351806339585674
4752.7,3.682969739515211,4.554566207605345
4754.7,3.7028536349949435,3.4932055113175906
4756.7,3.725295568982951,2.4196657718242536
4758.7,3.751838043527905,1.2434350201423894
4760.7,3.7579343281366997,0.9632795308696511
4762.7,3.7873798556565,-0.24826807907446824
4764.7,3.8057727852324716,-0.8761830251446184
4766.7,3.7217087718100816,2.701689442087049
4768.7,3.710667138693784,3.054187462202827
4770.7,3.707854834629728,3.0410176516974423
4772.7,3.770909139217411,0.3354719583585437
4774.7,3.759125323936379,0.8549565184399242
4776.7,3.759160404683173,0.8614658189872361
4778.7,3.74099461146514,1.6277769160742654
4780.7,3.77729698488247,0.08422963218728516
4782.7,3.804061018412465,-0.9596998956150409
4784.7,3.8199676112795324,-1.515392781335807
4786.7,3.8264301132944865,-1.629766369250105
4788.7,3.7709690473651656,0.8100375145969976
4790.7,3.7369893611954796,2.198668866879276
4792.7,3.7204422309173015,2.800917192182416
4794.7,3.7045240193184434,3.329017904461478
4796.7,3.690985922007923,3.7417248246528323
4798.7,3.688589168914175,3.6681456450430625
4800.7,3.684933256761998,3.646441385276128
4802.7,3.728524949272553,1.6629741032292897
4804.7,3.7680879171074135,0.012442174684042934
4806.7,3.786600492711821,-0.6683778787249113
4808.7,3.7552251188339367,0.7359857753122195
4810.7,3.7716777639900623,0.0689593217947628
4812.7,3.772341843141347,0.09423663510006515
4814.7,3.7487145341970125,1.1365794790333927
4816.7,3.7678786142010106,0.29969928582376726
4818.7,3.7735683718145587,0.10032049724981877
4820.7,3.7641283665255107,0.5456602380469845
4822.7,3.7262580269498176,2.1142015298998746
4824.7,3.7304139120917625,1.8442858659243584
4826.7,3.75031049537112,0.9585307295219226
4828.7,3.7714513905623224,0.07737655191095616
4830.7,3.777879173935855,-0.12442267390587372
4832.7,3.8399996047298446,-2.6694556760430657
4834.7,3.8234583241729156,-1.785355018430761
4836.7,3.7536529710800632,1.24056851002222
4838.7,3.783356670445356,-0.053965768964526345
4840.7,3.7863029214578683,-0.14172840250987398
4842.7,3.8012820773714564,-0.6967205915913744
4844.7,3.7972048305118835,-0.4580550367562423
4846.7,3.789199742271997,-0.047348005266509965
4848.7,3.7864907646380934,0.09109537101333419
4850.7,3.803718699883838,-0.6098556679960929
4852.7,3.8098518455556833,-0.8059794374107017
4854.7,3.7829558513523067,0.36168561819684314
4856.7,3.762462372277253,1.2168907576435724
4858.7,3.7794560633921614,0.45063631593324643
4860.7,3.779236434400092,0.44660000817047363
4862.7,3.780520056702748,0.3843348277689165
4864.7,3.768087397481436,0.9034169218503211
4866.7,3.7669323810364497,0.9102429665438199
4868.7,3.759076818940434,1.1924824517946144
4870.7,3.7590747840066587,1.1507197522447175
4872.7,3.7491010034322105,1.5146741664938712
4874.7,3.7096716099335354,3.1190521465750805
4876.7,3.7045642131816208,3.1605131769945385
4878.7,3.7172465747118473,2.4620614232643505
4880.7,3.7156428756744555,2.418851799522872
4882.7,3.7329169969822877,1.5927233308751616
4884.7,3.7320811422483575,1.576208770678538
4886.7,3.766625923431245,0.08821205544695349
4888.7,3.7688044825516824,0.04421253375912092
4890.7,3.7706692600930127,0.011467949705753922
4892.7,3.775672141564333,-0.15019668463991154
4894.7,3.772851027262175,0.011873486673410313
4896.7,3.773931361756929,0.0036604314343863286
4898.7,3.774265921205348,0.025046985814610383
4900.7,3.7747588606469673,0.03923055952401771
4902.7,3.77567037483643,0.03412071478524352
4904.7,3.7767387081431205,0.01926635908946291
4906.7,3.786038119056073,-0.3468659333934128
4908.7,3.798745480056518,-0.7840885322465531
4910.7,3.8428704351903877,-2.5621159611485265
4912.7,3.7869226991433957,-0.08721425400662534
4914.7,3.786103684880407,-0.03616171988270267
4916.700000000001,3.854619604215899,-2.8350196606192095
4918.700000000001,3.8096346392498455,-0.8340723209301855
4920.700000000001,3.8221933881474914,-1.260385914060848
4922.700000000001,3.7643444952262963,1.1977013616590542
4924.700000000001,3.7421369750686764,2.019993029187809
4926.700000000001,3.766835297428204,0.8831089769341071
4928.700000000001,3.7851416391322052,0.06788858393194051
4930.700000000001,3.8426409636948757,-2.3089528912636865
4932.700000000001,3.865143941122728,-3.0653925591270337
4934.700000000001,3.8562936445771205,-2.5170192833202445
4936.700000000001,3.826153545066762,-1.1091696525851338
4938.700000000001,3.7672809043625497,1.3798331230221814
4940.700000000001,3.739938948119177,2.4307151189193856
4942.700000000001,3.6962814799616277,4.074469621309283
4944.700000000001,3.669522654570366,4.937450334434164
4946.700000000001,3.6999488992596503,3.3436695402688588
4948.700000000001,3.7453311215526877,1.2882622743520633
4950.700000000001,3.770716190615681,0.20553148303045302
4952.700000000001,3.7746238300040673,0.06367306210017375
4954.700000000001,3.7633178478825506,0.5602539891165821
4956.700000000001,3.7637854669946207,0.5347179349218181
4958.700000000001,3.7708288068524527,0.2459762725888793
4960.700000000001,3.748524474821873,1.1848606091359661
4962.700000000001,3.754969705666962,0.8707784129250842
4964.700000000001,3.7732540597961006,0.09267073553859434
4966.700000000001,3.7617635243045413,0.609398924477011
4968.700000000001,3.774041829584994,0.0887419327414882
4970.700000000001,3.8277289096911113,-2.0778409406562353
4972.700000000001,3.6245877758118725,6.575310292722587
4974.700000000001,3.7159524412033726,2.3203442140992823
4976.700000000001,3.7689288699260985,0.038560215541259615
4978.700000000001,3.769773700178618,0.03748987723311162
4980.700000000001,3.7699053706576087,0.06533652667470588
4982.700000000001,3.7583310122973157,0.5679025771280043
4984.700000000001,3.7721356368999333,-0.004341813966016309
4986.700000000001,3.770985113288241,0.07545461412099667
4988.700000000001,3.748773565031813,1.0127025610648743
4990.700000000001,3.7432951007818303,1.2031910921101747
4992.700000000001,3.742485081083521,1.2020205664448576
4994.700000000001,3.7699972739162617,-0.006581169239257646
4996.700000000001,3.7534740188628355,0.7274517048936617
4998.700000000001,3.737391185102677,1.3680349872073583
5000.700000000001,3.721641160461439,1.9471144421754172
5002.700000000001,3.743786961164227,0.9329303696276474
5004.700000000001,3.764574499254474,0.07275077264543475
5006.700000000001,3.766394769268522,0.026404143860769103
5008.700000000001,3.7663086175041114,0.0665634972832444
5010.700000000001,3.766841743168836,0.0770152652482937
5012.700000000001,3.7673269697023875,0.0777350532842872
5014.700000000001,3.76793644429323,0.07473111714565457
5016.700000000001,3.7690354796849523,0.05118932051664334
5018.700000000001,3.769130515979842,0.07203313608221178
5020.700000000001,3.776830885282689,-0.19623267934732194
5022.700000000001,3.7852519199829926,-0.5132445986110722
5024.700000000001,3.8176856220993427,-1.7673519810958767
5026.700000000001,3.809543592256576,-1.298361941104057
5028.700000000001,3.7951729424859533,-0.6178369252183933
5030.700000000001,3.7849757573968525,-0.15569698845872357
5032.700000000001,3.785646333171391,-0.15925220345005037
5034.700000000001,3.7804721500690452,0.07937903854166437
5036.700000000001,3.780902135505171,0.06554397184554607
5038.700000000001,3.781058651964883,0.06291832925025453
5040.700000000001,3.782210709616274,0.017417094359792808
5042.700000000001,3.784106192289206,-0.05193674961233656
5044.700000000001,3.7835435296378352,-0.015378558119092035
5046.700000000001,3.795918522790201,-0.5301467634078224
5048.700000000001,3.7904254114860425,-0.26049675035990655
5050.700000000001,3.7941931010485934,-0.4044412541030632
5052.700000000001,3.7856826244428374,-0.029500156219151363
5054.700000000001,3.786594500946721,-0.06315781026083027
5056.700000000001,3.8034252723837385,-0.7366074061648203
5058.700000000001,3.7948768916445443,-0.3330133260090935
5060.700000000001,3.7911833382887234,-0.16139764933949224
5062.700000000001,3.7913437847913247,-0.16075359414764043
5064.700000000001,3.795274411454342,-0.30694590801158056
5066.700000000001,3.7873247562437244,0.042061237835225
5068.700000000001,3.7833801103126543,0.18876414746484108
5070.700000000001,3.78559253864045,0.09299258651046034
5072.700000000001,3.770581827485377,0.71749691278403
5074.700000000001,3.7844877498342586,0.11039221009401812
5076.700000000001,3.772026289657741,0.6261068438157708
5078.700000000001,3.7603419161899754,1.0749727412961076
5080.700000000001,3.751232806891284,1.3781969528611826
5082.700000000001,3.758498317989482,0.9923452500276368
5084.700000000001,3.7562120353978683,1.0467947553050105
5086.700000000001,3.731234861710986,1.9866631742847967
5088.700000000001,3.7665744957514526,0.40440203344935005
5090.700000000001,3.752540486400285,0.9995411754749933
5092.700000000001,3.765581117054751,0.4312313859153739
5094.700000000001,3.74939478951533,1.0942250382373353
5096.700000000001,3.745177139880743,1.219063177098033
5098.700000000001,3.74490555271266,1.1750435866799074
5100.700000000001,3.7351391981608892,1.535759743074213
5102.700000000001,3.733537977232526,1.5506186071414132
5104.700000000001,3.733576414243775,1.4991563280209392
5106.700000000001,3.751097645674834,0.6963155993190862
5108.700000000001,3.7662501485872486,0.06677555464700552
5110.700000000001,3.767277886939655,0.05363090929836075
5112.700000000001,3.7578044284860197,0.4830361930962832
5114.700000000001,3.7569520162056538,0.5243765046517632
5116.700000000001,3.669081399394717,4.256129031232679
5118.700000000001,3.5468611533058327,9.254983463433954
5120.700000000001,3.6828932190826267,2.951291011715194
5122.700000000001,3.7526246977181987,-0.09762472122316744
5124.700000000001,3.751325801993126,0.034865418078573795
5126.700000000001,3.804016777504693,-2.184035700295771
5128.700000000001,3.8232317144000842,-2.8030567082784144
5130.700000000001,3.7007702070065243,2.6007497901764545
5132.700000000001,3.672047950166399,3.739487203671125
5134.700000000001,3.6691329986745367,3.717647192623661
5136.700000000001,3.70714126967521,1.9574964981184706
5138.700000000001,3.747173350839316,0.20044616919101538
5140.700000000001,3.7437640249265414,0.3818377186018761
5142.700000000001,3.721489042123406,1.3730972000626716
5144.700000000001,3.7423260868873363,0.4592304612570698
5146.700000000001,3.73184839221213,0.9351746084311661
5148.700000000001,3.7261979078193845,1.194026645193095
5150.700000000001,3.737921686354739,0.6637991802493859
5152.700000000001,3.7397218541175756,0.5956428067674248
5154.700000000001,3.753867739551189,0.017499226745016454
5156.700000000001,3.788341113282742,-1.4402642340002494
5158.700000000001,3.78700320922793,-1.258013818824415
5160.700000000001,3.804539168739613,-1.9363792776439963
5162.700000000001,3.8003685418833792,-1.588456054295031
5164.700000000001,3.8178420429090765,-2.2525394298071895
5166.700000000001,3.7800626285334413,-0.4526243672866453
5168.700000000001,3.7183095413213567,2.2430117044051303
5170.700000000001,3.727748275964869,1.7093398251008127
5172.700000000001,3.764659617654381,0.07559623670245404
5174.700000000001,3.767785692757625,-0.04179780850377799
5176.700000000001,3.768584661106025,-0.05604033386203111
5178.700000000001,3.7699016156303298,-0.09465157309588981
5180.700000000001,3.7403800939465346,1.1989279769736432
5182.700000000001,3.664142529402731,4.466773307817976
5184.700000000001,3.5860123398735837,7.624589410059661
5186.700000000001,3.570158994023845,7.937172855001686
5188.700000000001,3.5703888120951732,7.538631940658992
5190.700000000001,3.5667078424202097,7.360658556134424
5192.700000000001,3.6158068756383845,4.861909021359634
5194.700000000001,3.640828632690007,3.5479954400041933
5196.700000000001,3.66634537413947,2.324665864628809
5198.700000000001,3.7066011944389965,0.5607633128627135
5200.700000000001,3.7078124239483823,0.5812065019562069
5202.700000000001,3.696422589556203,1.1678827804119125
5204.700000000001,3.7054389295834147,0.8028656658411942
5206.700000000001,3.6953237330932085,1.2916380292943948
5208.700000000001,3.6940433616987978,1.355472505486322
5210.700000000001,3.696031800860511,1.2904727337668056
5212.700000000001,3.6852018473548926,1.7685834226337847
5214.700000000001,3.636115356555969,3.8905569149144017
5216.700000000001,3.713364569079877,0.3510495052851748
5218.700000000001,3.7229739471203276,0.008363881230681817
5220.700000000001,3.7284190558275623,-0.14775978552309146
5222.700000000001,3.7297096370438556,-0.12383964330574192
5224.700000000001,3.637476512235279,3.9895816493481537
5226.700000000001,3.488263050304736,10.33941809467085
5228.700000000001,3.5142039026449643,8.709081819681732
5230.700000000001,3.6498055655757877,2.43872093261017
5232.700000000001,3.709966334019289,-0.1489188926681294
5234.700000000001,3.7124771802844223,-0.1496310204043186
5236.700000000001,3.7152382330584857,-0.1649816966393954
5238.700000000001,3.7172928560633327,-0.15514246546056717
5240.700000000001,3.718768886084573,-0.12337296421237823
5242.700000000001,3.721519467778324,-0.1604023411992356
5244.700000000001,3.7239081046941847,-0.1837621364802486
5246.700000000001,3.7243450000089404,-0.12627547676517914
5248.700000000001,3.6967880927103534,1.124221023575315
5250.700000000001,3.698253273322224,1.0727639584618012
5252.700000000001,3.666549771303933,2.433643103428815
5254.700000000001,3.6615094780352906,2.5848050252861343
5256.700000000001,3.65743239076614,2.6748501149921613
5258.700000000001,3.6648734819333337,2.2814376430049306
5260.700000000001,3.6678800988541505,2.0991150063365107
5262.700000000001,3.667133237225391,2.0941178915726146
5264.700000000001,3.6904216338421088,1.0493467798929563
5266.700000000001,3.6939959181002067,0.9062605163721819
5268.700000000001,3.6942134810010923,0.916777908581037
5270.700000000001,3.660088885280627,2.4108907434761067
5272.700000000001,3.660355183808682,2.3415892705683845
5274.700000000001,3.685427892398201,1.1663616733868714
5276.700000000001,3.698431346365741,0.5857954986638944
5278.700000000001,3.6964134254465266,0.7472945171026677
5280.700000000001,3.670463841015416,1.8909521988701907
5282.700000000001,3.683927261530385,1.2647594769022654
5284.700000000001,3.675470423840601,1.6207847901017816
5286.700000000001,3.674814493248627,1.616600571785074
5288.700000000001,3.6840860990295377,1.1968009922374014
5290.700000000001,3.707258773874964,0.17230114657218637
5292.700000000001,3.715189743201993,-0.11146394774387348
5294.700000000001,3.7297855816326,-0.6629497480755556
5296.700000000001,3.7509683902534934,-1.46874870852439
5298.700000000001,3.7454019562317993,-1.1052125246091513
5300.700000000001,3.747367470486354,-1.0876464761399418
5302.700000000001,3.749432066971189,-1.0888831027663373
5304.700000000001,3.7511349880041904,-1.073344479531099
5306.700000000001,3.752481214733174,-1.0395366577521299
5308.700000000001,3.753971615068549,-1.0178102473628563
5310.700000000001,3.7552387755015095,-1.0077527190433162
5312.700000000001,3.756536766575922,-0.9829704558564482
5314.700000000001,3.7572834345879724,-0.9537280111820944
5316.700000000001,3.758611901758499,-0.9529472952560342
5318.700000000001,3.759210530501241,-0.9158569361137358
5320.700000000001,3.759202115488467,-0.8590071195274501
5322.700000000001,3.759207356379341,-0.8174449237937588
5324.700000000001,3.7220556030407597,0.8703382537180342
5326.700000000001,3.7592594028650628,-0.7660535876834232
5328.700000000001,3.759776638030287,-0.7450639618628673
5330.700000000001,3.759718075405629,-0.7033311582571944
5332.700000000001,3.759764531320556,-0.6648940751183333
5334.700000000001,3.760196041052812,-0.6549250783332052
5336.700000000001,3.737276217847829,0.35889911863182133
5338.700000000001,3.7233565354115137,0.9475247896042521
5340.700000000001,3.7283509184754475,0.6642222558127688
5342.700000000001,3.738341141018959,0.21447627028700492
5344.700000000001,3.7412150742557877,0.08009747155835104
5346.700000000001,3.730149845020421,0.5389795389449554
5348.700000000001,3.731045020019099,0.4702918279908439
5350.700000000001,3.7224760178572796,0.8252902982020567
5352.700000000001,3.7018899349337984,1.6900652634036584
5354.700000000001,3.6264236416661593,4.859975594217606
5356.700000000001,3.607329767199414,5.433739655668056
5358.700000000001,3.6016103750237463,5.405025971774934
5360.700000000001,3.5684077257394713,6.589570674833663
5362.700000000001,3.5556709315224757,6.825924662681538
5364.700000000001,3.4382850294029192,11.630777147279465
5366.700000000001,3.416094956570345,12.027787330553082
5368.700000000001,3.402748885728896,12.046564731548228
5370.700000000001,3.591309187545675,3.1892619605453736
5372.700000000001,3.6943345669500793,-1.17515851848732
5374.700000000001,3.699344147986321,-1.195660516038938
5376.700000000001,3.7036000081613265,-1.1995883123628257
5378.700000000001,3.707174607892912,-1.1718317424363431
5380.700000000001,3.7116850980942346,-1.1868138951824971
5382.700000000001,3.7142353986923373,-1.1531575726695795
5384.700000000001,3.717800016689151,-1.145617654281401
5386.700000000001,3.7793509753592147,-3.7267542566718492
5388.700000000001,3.772660636119698,-3.12738406371582
5390.700000000001,3.729392687853754,-1.0677495242183361
5392.700000000001,3.7248334767467286,-0.7579383597235515
5394.700000000001,3.6760124348874306,1.4060816659444502
5396.700000000001,3.702565364827326,0.24495252191904193
5398.700000000001,3.701357797963326,0.33090890782632393
5400.700000000001,3.681085241010457,1.2117702962947485
5402.700000000001,3.6689144763295745,1.734398336978693
5404.700000000001,3.443003285216641,11.288278214415891
5406.700000000001,3.4347922885353994,11.07979943956572
5408.700000000001,3.5180629590923713,6.947541454213682
5410.700000000001,3.5890909130180573,3.6560464845073524
5412.700000000001,3.6040933896614256,2.934313040131397
5414.700000000001,3.6512210125251516,0.8636072611880661
5416.700000000001,3.6998851399551835,-1.1617070124818794
5418.700000000001,3.7037678873716597,-1.1667894399185035
5420.700000000001,3.706895987015145,-1.1374334382758673
5422.700000000001,3.709783452107575,-1.121123014605264
5424.700000000001,3.712725657548383,-1.1231473148049722
5426.700000000001,3.6373016528746427,2.3221045699626295
5428.700000000001,3.462100171060529,9.663732914095878
5430.700000000001,3.4528259913212866,9.617486701124143
5432.700000000001,3.5590887814492955,4.635052181025316
5434.700000000001,3.561654972822322,4.384669729794035
5436.700000000001,3.5681041880110596,3.9717005389228355
5438.700000000001,3.6901660326263506,-1.4418607601957238
5440.700000000001,3.6836315731397145,-1.0043028963863583
5442.700000000001,3.7461547759178146,-3.530104983320197
5444.700000000001,3.7360863980437813,-2.8259468067428224
5446.700000000001,3.6078120047338595,2.932196647730513
5448.700000000001,3.370986711042216,12.985045810706895
5450.700000000001,3.337337544114809,13.806062231969987
5452.700000000001,3.41866662217614,9.590802465166355
5454.700000000001,3.626757669808914,0.4312011621333624
5456.700000000001,3.6432687046995973,-0.1223430363959241
5458.700000000001,3.6313159617938973,0.5239754199438024
5460.700000000001,3.617332028887774,1.2279826370021545
5462.700000000001,3.613076720388802,1.4622174115366768
5464.700000000001,3.61313197233757,1.49823083846206
5466.700000000001,3.6055179611503223,1.8483130316755843
5468.700000000001,3.6065280523633505,1.808836907339856
5470.700000000001,3.594912550985966,2.3002648224628786
5472.700000000001,3.5940784200067344,2.325340457028001
5474.700000000001,3.593528293031402,2.3180690855336774
5476.700000000001,3.593393473931037,2.306755011004476
5478.700000000001,3.5929074915145205,2.3092225764572536
5480.700000000001,3.584850084798789,2.6244284518532734
5482.700000000001,3.5610533314805544,3.5834017626195527
5484.700000000001,3.5586652553316656,3.6014574095927694
5486.700000000001,3.556293157089885,3.6066109184822785
5488.700000000001,3.594406417821286,1.883993056922335
5490.700000000001,3.5941321351901436,1.9059000067165828
5492.700000000001,3.573584628206383,2.7972089925986894
5494.700000000001,3.5539461316665713,3.5942440078987707
5496.700000000001,3.576179278361549,2.5203878691429957
5498.700000000001,3.6608501547847427,-1.177851061537844
5500.700000000001,3.666598993519813,-1.2490948237833697
5502.700000000001,3.6687750097326526,-1.178674345617494
5504.700000000001,3.705547335861224,-2.552436767786782
5506.700000000001,3.681406900535931,-1.3044706105498356
5508.700000000001,3.723534715732308,-2.936459702000064
5510.700000000001,3.783900210409995,-5.267141581979687
5512.700000000001,3.7505839911181664,-3.5341693901152174
5514.700000000001,3.7270958050801353,-2.299647869143746
5516.700000000001,3.657440528098865,0.8062277734208423
5518.700000000001,3.659194678236692,0.7308843936550363
5520.700000000001,3.6383776308923426,1.5997547091543056
5522.700000000001,3.578011380721899,4.127331732228786
5524.700000000001,3.602427942785243,2.858745645459134
5526.700000000001,3.6331269635033725,1.4427594485838633
5528.700000000001,3.5908866084231352,3.277590370648539
5530.700000000001,3.4455290140191273,9.335544782511219
5532.700000000001,3.432975024148921,9.420353042162635
5534.700000000001,3.5471999579309457,4.112418138682018
5536.700000000001,3.607142265892778,1.4500000000000002
5538.700000000001,3.619349422625247,0.9495722253608695
5540.700000000001,3.5704838666193477,3.1226890623288788
5542.700000000001,3.566748367611777,3.2224232772353156
5544.700000000001,3.5916140573027144,2.0601068454569478
5546.700000000001,3.608671067422104,1.3218044944340115
5548.700000000001,3.6155597642012336,1.086637539216073
5550.700000000001,3.6081554784085883,1.4309661328475771
5552.700000000001,3.6276295547896065,0.623773587492192
5554.700000000001,3.6299245244530467,0.5856138508847424
5556.700000000001,3.564209646722448,3.5155403581216658
5558.700000000001,3.5763123747310432,2.914897329436732
5560.700000000001,3.667958723477947,-1.1037347171471004
5562.700000000001,3.6712112386673295,-1.097356346158531
5564.700000000001,3.673981088555685,-1.0601576909205088
5566.700000000001,3.6765567625452946,-1.0371254371172305
5568.700000000001,3.663805919924317,-0.3725230660373349
5570.700000000001,3.6611466833207533,-0.20719952200399733
5572.700000000001,3.674288726640099,-0.6996862393168289
5574.700000000001,3.6750065950722477,-0.666928384899664
5576.700000000001,3.6838946464274946,-0.9809901265651306
5578.700000000001,3.666555321253823,-0.099923772895145
5580.700000000001,3.615730334477033,2.1608957194907066
5582.700000000001,3.5837461675719995,3.5092092117113407
5584.700000000001,3.620291219912309,1.7609296250179247
5586.700000000001,3.620250853882013,1.7180305254745782
5588.700000000001,3.5399120072359964,5.127424888903559
5590.700000000001,3.566850094175641,3.7213490589246097
5592.700000000001,3.6619467595908763,-0.592874325293056
5594.700000000001,3.596297104250675,2.398794865761762
5596.700000000001,3.616703955816348,1.4337720937949499
5598.700000000001,3.61766329959957,1.3810908128730035
5600.700000000001,3.6641892933847378,-0.6336345875372748
5602.700000000001,3.6102297089984816,1.80068866062308
5604.700000000001,3.5957868527291774,2.4088873866826344
5606.700000000001,3.646311247860717,0.08996539089962927
5608.700000000001,3.649660667590442,0.02766480856183624
5610.700000000001,3.668936565698249,-0.7724818702400014
5612.700000000001,3.6539703333818774,-0.026680276172059245
5614.700000000001,3.6779154071262457,-1.0223969636414996
5616.700000000001,3.6799474938944052,-1.0044749683285867
5618.700000000001,3.6366332321051567,0.9777366772568327
5620.700000000001,3.6298450645319873,1.2650099707822018
5622.700000000001,3.6158204845660133,1.8772825167418619
5624.700000000001,3.61526022105083,1.8425930443267333
5626.700000000001,3.6140492309344525,1.842864292053691
5628.700000000001,3.517350899976486,6.029349194523115
5630.700000000001,3.5655174250125072,3.7054178474365247
5632.700000000001,3.5622137895610146,3.7004408332183716
5634.700000000001,3.5870651377909435,2.4954496973343674
5636.700000000001,3.6503989895987385,-0.37907780147910786
5638.700000000001,3.640662033707208,0.1281501648712085
5640.700000000001,3.670574369835325,-1.08400995773234
5642.700000000001,3.673730128566406,-1.0993412585165059
5644.700000000001,3.647769427440866,0.16800733467553264
5646.700000000001,3.6766804223744813,-1.0795591916519645
5648.700000000001,3.678469789491124,-1.053338922381107
5650.700000000001,3.619992114416554,1.5945582783617236
5652.700000000001,3.587414144891589,2.955817278685727
5654.700000000001,3.5242714059282774,5.620987318190679
5656.700000000001,3.5728005068875186,3.2546806430369366
5658.700000000001,3.568789436426947,3.2969661471895217
5660.700000000001,3.5897940593008983,2.2508910789154752
5662.700000000001,3.5808873845458282,2.5579575045094347
5664.700000000001,3.5882714790198595,2.1686696874485616
5666.700000000001,3.5689499178434736,2.952932989175008
5668.700000000001,3.207853171180091,18.92376553483478
5670.700000000001,3.1624044785167564,19.953093507495065
5672.700000000001,3.1207192534549617,20.793464059455204
5674.700000000001,3.555437908522764,0.9827705649775277
5676.700000000001,3.440311528937913,6.123379445548068
5678.700000000001,3.4772532398799663,4.355197194473652
5680.700000000001,3.5284613381069923,2.0399978176778384
5682.700000000001,3.5356463678229177,1.8050302514990855
5684.700000000001,3.597881864615294,-0.9201524601350403
5686.700000000001,3.6102588272773843,-1.2929752903763807
5688.700000000001,3.7222790557167995,-5.887800571808249
5690.700000000001,3.7349393061997875,-5.939540466025872
5692.700000000001,3.7008863597655757,-4.049370384482599
5694.700000000001,3.3863709274414817,9.970067395649563
5696.700000000001,3.3697353695153285,10.247648640319445
5698.700000000001,3.408833737148983,8.0673290445337
5700.700000000001,3.526048686491232,2.62639445444818
5702.700000000001,3.5351372743416225,2.2253964974458866
5704.700000000001,3.5427418367500176,1.9080214841889336
5706.700000000001,3.5172937591192603,3.0529401856528198
5708.700000000001,3.4422631794768224,6.396327098547289
5710.700000000001,3.3700706721232185,9.345879282123196
5712.700000000001,3.356059425938848,9.559120447703592
5714.700000000001,3.4229808507900295,6.305572459425613
5716.700000000001,3.4806259684875043,3.627910972155209
5718.700000000001,3.522983801263196,1.7538101734873524
5720.700000000001,3.457154744965073,4.68638442201391
5722.700000000001,3.392391886648493,7.473137119029161
5724.700000000001,3.3800992132967456,7.732556158157494
5726.700000000001,3.6219280330899486,-3.0372007481394836
5728.700000000001,3.653749819112918,-4.07541835770346
5730.700000000001,3.6556275231445214,-3.8008855764442506
5732.700000000001,3.6706439477546398,-4.125987926090809
5734.700000000001,3.676996618474916,-4.070502907306519
5736.700000000001,3.676012863979746,-3.7291165575776226
5738.700000000001,3.6647032009469243,-2.9618075363064267
5740.700000000001,3.6547109168880367,-2.300143430354398
5742.700000000001,3.6393085865699746,-1.4618095376420814
5744.700000000001,3.641791658909658,-1.4560316163462383
5746.700000000001,3.634513688854631,-1.0053536206185223
5748.700000000001,3.6364508735093337,-0.998301438101796
5750.700000000001,3.6381284205802897,-0.9751012335883004
5752.700000000001,3.639532018566853,-0.9612187078163943
5754.700000000001,3.6411464661463446,-0.9424518611666413
5756.700000000001,3.6412547316093664,-0.8829594156905948
5758.700000000001,3.6420700711489196,-0.8478871274756997
5760.700000000001,3.6429498728154486,-0.8139373848956241
5762.700000000001,3.643170563047636,-0.7701518970892298
5764.700000000001,3.6440607385782187,-0.74738350997648
5766.700000000001,3.6380306879884747,-0.43632573579269934
5768.700000000001,3.5998052801939604,1.2295378022032746
5770.700000000001,3.6269507932060576,0.0018468239246908517
5772.700000000001,3.6306287125599788,-0.14373409009970262
5774.700000000001,3.64113639112837,-0.581674644597475
5776.700000000001,3.6461972516927292,-0.7625305541217302
5778.700000000001,3.647088773985797,-0.7507869488573684
5780.700000000001,3.6479259013537657,-0.7295250487135542
5782.700000000001,3.6482482624766366,-0.7
5784.700000000001,3.6041605384172204,1.2796154494725152
5786.700000000001,3.6289965477265214,0.11164203017562999
5788.700000000001,3.631037311131677,0.06561792054162527
5790.700000000001,3.6187300486779335,0.5977204220050943
5792.700000000001,3.5426209356362905,3.9170782914611637
5794.700000000001,3.5032504514643463,5.461900719346173
5796.700000000001,3.5282509615366817,4.10598496299554
5798.700000000001,3.5352951315043106,3.6058831864789704
5800.700000000001,3.5333142290969666,3.525742540653393
5802.700000000001,3.53023248119982,3.518438718909944
5804.700000000001,3.5582088937355003,2.2021491630378183
5806.700000000001,3.560627854392406,2.025357094847743
5808.700000000001,3.5589880995386025,2.045187087833011
5810.700000000001,3.5242021560443897,3.5042994786588384
5812.700000000001,3.5331114611865093,2.9796139420119983
5814.700000000001,3.53082239045878,2.987323738125921
5816.700000000001,3.507705250365273,3.904402387222558
5818.700000000001,3.504227931104348,3.9108409346940647
5820.700000000001,3.4438670474675077,6.395907071473476
5822.700000000001,3.4384223139796073,6.37356991049171
5824.700000000001,3.433084998992017,6.3651273454732555
5826.700000000001,3.506982136409031,2.9181155733857413
5828.700000000001,3.502964713764473,3.0339841524119406
5830.700000000001,3.502196122461115,3.0112413518398364
5832.700000000001,3.497434023922413,3.156491114716362
5834.700000000001,3.638687625440266,-3.093329090096341
5836.700000000001,3.467518456855839,4.494843015051351
5838.700000000001,3.5327496474100735,1.412036797164821
5840.700000000001,3.588949555234687,-1.2151420025872235
5842.700000000001,3.3128944244481704,10.968791047803439
5844.700000000001,3.5614516678183104,-0.13402015468030487
5846.700000000001,3.4849934970729177,3.4903690349273586
5848.700000000001,3.5486228562586732,0.20246839488024787
5850.700000000001,3.4826622116357946,3.1362022907067546
5852.700000000001,3.5373133020072642,0.6007281904569842
5854.700000000001,3.6134805321995422,-2.774440593168415
5856.700000000001,3.5394514534762127,0.7416086126235243
5858.700000000001,3.383212742006407,7.643489311389802
5860.700000000001,3.4331117327922085,5.137374311326063
5862.700000000001,3.5372411960185746,0.5870216080810975
5864.700000000001,3.529438994010089,0.9514979050531225
5866.700000000001,3.4808214976867586,3.0574811847738936
5868.700000000001,3.5402329771954344,0.46819718347463907
5870.700000000001,3.5203173441051288,1.3834539276831814
5872.700000000001,3.5118474794316525,1.7908874967545976
5874.700000000001,3.485200110443391,2.930312452138145
5876.700000000001,3.4875598136792534,2.7730450740185897
5878.700000000001,3.5181220236836186,1.3902960967023903
5880.700000000001,3.510008916860117,1.7796336393243883
5882.700000000001,3.535051919609297,0.6696711182530658
5884.700000000001,3.488781897740884,2.7435416870384475
5886.700000000001,3.488441984639885,2.7062668326401913
5888.700000000001,3.515498603566379,1.5196549227986502
5890.700000000001,3.498497443688725,2.276905295214355
5892.700000000001,3.51807786514327,1.432774755136153
5894.700000000001,3.518918270314665,1.4443335422268047
5896.700000000001,3.4953947006556656,2.4731408059107673
5898.700000000001,3.5141762646593446,1.5946426625966736
5900.700000000001,3.483379893380847,2.9036099242867124
5902.700000000001,3.47732885471906,3.108231630428205
5904.700000000001,3.519044399666059,1.2231886145437667
5906.700000000001,3.558930584785937,-0.42159271216314953
5908.700000000001,3.465396228160659,3.6853217029305636
5910.700000000001,3.491147580991508,2.4994066893813693
5912.700000000001,3.465668818870075,3.597073147219471
5914.700000000001,3.5099996169007577,1.5822792571977555
5916.700000000001,3.5447620748394657,0.08876825333365046
5918.700000000001,3.535734274598581,0.5363649099711495
5920.700000000001,3.264673331983969,12.908029819649109
5922.700000000001,3.5691912066794957,-1.1015783961082646
5924.700000000001,3.574060827262842,-1.0944952479582493
5926.700000000001,3.577639409334489,-1.0622021511017439
5928.700000000001,3.635307885299344,-3.4244590568878084
5930.700000000001,3.5647376729601725,-0.0029549739089729243
5932.700000000001,3.5894413441571396,-1.0353528063466741
5934.700000000001,3.5472309331449456,0.9744361860373896
5936.700000000001,3.727822562064301,-6.980654929442032
5938.700000000001,3.6023235923468735,-1.152653067018177
5940.700000000001,3.5064583501985918,3.1553936456265856
5942.700000000001,3.4575076155238795,5.250213717051872
5944.700000000001,3.5354800484482296,1.6051007965636472
5946.700000000001,3.5512937801796896,0.89094906471622
5948.700000000001,3.57709686032197,-0.22490189289719204
5950.700000000001,3.561087431668383,0.5576580261858586
5952.700000000001,3.504654927883548,3.1073024869863106
5954.700000000001,3.445864831129765,5.545011178468875
5956.700000000001,3.520976654017363,2.025009653347837
5958.700000000001,3.500246887439179,2.9551618257606402
5960.700000000001,3.4650794303247836,4.484213945665945
5962.700000000001,3.51740936156124,1.9714972078334054
5964.700000000001,3.527202922594978,1.572681860877305
5966.700000000001,3.4808890905705887,3.707418469193869
5968.700000000001,3.49833651419494,2.8100011783707153
5970.700000000001,3.4414983982453444,5.3443456677791
5972.700000000001,3.2208891298920657,14.920615056948852
5974.700000000001,3.4478552625444627,3.8122488082344996
5976.700000000001,3.4756190343579294,2.42210698065069
5978.700000000001,3.6986831812300056,-7.573285615952425
5980.700000000001,3.7356109708130005,-8.646058522642344
5982.700000000001,3.5832416415531343,-1.1679351998124001
5984.700000000001,3.507485799135695,2.2333489673973492
5986.700000000001,3.4285654125510376,5.711251922961993
5988.700000000001,3.6043084185393552,-2.3135579582770402
5990.700000000001,3.735447095887071,-7.841480874363078
5992.700000000001,3.623888875011193,-2.3688901631070634
5994.700000000001,3.5565319378756857,0.8620851988304872
5996.700000000001,3.552812254937911,0.9655618965119406
5998.700000000001,3.5531386009247643,0.9400924714746388
6000.700000000001,3.5663247946075316,0.34230915321295613
6002.700000000001,3.5185020486045144,2.5076956007879043
6004.700000000001,3.5330794984826124,1.7712909450377567
6006.700000000001,3.591216552996562,-0.8577842176230035
6008.700000000001,3.5594955367136007,0.6778285030439748
6010.700000000001,3.537999662440906,1.6135296539176458
6012.700000000001,3.5687570927331347,0.219008901689242
6014.700000000001,3.541271618179035,1.4532347996765183
6016.700000000001,3.4454660622730624,5.696324096222112
6018.700000000001,3.4418543166204976,5.605315440322153
6020.700000000001,3.4593068327168766,4.590665319424521
6022.700000000001,3.4579826862860243,4.488390066564652
6024.700000000001,3.43717701855599,5.262390486831257
6026.700000000001,3.4376365185685747,5.050459184335495
6028.700000000001,3.5073325555337562,1.74458503763839
6030.700000000001,3.5755089017470416,-1.200007490197153
6032.700000000001,3.578471705904868,-1.175784157060519
6034.700000000001,3.506261151606947,2.2271771320456306
6036.700000000001,3.5545535904726053,0.017820472284344177
6038.700000000001,3.5834295857356655,-1.1682069373750394
6040.700000000001,3.5855646717268144,-1.1288001911121177
6042.700000000001,3.5790685393094464,-0.7108423753340604
6044.700000000001,3.558724186365603,0.3089120241004119
6046.700000000001,3.56739537686432,-0.03483707383937369
6048.700000000001,3.5605474374552726,0.3302099927329999
6050.700000000001,3.5587300830143347,0.41286409944185753
6052.700000000001,3.542619213512379,1.1635192220786135
6054.700000000001,3.579575846890463,-0.462948288854694
6056.700000000001,3.589472846520087,-0.8675134987644848
6058.700000000001,3.652056191901159,-3.58285657649333
6060.700000000001,3.5662869290088675,0.4776649745317993
6062.700000000001,3.458420721526652,5.280225900220308
6064.700000000001,3.344088420354253,10.129689620753961
6066.700000000001,3.5062708950436323,2.39424955521954
6068.700000000001,3.4046827109247944,6.843956761868167
6070.700000000001,3.4641222859866767,3.97606680049567
6072.700000000001,3.464021891966573,3.9278856302234018
6074.700000000001,3.5774777215362374,-1.1685707266835188
6076.700000000001,3.5819993515665574,-1.1323152944672246
6078.700000000001,3.600864350386703,-1.839414642353331
6080.700000000001,3.6650038233605895,-4.578449738215927
6082.700000000001,3.6319918130548827,-2.8567080647706216
6084.700000000001,3.590116304828299,-0.7694551596162622
6086.700000000001,3.5486270340817967,1.1694406838198048
6088.700000000001,3.528479761392593,2.0054073782975457
6090.700000000001,3.49143801567007,3.60662423090939
6092.700000000001,3.572722177223797,-0.13413557471868062
6094.700000000001,3.5609418431919964,0.44934616692871854
6096.700000000001,3.5833804137650205,-0.4947801165859617
6098.700000000001,3.547328594871293,1.1907881818288502
6100.700000000001,3.4905205395432333,3.6660427165573455
6102.700000000001,3.419817382186028,6.664678542557384
6104.700000000001,3.41842413989503,6.4042129840470805
6106.700000000001,3.4817433564081997,3.3792367154130543
6108.700000000001,3.4557992985157897,4.421930922909202
6110.700000000001,3.409995939026464,6.251053833009041
6112.700000000001,3.40064689470913,6.415669464955703
6114.700000000001,3.368300918879034,7.580597649471583
6116.700000000001,3.4590219000657205,3.218919580506391
6118.700000000001,3.4328300232189637,4.30481052609648
6120.700000000001,3.4563975873742883,3.1778984863443314
6122.700000000001,3.400953870702033,5.568492917291228
6124.700000000001,3.400681042188837,5.405706951497398
6126.700000000001,3.40000038841552,5.281438094272877
6128.700000000001,3.388205858684036,5.6527522618443795
6130.700000000001,3.480845395669623,1.369651341769618
6132.700000000001,3.4765319620818533,1.6200837505613759
6134.700000000001,3.494074024608293,0.9084114284541879
6136.700000000001,3.5467925262781175,-1.2705022008234195
6138.700000000001,3.422078329230923,4.401747017776631
6140.700000000001,3.4869307016893907,1.4072999921046625
6142.700000000001,3.486933079883871,1.4501586576130383
6144.700000000001,3.502025374232221,0.8121875856315472
6146.700000000001,3.5520534806501836,-1.2604954510775555
6148.700000000001,3.5555315318731764,-1.2532137886242318
6150.700000000001,3.571138066438771,-1.7897300163497916
6152.700000000001,3.7425611464104795,-8.976276550202366
6154.700000000001,3.5750622860004078,-1.1409663519356896
6156.700000000001,3.6530494329146426,-4.35377133453898
6158.700000000001,3.5132483807985286,2.0196889141007284
6160.700000000001,3.50482290412654,2.28771582952351
6162.700000000001,3.512157524610192,1.8979355706736478
6164.700000000001,3.4718005419457216,3.582606670034502
6166.700000000001,3.3718155384362998,7.851575110321562
6168.700000000001,3.3738754656339633,7.4566685619559365
6170.700000000001,3.3600737687187614,7.722341410578786
6172.700000000001,3.4594582605156767,3.085270412702787
6174.700000000001,3.464205635259036,2.8711705507836713
6176.700000000001,3.423647695334645,4.574697106869088
6178.700000000001,3.471822488477172,2.340320473566755
6180.700000000001,3.3973919349879083,5.495675339920921
6182.700000000001,3.3849743959391834,5.84325685864873
6184.700000000001,3.3874650435480134,5.53095291566554
6186.700000000001,3.402470257546112,4.696950097669407
6188.700000000001,3.416245724480198,3.9835618509941995
6190.700000000001,3.4076925192289247,4.249881128956822
6192.700000000001,3.4594859841024257,1.901785841523891
6194.700000000001,3.4722700065492664,1.391178470668619
6196.700000000001,3.4278979196188963,3.344299322135983
6198.700000000001,3.477425607842796,1.1637216178050849
6200.700000000001,3.491104377836351,0.6723503718020118
6202.700000000001,3.5365576446125275,-1.240024823256665
6204.700000000001,3.539532959615635,-1.2249832499448872
6206.700000000001,3.545760673588233,-1.3379875914668482
6208.700000000001,3.5498171163314782,-1.2717024441808384
6210.700000000001,3.6264516200101258,-4.377350532149002
6212.700000000001,3.5593677544842706,-1.1530309278660773
6214.700000000001,3.554313849644118,-0.8085689359611319
6216.700000000001,3.529430975402031,0.35399404142456514
6218.700000000001,3.4747495672628137,2.7943913216687135
6220.700000000001,3.4495136158833066,3.7638051345435515
6222.700000000001,3.38164594437865,6.505785960481391
6224.700000000001,3.398825412051908,5.482810810957098
6226.700000000001,3.670405231508169,-6.492151360080691
6228.700000000001,3.6172625565544867,-3.8811920970518914
6230.700000000001,3.4597250774053347,3.1788676035356844
6232.700000000001,3.4955134473275935,1.5060414541496492
6234.700000000001,3.491444469439335,1.6411548007532641
6236.700000000001,3.5576799965755823,-1.209510305242854
6238.700000000001,3.5595843951970307,-1.192844214067073
6240.700000000001,3.5582645151427603,-1.0959576009621588
6242.700000000001,3.5148916603100155,0.9320544368398871
6244.700000000001,3.467387535818332,2.9518951312622
6246.700000000001,3.466031387635046,2.9083998827725535
6248.700000000001,3.4942045620318365,1.5572633650484402
6250.700000000001,3.5522113966377846,-0.9448673234913214
6252.700000000001,3.556049206318642,-1.0187176722165
6254.700000000001,3.561148001270056,-1.1330069439899684
6256.700000000001,3.5634794239802208,-1.1335959304163565
6258.700000000001,3.564641824519442,-1.1050540554393309
6260.700000000001,3.5316999632944017,0.4410111771973452
6262.700000000001,3.3703773628929374,7.471580278365291
6264.700000000001,3.381347466539082,6.603423501758343
6266.700000000001,3.385913233590225,6.125388251061428
6268.700000000001,3.3441527706415832,7.649187508473059
6270.700000000001,3.4197705122923336,4.102643901621671
6272.700000000001,3.5118881420910415,-0.009059536735888933
6274.700000000001,3.5144205308799257,-0.07038488004972428
6276.700000000001,3.5334277234383977,-0.8256198890006701
6278.700000000001,3.518345827883973,-0.07989335061750888
6280.700000000001,3.546594902985475,-1.1976667266283407
6282.700000000001,3.54994079533272,-1.221337816205474
6284.700000000001,3.55204581762328,-1.2041081035414616
6286.700000000001,3.554647878461648,-1.207112709689046
6288.700000000001,3.557680088295386,-1.224446937966085
6290.700000000001,3.5314200765624917,0.020046746126581003
6292.700000000001,3.50927006183362,0.9788702581830517
6294.700000000001,3.552501204971624,-0.8769072956467487
6296.700000000001,3.559528856659266,-1.1730529394219311
6298.700000000001,3.528964278101174,0.2451557642566321
6300.700000000001,3.4999652238025307,1.5579734447045026
6302.700000000001,3.5216757712890137,0.5462660297041793
6304.700000000001,3.544224307430185,-0.4350459137972668
6306.700000000001,3.5611242084278074,-1.1013442072830961
6308.700000000001,3.4646494013081126,3.177027576042864
6310.700000000001,3.507568122675354,1.2269392989700696
6312.700000000001,3.454986259112694,3.4805531227767643
6314.700000000001,3.4119895649423,5.197019897590297
6316.700000000001,3.5080598514246115,0.785812330019275
6318.700000000001,3.521957236891567,0.24649455237243317
6320.700000000001,3.483260821490785,1.9259171517660274
6322.700000000001,3.492814092591891,1.4770838895400606
6324.700000000001,3.5397781096863015,-0.5817351212641143
6326.700000000001,3.495901853009832,1.436697596874054
6328.700000000001,3.479227155757543,2.1031354942433103
6330.700000000001,3.552892228940082,-1.1640343095917023
6332.700000000001,3.5543637219965705,-1.132885307370429
6334.700000000001,3.6473790010049143,-5.0568201152281675
6336.700000000001,3.560041952824181,-1.0887086511970736
6338.700000000001,3.524533890401366,0.5075691006560237
6340.700000000001,3.563559591426427,-1.137699927723634
6342.700000000001,3.531096751135087,0.34592326894108455
6344.700000000001,3.565161373361588,-1.0933209640826422
6346.700000000001,3.7274309935149947,-8.025895973795931
6348.700000000001,3.5729246384587716,-0.9447703345719253
6350.700000000001,3.552724080588705,-0.020341522553320307
6352.700000000001,3.552933975920895,-0.024108942288282816
6354.700000000001,3.5425327893746794,0.4179316440253082
6356.700000000001,3.5724493807504065,-0.8637557227677697
6358.700000000001,3.5722527985915216,-0.8262933686023333
6360.700000000001,3.5054087515593504,2.1095103400345767
6362.700000000001,3.5485455818547,0.10959625096983996
6364.700000000001,3.5529167677967877,-0.0513413476675479
6366.700000000001,3.494981130586889,2.4423962984456526
6368.700000000001,3.5655877478250653,-0.6823129091224348
6370.700000000001,3.5079042637595435,1.803271681061498
6372.700000000001,3.4846450667360864,2.7026842920347685
6374.700000000001,3.4876608952540766,2.33680007938618
6376.700000000001,3.506156349789044,1.467007313506928
6378.700000000001,3.5177129378710235,0.9825091120725178
6380.700000000001,3.4882218623774026,2.203734498095701
6382.700000000001,3.5215105150985173,0.7043256809221418
6384.700000000001,3.4765267734726146,2.6114527622990447
6386.700000000001,3.4980595133658228,1.5993336403081382
6388.700000000001,3.491901364092355,1.8193875498290732
6390.700000000001,3.487362844418262,1.9579771583364889
6392.700000000001,3.4703451160441054,2.6351206087206895
6394.700000000001,3.4948577666631153,1.470432712354172
6396.700000000001,3.555235693723571,-1.1236964446999376
6398.700000000001,3.493377445505456,1.610792429954616
6400.700000000001,3.537352922195708,-0.27754129872839656
6402.700000000001,3.5091306394448063,0.9955173599065893
6404.700000000001,3.5083740608019167,1.0409320338951573
6406.700000000001,3.499852278796838,1.3606797124855745
6408.700000000001,3.558007264509326,-1.1422487806376875
6410.700000000001,3.5382130750074783,-0.18516086379296565
6412.700000000001,3.479623625271742,2.336964207756125
6414.700000000001,3.50679062319244,1.0966220686990606
6416.700000000001,3.4951599146543493,1.5709786283590195
6418.700000000001,3.4743429682523232,2.3977821624507243
6420.700000000001,3.4956539834321427,1.3848858793866137
6422.700000000001,3.4992404560039554,1.2023156419511323
6424.700000000001,3.4555272631162515,3.062924011704079
6426.700000000001,3.4679606737820414,2.4037745565811295
6428.700000000001,3.5491649184755554,-1.1159564534251616
6430.700000000001,3.5150606105772866,0.4438755471473329
6432.700000000001,3.531343545374678,-0.2423701589598956
6434.700000000001,3.490644236339025,1.5280420360257436
6436.700000000001,3.477734995243663,2.0516377742554877
6438.700000000001,3.5477469354032385,-0.983160700284708
6440.700000000001,3.496982424457599,1.296618668976031
6442.700000000001,3.5282687102349723,-0.026332934599356816
6444.700000000001,3.500278000263661,1.213546091223816
6446.700000000001,3.527064840716484,0.015905403300677537
6448.700000000001,3.532601451011595,-0.17280511983836355
6450.700000000001,3.5282409175859493,0.06490998105338536
6452.700000000001,3.529185256154411,0.007171753831911001
6454.700000000001,3.5507680192085105,-0.9108901266191901
6456.700000000001,3.554369837453846,-0.9798904734202168
6458.700000000001,3.530458589274111,0.1263495330536086
6460.700000000001,3.505306628887903,1.2573573645706253
6462.700000000001,3.5139784769141436,0.8554618018414863
6464.700000000001,3.4881800399873155,1.9226256741055614
6466.700000000001,3.4819691804426776,2.1226756954223136
6468.700000000001,3.4935510293417744,1.5358771037344774
6470.700000000001,3.497007412614571,1.3455832097876463
6472.700000000001,3.516046702780588,0.522390935455307
6474.700000000001,3.5552009679938976,-1.1599750840096845
6476.700000000001,3.5557282094512437,-1.0960247581662224
6478.700000000001,3.4962512383585937,1.5380046195073838
6480.700000000001,3.497313993228012,1.4496377713127382
6482.700000000001,3.4903088092576566,1.7159851835931885
6484.700000000001,3.517679994967738,0.4751665799854898
6486.700000000001,3.555715788596971,-1.1250281033639669
6488.700000000001,3.5155020605571305,0.6586232880574417
6490.700000000001,3.546986515810806,-0.7080908048755344
6492.700000000001,3.4893667463042513,1.796729809335874
6494.700000000001,3.4877748340655,1.7948213425874107
6496.700000000001,3.4878399772486657,1.7425332833695595
6498.700000000001,3.5330710150205182,-0.27425547991025523
6500.700000000001,3.5432198531723693,-0.6436489742004355
6502.700000000001,3.5056115578008917,1.0177223630190624
6504.700000000001,3.5543193537025233,-1.085315513539175
6506.700000000001,3.5279627491142693,0.15258971415250586
6508.700000000001,3.4733069558872782,2.480604316761509
6510.700000000001,3.4295779538639577,4.34065762166012
6512.700000000001,3.5478958955367785,-0.9753562696982926
6514.700000000001,3.5420989934885614,-0.681372321699727
6516.700000000001,3.5530018255990665,-1.0492961357856463
6518.700000000001,3.5564100280191266,-1.0840427182058694
6520.700000000001,3.5230684037897824,0.4788304005250885
6522.700000000001,3.5585384901338535,-1.049504452642912
6524.700000000001,3.5224265738454275,0.6339069352390203
6526.700000000001,3.4990957420795232,1.6156429449168865
6528.700000000001,3.4971089638611614,1.6519495701037852
6530.700000000001,3.497940517581544,1.5615041882547884
6532.700000000001,3.4706662615898,2.7166818140153457
6534.700000000001,3.5303978978217234,-0.022508903395598634
6536.700000000001,3.550950845914304,-0.8484433928656279
6538.700000000001,3.521122567402265,0.5385645085976819
6540.700000000001,3.3892455359760847,6.395753155926425
6542.700000000001,3.4775269016380896,2.192304281835181
6544.700000000001,3.5103622270977874,0.7437848464305269
6546.700000000001,3.510311814389162,0.7864525983306693
6548.700000000001,3.4684619387471534,2.680480986349841
6550.700000000001,3.462727616183348,2.835654747388169
6552.700000000001,3.5502497763854843,-1.1873621840475652
6554.700000000001,3.50736470420568,0.8491663729513824
6556.700000000001,3.397803619559636,5.663183893046487
6558.700000000001,3.435914203831313,3.6994286311170086
6560.700000000001,3.395078786418894,5.430283007529301
6562.700000000001,3.475376382736316,1.5538811342151566
6564.700000000001,3.4399235968911377,3.1918288664134677
6566.700000000001,3.2352802507360474,12.03981587002115
6568.700000000001,3.5106582808051545,-0.6172674828185699
6570.700000000001,3.04361837717076,20.422824408203436
6572.700000000001,3.0463846993064316,19.071880487454536
6574.700000000001,3.4412628997081733,0.8347691759443785
6576.700000000001,3.523899838013459,-2.642786371704783
6578.700000000001,3.654720727867841,-8.007622319802232
6580.700000000001,3.6754547434600386,-8.304587431456014
6582.700000000001,3.6400624156876376,-6.1451500997084425
6584.700000000001,3.5363622480620633,-1.1580810114448306
6586.700000000001,3.5395859492696853,-1.1432204035778497
6588.700000000001,3.470027304118125,2.0898046072902723
6590.700000000001,3.471624048475839,1.9596416379817896
6592.700000000001,3.510269333255973,0.1825052421927354
6594.700000000001,3.4545849889963316,2.7251674710352507
6596.700000000001,3.2934010202326998,9.67887766528286
6598.700000000001,3.399867594076096,4.436578982966526
6600.700000000001,3.4019561833318837,4.163815751988784
6602.700000000001,3.517121035158375,-1.0921908105512232
6604.700000000001,3.5240065800543836,-1.2239425618007826
6606.700000000001,3.526513117214977,-1.1780468245718874
6608.700000000001,3.5856222490742753,-3.7149716771379238
6610.700000000001,3.5330960385276544,-1.1278290553064416
6612.700000000001,3.4990883696748805,0.5027471096840536
6614.700000000001,3.474104236749475,1.6150651351627014
6616.700000000001,3.4524046745843213,2.5196819111983526
6618.700000000001,3.481422756864607,1.1303845442378975
6620.700000000001,3.471966160158063,1.5338310969599336
6622.700000000001,3.530807863393222,-1.1291221952493085
6624.700000000001,3.5305910031996266,-0.9941982823931984
6626.700000000001,3.497431771799895,0.5129617097691765
6628.700000000001,3.48668567110244,1.0254223644343503
6630.700000000001,3.524207682129371,-0.7150539161284105
6632.700000000001,3.4767774253604804,1.4649056833571994
6634.700000000001,3.493397014857718,0.7066612034398746
6636.700000000001,3.4658030770024126,1.922433977431525
6638.700000000001,3.517819379716387,-0.45172921028979346
6640.700000000001,3.5519737823270643,-1.7210809740554178
6642.700000000001,3.5430913117400484,-1.190680719647467
6644.700000000001,3.525589053948142,-0.3106135695681614
6646.700000000001,3.4865260525445576,1.4266079676498413
6648.700000000001,3.4874656058368307,1.3168055885668541
6650.700000000001,3.4771782771564523,1.726015834061011
6652.700000000001,3.433409813575427,3.546662104115259
6654.700000000001,3.5334515333150183,-1.0761536188011376
6656.700000000001,3.5611760358599858,-2.210181817594667
6658.700000000001,3.5566168478100564,-1.869898312365438
6660.700000000001,3.530640905215181,-0.5950082473535274
6662.700000000001,3.4919916979974808,1.1299274574354332
6664.700000000001,3.474934470292311,1.8623258284002528
6666.700000000001,3.4599101023888235,2.442484248870212
6668.700000000001,3.5260981524487254,-0.5626474307485605
6670.700000000001,3.5090088692035,0.27749493718347346
6672.700000000001,3.5142633008982784,0.06973822835020196
6674.700000000001,3.5352193295949292,-0.831598331637242
6676.700000000001,3.509676793396793,0.35796391315310544
6678.700000000001,3.480082013632198,1.6543582668670747
6680.700000000001,3.49134467805325,1.1194789504669707
6682.700000000001,3.502704697313633,0.6126884300264632
6684.700000000001,3.5017620966576484,0.6493706176587448
6686.700000000001,3.5061974688655453,0.4220188296163979
6688.700000000001,3.532869569824212,-0.7655496580774447
6690.700000000001,3.503258676345011,0.6150978601404038
6692.700000000001,3.5028746556537578,0.646877200122264
6694.700000000001,3.485350363232832,1.4066163586871596
6696.700000000001,3.5223854623321347,-0.2699430291160675
6698.700000000001,3.538716803395753,-0.9780974752197726
6700.700000000001,3.5393207041093175,-0.9250809963528853
6702.700000000001,3.500545745200169,0.8680458044867175
6704.700000000001,3.505701354113242,0.604214888983247
6706.700000000001,3.501245461728673,0.8294486130593879
6708.700000000001,3.5047875657471024,0.6659803020750458
6710.700000000001,3.4762611694721963,1.9073334495195453
6712.700000000001,3.4808106806593013,1.5979206943860556
6714.700000000001,3.5149738076601174,0.052662414205004
6716.700000000001,3.486253640328686,1.3166944804096474
6718.700000000001,3.477883132690777,1.6392150542315616
6720.700000000001,3.4797855593053413,1.4926657738688869
6722.700000000001,3.4822606554660815,1.3258357326030772
6724.700000000001,3.4880254151596835,1.049462115053012
6726.700000000001,3.5030395543499937,0.380256652598226
6728.700000000001,3.520840739876096,-0.38341527293058797
6730.700000000001,3.4795113741453734,1.4756389248400572
6732.700000000001,3.4767989205060514,1.5520144133902312
6734.700000000001,3.481389392744845,1.2872098245799888
6736.700000000001,3.517289718922807,-0.3118570136022953
6738.700000000001,3.4822964116316535,1.2898789064026546
6740.700000000001,3.481205792630627,1.3048299004474968
6742.700000000001,3.4852948734764646,1.1092884542481563
6744.700000000001,3.485824784589888,1.062288974491949
6746.700000000001,3.4978127106326977,0.5200455982004121
6748.700000000001,3.4990276147903328,0.47260244692313036
6750.700000000001,3.4893895492237803,0.91199511201418
6752.700000000001,3.488980075965818,0.9141713384390915
6754.700000000001,3.4909813320303624,0.8183003564424557
6756.700000000001,3.5063234222052344,0.14015509460623105
6758.700000000001,3.4839479053973763,1.1899141125647552
6760.700000000001,3.4780097786944966,1.416261638074557
6762.700000000001,3.4379794369207604,3.1097943773142114
6764.700000000001,3.4461004461538116,2.6295792231295216
6766.700000000001,3.4736706127509898,1.3340983289186055
6768.700000000001,3.4935348608262142,0.4370865022719922
6770.700000000001,3.4838380287583663,0.8993237146652887
6772.700000000001,3.482078176367564,0.9559510239427019
6774.700000000001,3.480193200641507,1.0475538147237018
6776.700000000001,3.4787176589475965,1.093816893615099
6778.700000000001,3.4826189266983385,0.9070957146273727
6780.700000000001,3.5010638667028973,0.09256530972773333
6782.700000000001,3.5277850658643004,-1.0292384738066351
6784.700000000001,3.5280951673500716,-0.9429811379579938
6786.700000000001,3.4961204020972607,0.5151392856237847
6788.700000000001,3.4967378166742873,0.4843430622389549
6790.700000000001,3.492498315495629,0.6701730795352814
6792.700000000001,3.5131842633251957,-0.22597049146976209
6794.700000000001,3.50355409456803,0.2339059692557041
6796.700000000001,3.502565098101439,0.28039533886942347
6798.700000000001,3.539680194385307,-1.3049733371803773
6800.700000000001,3.5741587716502914,-2.7568638090555466
6802.700000000001,3.5701884818313268,-2.4336305850852993
6804.700000000001,3.596758684331891,-3.468750476105629
6806.700000000001,3.5635040758116627,-1.793472717545444
6808.700000000001,3.5333247962723497,-0.3858447861120459
6810.700000000001,3.512979747833308,0.5308891083733995
6812.700000000001,3.497584667722215,1.1613754784629244
6814.700000000001,3.5202930980460607,0.09584461067272443
6816.700000000001,3.499456394154465,1.0373283251594905
6818.700000000001,3.51094551990744,0.4310230720813867
6820.700000000001,3.5015468433276697,0.8384971358327992
6822.700000000001,3.507514151908346,0.5410932746034617
6824.700000000001,3.5061419427334726,0.5773275787141428
6826.700000000001,3.504353169715254,0.6247436421034146
6828.700000000001,3.499134792845455,0.8395393717495127
6830.700000000001,3.5193415133532016,-0.10659358655980977
6832.700000000001,3.498885508449069,0.8450689701991109
6834.700000000001,3.5232164181493886,-0.28553369548455004
6836.700000000001,3.540029965098901,-1.0085513582083203
6838.700000000001,3.534526813026223,-0.6906632311009853
6840.700000000001,3.5197352260260906,0.0032485256818296088
6842.700000000001,3.5014463123338273,0.8073293095867404
6844.700000000001,3.4760978406831167,1.9145786020244389
6846.700000000001,3.4995545749378936,0.8412685376174069
6848.700000000001,3.496840288120242,0.9089531185947176
6850.700000000001,3.5153578541584327,0.031979271244894164
6852.700000000001,3.5266348912078307,-0.42248949808298203
6854.700000000001,3.5302265934190595,-0.5372554452893615
6856.700000000001,3.5252975633350028,-0.25939554745354015
6858.700000000001,3.5100651840196377,0.42848822136461895
6860.700000000001,3.4941635025283033,1.1223432369992228
6862.700000000001,3.494579479541716,1.0481317163660153
6864.700000000001,3.4951852555668474,0.9876748726319853
6866.700000000001,3.5255030972902444,-0.38221489649145407
6868.700000000001,3.5159380317033784,0.09341177797401756
6870.700000000001,3.5132852055062913,0.2074328490790977
6872.700000000001,3.5141307326165334,0.17171528099072544
6874.700000000001,3.514752618452252,0.1465967125195511
6876.700000000001,3.517248441474569,0.04449848409447271
6878.700000000001,3.5175547464593055,0.04764820744246542
6880.700000000001,3.4856081239996546,1.4343783527983747
6882.700000000001,3.4844162024173184,1.4215248458405743
6884.700000000001,3.490055675607129,1.1120759954949335
6886.700000000001,3.519002032062697,-0.15419024145019797
6888.700000000001,3.4741549979512922,1.8367800705298747
6890.700000000001,3.478157685634357,1.5868089173024595
6892.700000000001,3.4876608109266516,1.1099185180335964
6894.700000000001,3.49902546625649,0.5791572517412928
6896.700000000001,3.505366125357972,0.29972869033762667
6898.700000000001,3.5105212704856514,0.08454774389085286
6900.700000000001,3.514318254870814,-0.05659270290239257
6902.700000000001,3.4840001903223765,1.2745229686438566
6904.700000000001,3.4904093411947494,0.950150719095354
6906.700000000001,3.5132881137614898,-0.08836349894864512
6908.700000000001,3.517237628677548,-0.2073987226447369
6910.700000000001,3.4780372737563865,1.5622378587631294
6912.700000000001,3.4739960026444625,1.657697946966375
6914.700000000001,3.5081312244536447,0.09259285915319239
6916.700000000001,3.473917073890733,1.65794785256753
6918.700000000001,3.4991903243138576,0.5257726389638473
6920.700000000001,3.4575652326261035,2.308662111668953
6922.700000000001,3.4243240166953415,3.6426908478929345
6924.700000000001,3.5295239503654874,-1.0204301554436468
6926.700000000001,3.5117727550809534,-0.14743617376325524
6928.700000000001,3.531682278775835,-0.9602246152091828
6930.700000000001,3.4738894696334,1.610480865392382
6932.700000000001,3.496724345945181,0.5776758999930682
6934.700000000001,3.523079955785527,-0.5563268960660693
6936.700000000001,3.5238434801502914,-0.5254454471661695
6938.700000000001,3.5182361707907703,-0.2542680831459192
6940.700000000001,3.535524302833255,-0.9526903178474216
6942.700000000001,3.5021975401231344,0.5960025964667652
6944.700000000001,3.5371107435356373,-0.9406949562884703
6946.700000000001,3.532023264155372,-0.6598452835812504
6948.700000000001,3.535203045409165,-0.7485323924122187
6950.700000000001,3.536510933268202,-0.7530381570815532
6952.700000000001,3.5460110303761314,-1.1382740006476435
6954.700000000001,3.53391942052041,-0.5328142710787276
6956.700000000001,3.5363322286484387,-0.6106471914992591
6958.700000000001,3.523977123798094,-0.02370166190864067
6960.700000000001,3.5160568886038837,0.30199586516227206
6962.700000000001,3.5156389166464774,0.3034651346349868
6964.700000000001,3.5079573601088674,0.6174772116401365
6966.700000000001,3.5074002681015175,0.6074449330221741
6968.700000000001,3.5048194645728947,0.6905776884571481
6970.700000000001,3.504476830480213,0.6810739622236099
6972.700000000001,3.5033075096090958,0.6999277755435485
6974.700000000001,3.5042430320918503,0.628115533752738
6976.700000000001,3.503502525179147,0.6354386451654461
6978.700000000001,3.517672672046526,0.0037864355577763333
6980.700000000001,3.5355359498978167,-0.7807016821695483
6982.700000000001,3.541613131380886,-0.9845166903488693
6984.700000000001,3.542506442056231,-0.9605511158709966
6986.700000000001,3.5131893854030767,0.38147775076617113
6988.700000000001,3.5151023475374146,0.2768055333010839
6990.700000000001,3.5172810113440383,0.1754631069117268
6992.700000000001,3.5429699534248638,-0.9556250617283693
6994.700000000001,3.542751258632357,-0.8973112992554322
6996.700000000001,3.5431226755844434,-0.8603504882825698
6998.700000000001,3.5193944438412643,0.1826009282194576
7000.700000000001,3.520298545899268,0.13037718302277124
7002.700000000001,3.525435475841327,-0.10020440527342954
7004.700000000001,3.525693402913974,-0.10364709991730979
7006.700000000001,3.525617113066626,-0.09303367866043177
7008.700000000001,3.5263507508826,-0.11890380528793588
7010.700000000001,3.527263446129586,-0.14423885649653892
7012.700000000001,3.52202237198497,0.09165182325568134
7014.700000000001,3.514622719412498,0.40329752227127263
7016.700000000001,3.521374033969285,0.08585398581748442
7018.700000000001,3.5160055199978437,0.3164506693423532
7020.700000000001,3.5117016225330344,0.49497481139446536
7022.700000000001,3.513236633242665,0.4173601496096298
7024.700000000001,3.5127359755822862,0.4164388883938969
7026.700000000001,3.511995821454208,0.4284514493739468
7028.700000000001,3.512720463799438,0.38715241266955
7030.700000000001,3.518096018099634,0.13130639387403967
7032.700000000001,3.5186962378120876,0.10973044297914472
7034.700000000001,3.5220012919341213,-0.03155362941691131
7036.700000000001,3.512528921811315,0.3877059498577004
7038.700000000001,3.518771221447117,0.1055286139424185
7040.700000000001,3.5188872407742005,0.10356797067580507
7042.700000000001,3.5182306531832674,0.13501538807452626
7044.700000000001,3.532966801200673,-0.5104052130550193
7046.700000000001,3.5212676855623464,0.024357879519974326
7048.700000000001,3.509992730426787,0.5099185337184974
7050.700000000001,3.5199261387191765,0.062216188675584386
7052.700000000001,3.5207170398677476,0.028571553819732625
7054.700000000001,3.520324663781396,0.04969226949697353
7056.700000000001,3.5184779018690544,0.1399830384599734
7058.700000000001,3.520583462088138,0.05648338937265564
7060.700000000001,3.517095754744333,0.22280121041245893
7062.700000000001,3.5374633673615805,-0.6652399552458862
7064.700000000001,3.5300138202784224,-0.29937747563095785
7066.700000000001,3.5292383885657412,-0.24460262695751098
7068.700000000001,3.5387121163586617,-0.6433252602541056
7070.700000000001,3.5327827375012433,-0.35551249231038556
7072.700000000001,3.5336394900508505,-0.3611666533437876
7074.700000000001,3.5353896226903543,-0.4234775927598728
7076.700000000001,3.533679728465032,-0.3211996498971614
7078.700000000001,3.534072279381206,-0.31733662693848513
7080.700000000001,3.5092475611805596,0.7856810603061215
7082.700000000001,3.539380047280225,-0.5676267372052464
7084.700000000001,3.538294447272529,-0.5014360226439214
7086.700000000001,3.5582731057141945,-1.3698277893416537
7088.700000000001,3.55667411309572,-1.2309097079153506
7090.700000000001,3.557481710729851,-1.1979464238956468
7092.700000000001,3.5506911298156383,-0.8448380432381172
7094.700000000001,3.5370431578983217,-0.2193390944262529
7096.700000000001,3.5307858122507128,0.05
7098.700000000001,3.5304612223082374,0.05
7100.700000000001,3.530740609527885,0.025
7102.700000000001,3.530503380045824,0.025
7104.700000000001,3.5303281138339115,0.025
7106.700000000001,3.530173566632522,0.025
7108.700000000001,3.5300380938434115,0.025
7110.700000000001,3.5299201795362496,0.025
7112.700000000001,3.5298167674670635,0.025
7114.700000000001,3.52971724200732,0.025
7116.700000000001,3.5290519135712937,0.05
7118.700000000001,3.5289322828796172,0.05
7120.700000000001,3.528778839231667,0.05
7122.700000000001,3.475482386837265,2.387539595752424
7124.700000000001,3.3972195042946365,5.619027482854562
7126.700000000001,3.4888020856312427,1.3793231959668804
7128.700000000001,3.530270547781751,-0.46785809912984166
7130.700000000001,3.529963704377868,-0.4086446323304558
7132.700000000001,3.5519269153742745,-1.326382683537665
7134.700000000001,3.545359985983371,-0.9581167874760975
7136.700000000001,3.5420406880456343,-0.7504444257711549
7138.700000000001,3.5336646430422047,-0.3245184183271152
7140.700000000001,3.526784117239368,0.0
7142.700000000001,3.526314899617625,0.025
7144.700000000001,3.51313638436631,0.6066093330560122
7146.700000000001,3.5253620884644112,0.02797874502148267
7148.700000000001,3.5034772232364118,0.9945459041233637
7150.700000000001,3.5110676705184547,0.59853081325077
7152.700000000001,3.5274774009892,-0.13860874839331513
7154.700000000001,3.538203637377004,-0.5795337693126738
7156.700000000001,3.5313706310244832,-0.23977482752569843
7158.700000000001,3.524980570957783,0.05
7160.700000000001,3.5252101423232953,0.05
7162.700000000001,3.5259715222383674,0.025
7164.700000000001,3.5260431901016194,0.025
7166.700000000001,3.5261375232003265,0.025
7168.700000000001,3.5262276124744045,0.025
7170.700000000001,3.5263137610906563,0.025
7172.700000000001,3.526396249069434,0.025
7174.700000000001,3.525888007844374,0.05
7176.700000000001,3.525981541887319,0.05
7178.700000000001,3.526017944875159,0.05
7180.700000000001,3.5260531344083983,0.05
7182.700000000001,3.5260871830863976,0.05
7184.700000000001,3.5266838413945663,0.025
7186.700000000001,3.5267420145153507,0.025
7188.700000000001,3.526795200680908,0.025
7190.700000000001,3.5268683624743717,0.025
7192.700000000001,3.5269392204376167,0.025
7194.700000000001,3.527007930230136,0.025
7196.700000000001,3.527074635695444,0.025
7198.700000000001,3.526564990438544,0.05
7200.700000000001,3.526597716987158,0.05
7202.700000000001,3.5266692525659136,0.05
7204.700000000001,3.5266738558541775,0.05
7206.700000000001,3.5266949256330613,0.05
7208.700000000001,3.5272989932825216,0.025
7210.700000000001,3.52735598424525,0.025
7212.700000000001,3.527411263640187,0.025
7214.700000000001,3.527464942803671,0.025
7216.700000000001,3.5275286901510854,0.025
7218.700000000001,3.527603166703205,0.025
7220.700000000001,3.525802299102512,0.10834383768988826
7222.700000000001,3.4789955398834724,2.1564319480198177
7224.700000000001,3.412413747504865,4.915253069795576
7226.700000000001,3.453795288815789,2.851673292509892
7228.700000000001,3.500798879575491,0.6844183866497806
7230.700000000001,3.5300723711537034,-0.5774792112261589
7232.700000000001,3.530386142297763,-0.5215032687726441
7234.700000000001,3.5309193170671165,-0.49878763781693214
7236.700000000001,3.546045492978033,-1.0988712390545547
7238.700000000001,3.5411153366914654,-0.7956332315575382
7240.700000000001,3.5298623485410103,-0.2589763914610657
7242.700000000001,3.517436714469535,0.32717353338420857
7244.700000000001,3.5277129540576477,-0.14118681842831712
7246.700000000001,3.495087536418266,1.3201726280011012
7248.700000000001,3.4981251036748198,1.116228264867466
7250.700000000001,3.5257255690295217,-0.14790890013127736
7252.700000000001,3.497114894314153,1.1073983660932902
7254.700000000001,3.506596420858877,0.6412683429426002
7256.700000000001,3.511624195364805,0.4103155251135879
7258.700000000001,3.5213554330358945,0.004358601612703957
7260.700000000001,3.49687821027352,1.0636403031244883
7262.700000000001,3.5085250200155658,0.5033478830101537
7264.700000000001,3.501395898524496,0.801929248702406
7266.700000000001,3.528143367762735,-0.39008917708057994
7268.700000000001,3.515687869310722,0.1838364425664399
7270.700000000001,3.5270573544212125,-0.2999489158421121
7272.700000000001,3.5107770087051566,0.4524674595569928
7274.700000000001,3.494477632934959,1.1418446676345986
7276.700000000001,3.501102772730343,0.8093626062749817
7278.700000000001,3.5092102004686763,0.43854174560114156
7280.700000000001,3.518956060670839,0.010513389872611863
7282.700000000001,3.520288806310568,-0.02741174241318451
7284.700000000001,3.5102655600452204,0.43599790808086475
7286.700000000001,3.5084932502661403,0.4850656914697935
7288.700000000001,3.5158482831923323,0.14979179652554928
7290.700000000001,3.529960723450856,-0.46335276776645445
7292.700000000001,3.549733080052504,-1.252292900188072
7294.700000000001,3.5459606367343204,-1.0098377457431837
7296.700000000001,3.5318452635037922,-0.3360120213484198
7298.700000000001,3.524551738719971,0.003618478426593084
7300.700000000001,3.52413151316142,0.025
7302.700000000001,3.5241823957644183,0.025
7304.700000000001,3.524197371277596,0.02668134035153223
7306.700000000001,3.523700952133905,0.05
7308.700000000001,3.523713001655178,0.05
7310.700000000001,3.5237249938401147,0.05
7312.700000000001,3.5237369184102434,0.05
7314.700000000001,3.523724529430411,0.05
7316.700000000001,3.5243741022269024,0.025
7318.700000000001,3.5244633745892946,0.025
7320.700000000001,3.5245233118501424,0.025
7322.700000000001,3.5245676836431334,0.025
7324.700000000001,3.524610535567556,0.025
7326.700000000001,3.524651964861877,0.025
7328.700000000001,3.524690401204345,0.025
7330.700000000001,3.524610540539637,0.030087384957252186
7332.700000000001,3.5234399361734563,0.08288140698570175
7334.700000000001,3.495936661873994,1.2810112257256678
7336.700000000001,3.4640915064036086,2.600030198966131
7338.700000000001,3.468103358339472,2.2733805577591113
7340.700000000001,3.50511160616296,0.5921254347003021
7342.700000000001,3.495055215633949,1.0008082144387491
7344.700000000001,3.5085478890657082,0.37993786836171356
7346.700000000001,3.5276591828213637,-0.4384097619327113
7348.700000000001,3.506731010277485,0.518636622130445
7350.700000000001,3.4902469100989912,1.2422452102862758
7352.700000000001,3.5010402771645293,0.7152802697321702
7354.700000000001,3.5009571562650996,0.6911141904654338
7356.700000000001,3.5114595606440098,0.22022848100845493
7358.700000000001,3.5005391514711426,0.6875663297296939
7360.700000000001,3.507308027084463,0.36993450535287425
7362.700000000001,3.498734479033741,0.74532117876085
7364.700000000001,3.5256934601599785,-0.4375841266301683
7366.700000000001,3.5374916630975854,-0.9103825790662283
7368.700000000001,3.5515304605057096,-1.4530455622412344
7370.700000000001,3.5394543785361194,-0.8412020232042815
7372.700000000001,3.5376901016521947,-0.6998064769366635
7374.700000000001,3.529222442326199,-0.2999883792686706
7376.700000000001,3.5251696770428285,-0.09382846157726278
7378.700000000001,3.525001859132416,-0.075
7380.700000000001,3.5245940212194626,-0.04997864895836983
7382.700000000001,3.509243056651964,0.6149405716145077
7384.700000000001,3.492780606515846,1.280533622937279
7386.700000000001,3.488296546190191,1.4061236989322463
7388.700000000001,3.4926056581658216,1.1547833734226065
7390.700000000001,3.4974935956744604,0.902437016022649
7392.700000000001,3.4875261050818422,1.2965203773781149
7394.700000000001,3.490669066729959,1.1044154384476093
7396.700000000001,3.500824355853617,0.6128391252415787
7398.700000000001,3.5151650744886593,-0.023210931498890804
7400.700000000001,3.5151459902296334,-0.00018721078091811608
7402.700000000001,3.4843700380936675,1.351882475103667
7404.700000000001,3.4699360540172313,1.9066241304189333
7406.700000000001,3.4860732452678276,1.1542134619599804
7408.700000000001,3.5127391528576704,-0.04170800656741622
7410.700000000001,3.5001378300256976,0.5175134301468804
7412.700000000001,3.499721223712972,0.5291736367949511
7414.700000000001,3.5034900242321645,0.36712946619304965
7416.700000000001,3.522340937072819,-0.44480175823706164
7418.700000000001,3.5180172429727388,-0.22427798243053698
7420.700000000001,3.516082503513328,-0.1036300776514579
7422.700000000001,3.4988040553441717,0.6670841369002152
7424.700000000001,3.5025322580713683,0.4806863213166219
7426.700000000001,3.5035430494486044,0.4270866980477937
7428.700000000001,3.502138453902567,0.48427884370095714
7430.700000000001,3.522484948770488,-0.3911703796201206
7432.700000000001,3.52362151682976,-0.3979225146166569
7434.700000000001,3.521436809334418,-0.2635215252275594
7436.700000000001,3.515139301472172,0.03138471907873303
7438.700000000001,3.5015454830816535,0.6349873268010714
7440.700000000001,3.505406203290833,0.43812495793220374
7442.700000000001,3.5094240868254825,0.2563958553069336
7444.700000000001,3.512010372559476,0.15505290589390447
7446.700000000001,3.52660394051079,-0.4776639026057958
7448.700000000001,3.522695483408339,-0.273246058746091
7450.700000000001,3.5050678886558106,0.5178928908086964
7452.700000000001,3.5103704539891716,0.27650325168682255
7454.700000000001,3.5266855178691414,-0.4292513749556843
7456.700000000001,3.515877074224958,0.06846451098219856
7458.700000000001,3.5222720345019503,-0.20713141159472287
7460.700000000001,3.5240298324419688,-0.2653983992469614
7462.700000000001,3.5133216589312406,0.22339836350603146
7464.700000000001,3.489789225886032,1.2269650110724106
7466.700000000001,3.507031023638412,0.40028901279240897
7468.700000000001,3.5206119841069894,-0.19652563615105928
7470.700000000001,3.53156577751889,-0.6173408790284711
7472.700000000001,3.5240325296362505,-0.24549839275227903
7474.700000000001,3.519334046458844,-0.02744699360915504
7476.700000000001,3.51770261922889,0.05
7478.700000000001,3.5177846513884217,0.05008171628292474
7480.700000000001,3.517867950352326,0.05
7482.700000000001,3.5179474301197344,0.05
7484.700000000001,3.5180244572465114,0.05
7486.700000000001,3.518024752149304,0.05
7488.700000000001,3.5180463472558348,0.05
7490.700000000001,3.5180536034964733,0.05
7492.700000000001,3.518061672602944,0.05
7494.700000000001,3.5186451176688998,0.025
7496.700000000001,3.518697322224223,0.025
7498.700000000001,3.5187466937637835,0.025
7500.700000000001,3.5187934184439333,0.025
7502.700000000001,3.518837669548683,0.025
7504.700000000001,3.5183288508663217,0.0493586104899999
7506.700000000001,3.517785695971551,0.075
7508.700000000001,3.5166316086225002,0.125
7510.700000000001,3.5079958750982034,0.4962094415725061
7512.700000000001,3.511355440904704,0.3278667259939167
7514.700000000001,3.516235670715703,0.09896727806708974
7516.700000000001,3.5070931980897972,0.4982455806608093
7518.700000000001,3.5083122147561374,0.4353648455237431
7520.700000000001,3.5207026087515323,-0.11798155919303813
7522.700000000001,3.515986692966832,0.09346195373071622
7524.700000000001,3.5147966825041244,0.15
7526.700000000001,3.5147788782559535,0.15268217170100573
7528.700000000001,3.5201109877651606,-0.07457284350276235
7530.700000000001,3.523787361045573,-0.2211574914915488
7532.700000000001,3.5184046657868184,0.025
7534.700000000001,3.518490858377556,0.025
7536.700000000001,3.5185564128553453,0.025
7538.700000000001,3.518618029210109,0.025
7540.700000000001,3.5186759697352246,0.025
7542.700000000001,3.518749347599117,0.02547375162946092
7544.700000000001,3.5134781867175073,0.24922124252774897
7546.700000000001,3.5120361993582128,0.28609251761928334
7548.700000000001,3.49720170141549,0.9310270572185136
7550.700000000001,3.5126586048285926,0.22555016406558465
7552.700000000001,3.5125643823523633,0.21961789159461537
7554.700000000001,3.50826273343973,0.40892347556638003
7556.700000000001,3.5167276296737215,0.049947703104432306
7558.700000000001,3.4903783631900307,1.2224236607693357
7560.700000000001,3.5043198585766855,0.5639714500954803
7562.700000000001,3.5150332569779295,0.030338060625639443
7564.700000000001,3.5144315652109324,0.04531843048821954
7566.700000000001,3.5170856767066176,-0.06178930767441724
7568.700000000001,3.5013537784899205,0.6422036592009095
7570.700000000001,3.5000232584541515,0.669670068348681
7572.700000000001,3.5117588950361025,0.13947625696666033
7574.700000000001,3.505903945365855,0.3767228667270674
7576.700000000001,3.513228724726799,0.048020843661954325
7578.700000000001,3.5134280156245405,0.05265964083976749
7580.700000000001,3.524119830374107,-0.39982207615852894
7582.700000000001,3.5234749363660156,-0.3459137540387718
7584.700000000001,3.523309006065283,-0.2978693447637357
7586.700000000001,3.522716896743761,-0.2502162617070756
7588.700000000001,3.5453119713867607,-1.2232429922443837
7590.700000000001,3.5318777219904485,-0.5903084288635816
7592.700000000001,3.5183500778879346,0.027626441088632925
7594.700000000001,3.516601110130651,0.10158872231002537
7596.700000000001,3.5177325124204013,0.05
7598.700000000001,3.517737203697577,0.05
7600.700000000001,3.5158321715745924,0.13116399692980948
7602.700000000001,3.507938368672617,0.47626334958964806
7604.700000000001,3.494500090349192,1.0461065421888665
7606.700000000001,3.4734765551830367,1.897170009174353
7608.700000000001,3.5018482370394715,0.5789301102901568
7610.700000000001,3.5126788411958487,0.09532308027403584
7612.700000000001,3.488514975565528,1.118172383313244
7614.700000000001,3.500138058556892,0.5851762450232298
7616.700000000001,3.52029655055992,-0.30026448009662693
7618.700000000001,3.5009804330268404,0.5768816032976618
7620.700000000001,3.512998682056198,0.04120470330489138
7622.700000000001,3.5051225309620198,0.3951708067191272
7624.700000000001,3.4950937371540856,0.8244979257098525
7626.700000000001,3.512750057010179,0.017465141591308235
7628.700000000001,3.512410577567222,0.04595682107451044
7630.700000000001,3.50293919315295,0.4736006463852127
7632.700000000001,3.5078326612840427,0.24627573693720275
7634.700000000001,3.521564252122685,-0.3493342416061518
7636.700000000001,3.5172357137959787,-0.12725248981394593
7638.700000000001,3.511574866192442,0.12331841810878483
7640.700000000001,3.5125574168971276,0.08994525594683538
7642.700000000001,3.5136203461077553,0.04699696173104867
7644.700000000001,3.5031928276549165,0.5099579499511478
7646.700000000001,3.5092568307740795,0.22873427787740894
7648.700000000001,3.510532561888557,0.1799007414672113
7650.700000000001,3.5235503024949266,-0.3829102544153452
7652.700000000001,3.5255017144712215,-0.43066358321125603
7654.700000000001,3.5240076024914866,-0.33922786676778627
7656.700000000001,3.5185032427842087,-0.08050297341325074
7658.700000000001,3.510858572565616,0.25
7660.700000000001,3.510611989493143,0.25
7662.700000000001,3.5098434797439233,0.275
7664.700000000001,3.51893499739194,-0.1250085155520815
7666.700000000001,3.524636872502073,-0.3465190142796153
7668.700000000001,3.497680549144254,0.8337716931345953
7670.700000000001,3.4920816853834804,1.0432216758739963
7672.700000000001,3.5176873482469024,-0.1284058207831215
7674.700000000001,3.518133986745291,-0.12789503759782056
7676.700000000001,3.5168860984729204,-0.056378500680027976
7678.700000000001,3.480827771741169,1.5019380164174188
7680.700000000001,3.485464967985139,1.2012469641761698
7682.700000000001,3.5122735884631333,0.022632399572803462
7684.700000000001,3.5066091168684443,0.2723050772640004
7686.700000000001,3.5177020477820147,-0.19677463952421329
7688.700000000001,3.5232272110818297,-0.3941771439491754
7690.700000000001,3.514696810348852,-0.0036183114451721903
7692.700000000001,3.5066253627857185,0.35359213174351706
7694.700000000001,3.491234762919777,1.0162704776550882
7696.700000000001,3.4645160721443182,2.1118148704286144
7698.700000000001,3.495241120107626,0.6648079723081531
7700.700000000001,3.5089079751182672,0.045470501938944814
7702.700000000001,3.515884178074392,-0.2362396480921307
7704.700000000001,3.5246621528356368,-0.5854867279278553
7706.700000000001,3.526104380548724,-0.6052425432689781
7708.700000000001,3.5022963853652067,0.4731512267995644
7710.700000000001,3.4578490350799127,2.3669461094563187
7712.700000000001,3.50199228518781,0.3149541079786317
7714.700000000001,3.500813545557988,0.34120060004595315
7716.700000000001,3.515245383081879,-0.25785157551303567
7718.700000000001,3.521886046717115,-0.5028271846584575
7720.700000000001,3.5205471228884044,-0.409912688407312
7722.700000000001,3.5157448046203155,-0.1618740746819088
7724.700000000001,3.5115392030473767,0.03539297904451779
7726.700000000001,3.4926707942814006,0.8547148267832888
7728.700000000001,3.5132812741317636,-0.075
7730.700000000001,3.5029780924789558,0.3632473191482531
7732.700000000001,3.510825491619416,0.02531368635981241
7734.700000000001,3.507724978619445,0.1704688738091877
7736.700000000001,3.5078208003191684,0.1721874135790875
7738.700000000001,3.5065825749688697,0.225
7740.700000000001,3.5065176917262346,0.22293740393942704
7742.700000000001,3.506458629650101,0.22419392529780835
7744.700000000001,3.5118533389580313,-0.005005950879695498
7746.700000000001,3.510560749532116,0.06094045584235981
7748.700000000001,3.505164232281779,0.3
7750.700000000001,3.5043474044724623,0.31627950767178287
7752.700000000001,3.51184520575968,-0.002883071136829205
7754.700000000001,3.510921417275585,0.05
7756.700000000001,3.5049372252359774,0.3088846975443837
7758.700000000001,3.501887718224422,0.4405636090146938
7760.700000000001,3.488985351301544,0.9694579286155484
7762.700000000001,3.5009537990363686,0.42374453771054366
7764.700000000001,3.512250061193572,-0.07500039930446992
7766.700000000001,3.5154506646625054,-0.19318862455656652
7768.700000000001,3.5069282432486073,0.18920618480436904
7770.700000000001,3.5006969656749996,0.45365433333428784
7772.700000000001,3.507716236482951,0.13111843681835997
7774.700000000001,3.5098736594715265,0.043070655454596624
7776.700000000001,3.5020226116745916,0.39997120389523244
7778.700000000001,3.500582563595283,0.45
7780.700000000001,3.5096955488785264,0.02994797731384603
7782.700000000001,3.510637870061655,0.0
7784.700000000001,3.5103035838933683,0.025
7786.700000000001,3.50996311505602,0.04614741755112938
7788.700000000001,3.50878318593507,0.09723093268871555
7790.700000000001,3.50685047605986,0.18830116493893143
7792.700000000001,3.5107798515771163,0.025
7794.700000000001,3.5103993304360483,0.05
7796.700000000001,3.511136459383594,0.025079308808510666
7798.700000000001,3.50957742269566,0.10097322966349255
7800.700000000001,3.502261345733105,0.4144867144440645
7802.700000000001,3.495495936940468,0.6752830673733146
7804.700000000001,3.5060466634950447,0.2097326316985514
7806.700000000001,3.513440721736404,-0.11233715055923821
7808.700000000001,3.512496905797394,-0.05386584977064217
7810.700000000001,3.5139835253401555,-0.10811683892626443
7812.700000000001,3.514000251320606,-0.0964144697825938
7814.700000000001,3.5139824668021777,-0.08911351848962157
7816.700000000001,3.5136847285194572,-0.07196529956534883
7818.700000000001,3.5080803066418174,0.18406910949815053
7820.700000000001,3.508613802325612,0.1656289628004194
7822.700000000001,3.5134858176196717,-0.04593801651116535
7824.700000000001,3.5114558375295926,0.04660415802269222
7826.700000000001,3.512673583116129,-0.0031271808580504708
7828.700000000001,3.514404468532929,-0.07377993781458957
7830.700000000001,3.5140461305673067,-0.04886329640192926
7832.700000000001,3.5143205493077327,-0.05486418365275197
7834.700000000001,3.5126027113610445,0.025
7836.700000000001,3.5105482465009206,0.11908571077115547
7838.700000000001,3.51131409702331,0.08323183787685702
7840.700000000001,3.5098156939839456,0.14858813455254222
7842.700000000001,3.5125438028395704,0.026050271489178
7844.700000000001,3.512200176798895,0.04223760179916064
7846.700000000001,3.5043850017664955,0.37557777485096483
7848.700000000001,3.5120006132551524,0.04071003701186161
7850.700000000001,3.5124540372543547,0.025
7852.700000000001,3.509485208054455,0.15238455033086665
7854.700000000001,3.5106458314415967,0.09999992535766936
7856.700000000001,3.512381621970254,0.02523854870938455
7858.700000000001,3.5118710283969787,0.05
7860.700000000001,3.511894898340179,0.05
7862.700000000001,3.5124944081825165,0.025
7864.700000000001,3.512231159351263,0.03738246604542344
7866.700000000001,3.512004805854637,0.04950509115970491
7868.700000000001,3.5114881435104635,0.07498324648776684
7870.700000000001,3.511541528709413,0.075
7872.700000000001,3.511588361982655,0.075
7874.700000000001,3.512779240131119,0.025
7876.700000000001,3.5134214827095684,0.0
7878.700000000001,3.512925387919429,0.025
7880.700000000001,3.512960043857349,0.025
7882.700000000001,3.5129926415662847,0.025
7884.700000000001,3.5130384565449413,0.025
7886.700000000001,3.513665833378839,7.650997874119933e-08
7888.700000000001,3.513131686622001,0.025
7890.700000000001,3.5131500822888344,0.025
7892.700000000001,3.513167034567248,0.025
7894.700000000001,3.513182631236253,0.025
7896.700000000001,3.5131969544415154,0.025
7898.700000000001,3.5132567123568905,0.025
7900.700000000001,3.513337876210633,0.025
7902.700000000001,3.513354365340427,0.024703674295240292
7904.700000000001,3.5135346222365,0.017254930932948484
7906.700000000001,3.5135069378334376,0.019445491782907255
7908.700000000001,3.5137419921681805,0.010582449135077582
7910.700000000001,3.513819013275142,0.00876895505866671
7912.700000000001,3.513980625806633,0.0035670234939003996
7914.700000000001,3.513519785772221,0.025
7916.700000000001,3.5135678235627146,0.025
7918.700000000001,3.5136009580451675,0.025
7920.700000000001,3.51362593376866,0.025
7922.700000000001,3.513647115731507,0.025
7924.700000000001,3.5136530101658336,0.025
7926.700000000001,3.5136585543209344,0.025
7928.700000000001,3.5141890425533298,0.002822721296988997
7930.700000000001,3.5142968940120047,0.0
7932.700000000001,3.5143089963724754,0.001344198795987453
7934.700000000001,3.5143251998580323,0.002484861617664861
7936.700000000001,3.514408026570491,0.0005628611910224118
7938.700000000001,3.514462212336252,0.0
7940.700000000001,3.5145021679959796,0.0
7942.700000000001,3.5145296006272253,0.0005559263115226807
7944.700000000001,3.514580749359889,0.0
7946.700000000001,3.514617828141022,0.0
7948.700000000001,3.5146533759517955,0.0
7950.700000000001,3.5146891177105495,0.0
7952.700000000001,3.514723880801508,0.0
7954.700000000001,3.514757723010311,0.0
7956.700000000001,3.514790539501417,0.0
7958.700000000001,3.514822704105608,0.0
7960.700000000001,3.5142577814880975,0.025
7962.700000000001,3.514244874528109,0.025
7964.700000000001,3.514232729991337,0.025
7966.700000000001,3.5142212944608775,0.025
7968.700000000001,3.5142105179750684,0.025
7970.700000000001,3.5142087171244203,0.025
7972.700000000001,3.5142298203586315,0.025
7974.700000000001,3.514251634749725,0.025
7976.700000000001,3.5142757751165656,0.025
7978.700000000001,3.5143110976873047,0.025
7980.700000000001,3.514305909959742,0.025
7982.700000000001,3.5142714073452908,0.025
7984.700000000001,3.5148692804960437,0.0
7986.700000000001,3.514905877960279,0.0
7988.700000000001,3.51494136062117,0.0
7990.700000000001,3.514975795282822,0.0
7992.700000000001,3.5148253617002982,0.007806495870789692
7994.700000000001,3.5150334480210197,0.0
7996.700000000001,3.515065268957119,0.0
7998.700000000001,3.5150962581887724,0.0
8000.700000000001,3.515126464445012,0.0
8002.700000000001,3.5151559333460582,0.0
8004.700000000001,3.515184707602723,0.0
8006.700000000001,3.5152128272030114,0.0
8008.700000000001,3.5152403295867583,0.0
8010.700000000001,3.515267249809059,0.0
8012.700000000001,3.5152936206932086,0.0
8014.700000000001,3.5153194729738377,0.0
8016.700000000001,3.5153448354308545,0.0
8018.700000000001,3.515369735014802,0.0
8020.700000000001,3.515394196964166,0.0
8022.700000000001,3.5154012274094373,0.0
8024.700000000001,3.515414112164879,1.0123885956895459e-06
8026.700000000001,3.5154379927354387,0.0
8028.700000000001,3.5154614621121505,0.0
8030.700000000001,3.51548456378819,0.0
8032.700000000001,3.515502718952879,1.0539174242081653e-05
8034.700000000001,3.5155029008568888,0.0
8036.700000000001,3.515525566584184,0.0
8038.700000000001,3.5155478990449196,0.0
8040.700000000001,3.515569915327783,0.0
8042.700000000001,3.515591631441504,0.0
8044.700000000001,3.5156130623840807,0.0
8046.700000000001,3.5156342222075625,0.0
8048.700000000001,3.515655124078686,0.0
8050.700000000001,3.515675780335607,0.0
8052.700000000001,3.515696202541001,0.0
8054.700000000001,3.5157164015317623,0.0
8056.700000000001,3.5157363874655,0.0
8058.700000000001,3.5157561698640634,0.0
8060.700000000001,3.5157757576542714,0.0
8062.700000000001,3.5157951592060286,0.0
8064.700000000001,3.5158143823679926,0.0
8066.700000000001,3.5158334345009625,0.0
8068.700000000001,3.5158523225091143,0.0
8070.700000000001,3.5158710528692403,0.0
8072.700000000001,3.51588963165811,0.0
8074.700000000001,3.515908064578076,0.0
8076.700000000001,3.515926356981036,0.0
8078.700000000001,3.5159445138908616,0.0
8080.700000000001,3.51596254002438,0.0
8082.700000000001,3.5159804398110235,0.0
8084.700000000001,3.5159982174112034,0.0
8086.700000000001,3.516015876733514,0.0
8088.700000000001,3.516033421450834,0.0
8090.700000000001,3.5160508550153873,0.0
8092.700000000001,3.516068180672848,0.0
8094.700000000001,3.5160854014755314,0.0
8096.700000000001,3.5161025202947447,0.0
8098.700000000001,3.516119539832342,0.0
8100.700000000001,3.5161364626315432,0.0
8102.700000000001,3.516153291087051,0.0
8104.700000000001,3.516170027454527,0.0
8106.700000000001,3.516186673859454,0.0
8108.700000000001,3.5162032323054357,0.0
8110.700000000001,3.5162197046819594,0.0
8112.700000000001,3.5162360927716607,0.0
8114.700000000001,3.516252398257124,0.0
8116.700000000001,3.5162686227272535,0.0
8118.700000000001,3.5162847676832185,0.0
8120.700000000001,3.516300834544036,0.0
8122.700000000001,3.5163168246517835,0.0
8124.700000000001,3.5163327392764847,0.0
8126.700000000001,3.516348579620673,0.0
8128.700000000001,3.5163643468236754,0.0
8130.700000000001,3.516380041965607,0.0
8132.700000000001,3.5163956660711233,0.0
8134.700000000001,3.5164112201129205,0.0
8136.700000000001,3.516426705015018,0.0
8138.700000000001,3.5164421216558317,0.0
8140.700000000001,3.516457470871043,0.0
8142.700000000001,3.516472753456292,0.0
8144.700000000001,3.516487970169691,0.0
8146.700000000001,3.516473413323112,0.001301618230167805
8148.700000000001,3.514627147228427,0.075
8150.700000000001,3.5144561788955087,0.075
8152.700000000001,3.514433816149472,0.075
8154.700000000001,3.5143470965264383,0.07213406705737033
8156.700000000001,3.5148610047132234,0.05001015764493291
8158.700000000001,3.514813219891929,0.05
8160.700000000001,3.5147669759587594,0.05
8162.700000000001,3.5147500768429594,0.05
8164.700000000001,3.5148254774503394,0.05
8166.700000000001,3.5149023228775693,0.05
8168.700000000001,3.5149805126940143,0.05
8170.700000000001,3.514952495064574,0.05
8172.700000000001,3.514920413248649,0.05
8174.700000000001,3.514889431114044,0.05
8176.700000000001,3.5148722356878577,0.05
8178.700000000001,3.5154573790097765,0.025
8180.700000000001,3.5154928967913954,0.025
8182.700000000001,3.5149035026831252,0.05
8184.700000000001,3.5148083802569006,0.05
8186.700000000001,3.514714149005409,0.05
8188.700000000001,3.5146207495816886,0.05
8190.700000000001,3.5145776374621547,0.048852142631039236
8192.7,3.5145089349593785,0.05
8194.7,3.51505449274354,0.025
8196.7,3.515069466253385,0.025
8198.7,3.515083559538611,0.025
8200.7,3.515096826352315,0.025
8202.7,3.515167820817251,0.025
8204.7,3.5152748765377244,0.025
8206.7,3.5153812472929395,0.025
8208.7,3.5154350141085957,0.025
8210.7,3.515418950979144,0.025
8212.7,3.515409578518358,0.025
8214.7,3.515399671034844,0.025
8216.7,3.5153892602296994,0.025
8218.7,3.5153841939288113,0.025
8220.7,3.5153979112785336,0.025
8222.7,3.515411208788455,0.025
8224.7,3.5154241108170976,0.025
8226.7,3.5154366401718913,0.025
8228.7,3.5154488182086308,0.025
8230.7,3.5154606649245426,0.025
8232.7,3.515472199045381,0.025
8234.7,3.515483438106933,0.025
8236.7,3.5154943985312936,0.025
8238.7,3.51550509569824,0.025
8240.7,3.5155155440120347,0.025
8242.7,3.5155257569639304,0.025
8244.7,3.515535747190677,0.025
8246.7,3.515553587726231,0.025
8248.7,3.5155752898271655,0.025
8250.7,3.5155968025162725,0.025
8252.7,3.5156181355257186,0.025
8254.7,3.5156392979739524,0.025
8256.7,3.515660298405001,0.025
8258.7,3.515681144825249,0.025
8260.7,3.5157018447378565,0.025
8262.7,3.5157192948993456,0.025
8264.7,3.515716570751986,0.025
8266.7,3.515713719899034,0.025
8268.7,3.515694731893469,0.025
8270.7,3.515639983264438,0.025
8272.7,3.515585124245424,0.025
8274.7,3.515530159612068,0.025
8276.7,3.515480105013786,0.025
8278.7,3.515471347789214,0.025
8280.7,3.5154639807309755,0.025
8282.7,3.515480866230618,0.025
8284.7,3.5154976659077093,0.025
8286.7,3.5155143830199695,0.025
8288.7,3.515531020625604,0.025
8290.7,3.51554758159604,0.025
8292.7,3.515561061149005,0.025
8294.7,3.5155549062385028,0.025
8296.7,3.515548682301884,0.025
8298.7,3.5155423915753095,0.025
8300.7,3.515536036160612,0.025
8302.7,3.5155256234152206,0.025
8304.7,3.515498584644081,0.025
8306.7,3.5154726397565366,0.025
8308.7,3.5154819743259194,0.025
8310.7,3.5154912529827302,0.025
8312.7,3.515534331625601,0.025
8314.7,3.5155948720209445,0.025
8316.7,3.515624272088267,0.025
8318.7,3.515597620472355,0.025
8320.7,3.5155709194371467,0.025
8322.7,3.515544170067172,0.025
8324.7,3.5155173733859226,0.025
8326.7,3.515519243631571,0.025
8328.7,3.515522737231384,0.025
8330.7,3.5155261862616594,0.025
8332.7,3.515529591538045,0.025
8334.7,3.5155329538321882,0.025
8336.7,3.515536273874507,0.025
8338.7,3.5155395523567994,0.025
8340.7,3.5155281649711974,0.025
8342.7,3.5155150607667616,0.025
8344.7,3.515523556689656,0.025
8346.7,3.5155475227583874,0.025
8348.7,3.5155800748788177,0.025
8350.7,3.5156125889050496,0.025
8352.7,3.5156450653186972,0.025
8354.7,3.515677504578405,0.025
8356.7,3.515709907121275,0.025
8358.7,3.515741323052253,0.025
8360.7,3.5157658962495004,0.025
8362.7,3.5157904339250297,0.025
8364.7,3.515814936442417,0.025
8366.7,3.5158394041496184,0.025
8368.7,3.5158425816272882,0.025
8370.7,3.5157969919647316,0.025
8372.7,3.5157513684515114,0.025
8374.7,3.5157057113821826,0.025
8376.7,3.515660021039937,0.025
8378.7,3.5156407574167057,0.025
8380.7,3.515661032177181,0.025
8382.7,3.51565092254645,0.025
8384.7,3.515640780675203,0.025
8386.7,3.515630606799407,0.025
8388.7,3.5156204011472245,0.025
8390.7,3.515610163939489,0.025
8392.7,3.5155998953901366,0.025
8394.7,3.5155824034477803,0.025
8396.7,3.5155743249266105,0.025
8398.7,3.5156072494568638,0.025
8400.7,3.515653306109672,0.025
8402.7,3.5156758650028657,0.025
8404.7,3.515683345573348,0.025
8406.7,3.5156907961381645,0.025
8408.7,3.5157358137464185,0.023352738396313535
8410.7,3.515912745241438,0.016268850968932623
8412.7,3.5159137126699713,0.017018786826137205
8414.7,3.5160116377490302,0.013561396742024716
8416.7,3.5161050027748546,0.010461120220185263
8418.7,3.5161528669430515,0.00922142047047869
8420.7,3.5161379354246214,0.010788188774673042
8422.7,3.5163342931393786,0.0031575175390478843
8424.7,3.516307284706656,0.005340088872025569
8426.7,3.516314244446679,0.006007850360146159
8428.7,3.5162987842568576,0.00761431167427512
8430.7,3.5164870519618927,0.00029574191513135494
8432.7,3.516434183244681,0.0036442883730429506
8434.7,3.5165386390058373,2.3870942639123415e-05
8436.7,3.516544792865888,0.0007556841017679476
8438.7,3.51601716021157,0.025
8440.7,3.516040385751774,0.025
8442.7,3.5160642475242283,0.025
8444.7,3.5160887033996304,0.025
8446.7,3.5166809112395168,0.0
8448.7,3.516704684275361,0.0
8450.7,3.5166723755658706,0.0024308202057357867
8452.7,3.516749423071649,6.359863452336779e-06
8454.7,3.5167707604187792,0.0
8456.7,3.516791186027102,0.0
8458.7,3.5168108796244004,0.0
8460.7,3.5168298887928113,0.0
8462.7,3.5168474643296435,3.491843844695739e-05
8464.7,3.5168660288625864,0.0
8466.7,3.516883233948027,0.0
8468.7,3.5168527322703,0.002077859957489768
8470.7,3.5169160876790326,0.0
8472.7,3.516931794802778,0.0
8474.7,3.5169470562913268,0.0
8476.7,3.516961897237854,0.0
8478.7,3.516976337697423,5.6575234006636196e-08
8480.7,3.5169904229696813,0.0
8482.7,3.517004154258411,0.0
8484.7,3.51701755111651,0.0
8486.7,3.517030632786444,0.0
8488.7,3.5170434172945715,0.0
8490.7,3.5170559215284563,0.0
8492.7,3.5170681613092554,0.0
8494.7,3.516481844044156,0.025
8496.7,3.5164818066480503,0.025
8498.7,3.5164955560208653,0.025
8500.7,3.51641086882684,0.025
8502.7,3.5169777015449335,0.0
8504.7,3.516993834371054,0.0
8506.7,3.5170094605961477,0.0
8508.7,3.5170246104797207,0.0
8510.7,3.5170393123646746,0.0
8512.7,3.517053592799138,0.0
8514.7,3.5170674766505554,0.0
8516.7,3.517080987212519,0.0
8518.7,3.5170941463048044,0.0
8520.7,3.5171069743670578,0.0
8522.7,3.5171194905465133,0.0
8524.7,3.517131712780144,0.0
8526.7,3.5171436578715785,0.0
8528.7,3.51715534156314,0.0
8530.7,3.5171667786032943,0.0
8532.7,3.5171204008519794,0.0020349115937972405
8534.7,3.5167386548833286,0.016639717002217176
8536.7,3.517126178938635,0.0
8538.7,3.5165592025166656,0.025
8540.7,3.5164735873235955,0.025
8542.7,3.516386365084095,0.025
8544.7,3.5163940784937955,0.025
8546.7,3.5163464592247564,0.025001265715538037
8548.7,3.5156730544897647,0.050153269010614177
8550.7,3.5156109593603384,0.05
8552.7,3.5150490281635283,0.075
8554.7,3.514946565622256,0.07502205448032938
8556.7,3.5156808677174096,0.05
8558.7,3.5163050614826425,0.025
8560.7,3.5168911763315793,0.0
8562.7,3.5169138011890397,0.0
8564.7,3.51693495238315,0.0
8566.7,3.51696127312888,0.0
8568.7,3.5164091100366397,0.024999968468820973
8570.7,3.516997577371216,0.0
8572.7,3.5170210608542747,0.0
8574.7,3.5170435194962844,0.0
8576.7,3.517065016642826,0.0
8578.7,3.517085611622453,0.0
8580.7,3.5171053600018216,0.0
8582.7,3.517124313824616,0.0
8584.7,3.5171425218352943,0.0
8586.7,3.5171600296886263,0.0
8588.7,3.517176880145919,0.0
8590.7,3.517193113258781,0.0
8592.7,3.5172087665412124,0.0
8594.7,3.517223875130765,0.0
8596.7,3.5172384719394665,0.0
8598.7,3.5172525877951566,0.0
8600.7,3.5172662515738478,0.0
8602.7,3.517279490323678,0.0
8604.7,3.517292329380989,0.0
8606.7,3.517304792479035,0.0
8608.7,3.517316901849784,0.0
8610.7,3.5173286783192497,0.0
8612.7,3.517340141396778,0.0
8614.7,3.51735130935865,0.0
8616.7,3.517362199326387,0.0
8618.7,3.5173728273400697,0.0
8620.7,3.5173832084270105,0.0
8622.7,3.5173933566660587,0.0
8624.7,3.5174032852478225,0.0
