time,voltage,current
0.7000000000000001,4.094130147668662,0.1
2.7,4.093997649143318,0.1
4.7,4.09325420102618,0.125
6.7,4.093112401973304,0.125
8.700000000000001,4.09289650243554,0.125
10.700000000000001,4.093508842263513,0.1
12.700000000000001,4.0934366967425815,0.1
14.700000000000001,4.093370360422965,0.1
16.7,4.093300077788849,0.1
18.7,4.094058128799436,0.075
20.700000000000003,4.09397766207843,0.075
22.700000000000003,4.093962838160993,0.075
24.700000000000003,4.093850454011806,0.075
26.700000000000003,4.093742247447633,0.075
28.700000000000003,4.093635420649345,0.075
30.700000000000003,4.093615432686765,0.075
32.7,4.09355058512628,0.075
34.7,4.093486818035132,0.075
36.7,4.093423530619006,0.075
38.7,4.094150691143125,0.05
40.7,4.094135375445132,0.05
42.7,4.094146946941035,0.05
44.7,4.094174397440039,0.05
46.7,4.094205022179454,0.05
48.7,4.094234371762982,0.05
50.7,4.094279586060537,0.05
52.7,4.094306082939887,0.05
54.7,4.094332076694969,0.05
56.7,4.094357306825205,0.05
58.7,4.094381838328496,0.05
60.7,4.094405730877181,0.05
62.7,4.094387249508999,0.05
64.7,4.094346995423894,0.05
66.7,4.094306253626994,0.05
68.7,4.094329279096302,0.05
70.7,4.094370059766572,0.05
72.7,4.094361197982849,0.05
74.7,4.094349214845172,0.05
76.7,4.094336923871943,0.05
78.7,4.094324352682662,0.05
80.7,4.095097394808041,0.025
82.7,4.094297939097225,0.05
84.7,4.093201288495569,0.08267175921977546
86.7,4.092608827911518,0.1
88.7,4.094929083003157,0.025
90.7,4.094936285928487,0.025
92.7,4.094940606666843,0.025
94.7,4.094942281473234,0.025
96.7,4.094941527294616,0.025
98.7,4.094131867764737,0.05
100.7,4.09406743063241,0.05
102.7,4.094044229883559,0.05
104.7,4.094033085206826,0.05
106.7,4.09402237972079,0.05
108.7,4.0940120798505575,0.05
110.7,4.094002154753645,0.05
112.7,4.0939925760967295,0.05
114.7,4.093983317850615,0.05
116.7,4.09396227031103,0.05
118.7,4.093903756931874,0.05
120.7,4.093845497893898,0.05
122.7,4.093787474649589,0.05
124.7,4.093729670156093,0.05
126.7,4.093672068752307,0.05
128.70000000000002,4.093723810265832,0.05
130.70000000000002,4.093811042171693,0.05
132.70000000000002,4.093859605615014,0.05
134.70000000000002,4.093908321197669,0.05
136.70000000000002,4.093957178647841,0.05
138.70000000000002,4.093890184278973,0.05
140.70000000000002,4.093912504055495,0.05
142.70000000000002,4.093863004299701,0.05
144.70000000000002,4.093805117653566,0.05
146.70000000000002,4.093761307127399,0.05
148.70000000000002,4.0937175920571045,0.05
150.70000000000002,4.09367396672942,0.05
152.70000000000002,4.09363384604595,0.05
154.70000000000002,4.093597451398392,0.05
156.70000000000002,4.093561131947199,0.05
158.70000000000002,4.093524883593843,0.05
160.70000000000002,4.093488702564646,0.05
162.70000000000002,4.0934525853842825,0.05
164.70000000000002,4.093417525073274,0.05
166.70000000000002,4.093445033882438,0.05
168.70000000000002,4.093472597671082,0.05
170.70000000000002,4.093500213933093,0.05
172.70000000000002,4.093529810259096,0.05
174.70000000000002,4.0935617090727625,0.05
176.70000000000002,4.09359365394939,0.05
178.70000000000002,4.093614726829469,0.05
180.70000000000002,4.093609438752543,0.05
182.70000000000002,4.093541585315136,0.05
184.70000000000002,4.093459876114932,0.05
186.70000000000002,4.0933782051766725,0.05
188.70000000000002,4.093324439416687,0.05
190.70000000000002,4.093298695864861,0.05
192.70000000000002,4.093188528745748,0.05
194.70000000000002,4.093146344944748,0.05
196.70000000000002,4.093151187829024,0.05
198.70000000000002,4.0939596232131406,0.025
200.70000000000002,4.093991957374689,0.025
202.70000000000002,4.094022001768611,0.025
204.70000000000002,4.094049943633372,0.025
206.70000000000002,4.094079726716115,0.025
208.70000000000002,4.094112284924,0.025
210.70000000000002,4.094143215458207,0.025
212.70000000000002,4.094152118669401,0.025
214.70000000000002,4.094135907025314,0.025
216.70000000000002,4.094118435457914,0.025
218.70000000000002,4.094174358905893,0.025
220.70000000000002,4.091770761341876,0.1
222.70000000000002,4.091616273419477,0.1
224.70000000000002,4.091480572059956,0.1
226.70000000000002,4.09460432843429,0.0
228.70000000000002,4.094665938898631,0.0
230.70000000000002,4.09472280928045,0.0
232.70000000000002,4.094775325181933,0.0
234.70000000000002,4.094823840730312,0.0
236.70000000000002,4.094075902020872,0.024998196408486394
238.70000000000002,4.094890614444905,0.0
240.70000000000002,4.094929958371551,0.0
242.70000000000002,4.094966372516051,0.0
244.70000000000002,4.095000094718674,0.0
246.70000000000002,4.095031343408293,0.0
248.70000000000002,4.095060319187151,0.0
250.70000000000002,4.095087206286237,0.0
252.70000000000002,4.095111875273872,0.0
254.70000000000002,4.095133977074696,6.27275605014767e-06
256.7,4.095155339306573,-0.0
258.7,4.095175036700558,-0.0
260.7,4.095193856701716,-0.0
262.7,4.095211182704362,-0.0
264.7,4.095227581684915,-0.0
266.7,4.095242077910851,-0.0
268.7,4.095161241252934,0.0030142890428479
270.7,4.0952638266450005,0.0001286546971727
272.7,4.094635958684474,0.0205232327927189
274.7,4.095267519084886,4.0983503780217504e-05
276.7,4.0951686297319005,0.0034787069488548
278.7,4.094937976585894,0.0104486436440985
280.7,4.094461866710331,0.025
282.7,4.094426901403289,0.025
284.7,4.09521323927824,-0.0
286.7,4.095228167752087,-0.0
288.7,4.095242135186637,-0.0
290.7,4.095255218805802,-0.0
292.7,4.095267489534771,-0.0
294.7,4.09527901251421,-0.0
296.7,4.095289847572501,-0.0
298.7,4.0952226891174845,0.0024745721698898
300.7,4.0953027002969735,-0.0
302.7,4.094529142300301,0.025
304.7,4.095314944459663,-0.0
306.7,4.095324293279276,-0.0
308.70000000000005,4.095333125336147,0.0
310.70000000000005,4.095341481636788,0.0
312.70000000000005,4.095349399845571,0.0
314.70000000000005,4.095356914557559,0.0
316.70000000000005,4.095364057549057,0.0
318.70000000000005,4.09537085800771,0.0
320.70000000000005,4.095377342743821,0.0
322.70000000000005,4.09538353638441,0.0
324.70000000000005,4.0953894615514335,0.0
326.70000000000005,4.095395139025454,0.0
328.70000000000005,4.095400587895948,0.0
330.70000000000005,4.09540582569934,0.0
332.70000000000005,4.095410868545767,0.0
334.70000000000005,4.095415731235504,0.0
336.70000000000005,4.095420427365868,0.0
338.70000000000005,4.095424969429407,0.0
340.70000000000005,4.095429368904069,0.0
342.70000000000005,4.0954336363360095,0.0
344.70000000000005,4.0954377814156375,0.0
346.70000000000005,4.095441813047454,0.0
348.70000000000005,4.095445739414193,0.0
350.70000000000005,4.095449568035716,0.0
352.70000000000005,4.095453305823111,0.0
354.70000000000005,4.095456959128365,0.0
356.70000000000005,4.0954605337899865,0.0
358.70000000000005,4.09535611592899,0.0034521743374619314
360.70000000000005,4.0954672575442,0.0
362.70000000000005,4.095470647101423,0.0
364.70000000000005,4.094816476777481,0.020909568974330776
366.70000000000005,4.095472635495601,0.0
368.70000000000005,4.094690460805958,0.025
370.70000000000005,4.090692293317698,0.15
372.70000000000005,4.090642118358965,0.15
374.70000000000005,4.090575307359289,0.15
376.70000000000005,4.091165176296967,0.125
378.70000000000005,4.090207737331779,0.15
380.70000000000005,4.088386210487595,0.2
382.70000000000005,4.088916142079085,0.175
384.70000000000005,4.087959790107308,0.2
386.70000000000005,4.087089999324459,0.2207546737388166
388.70000000000005,4.085236733720459,0.27106509581244465
390.70000000000005,4.084756087331846,0.27180296971789886
392.70000000000005,4.07939548821813,0.42795401408967054
394.70000000000005,4.087874837276022,0.15531484991539218
396.70000000000005,4.088085355478823,0.1496075535208697
398.70000000000005,4.083575602651995,0.28675182167885344
400.70000000000005,4.085383771844219,0.22553717117054145
402.70000000000005,4.08449639969053,0.2496410786038579
404.70000000000005,4.082427050166828,0.2999803192060829
406.70000000000005,4.087509505274362,0.1330338927150511
408.70000000000005,4.081460157003316,0.325
410.70000000000005,4.087210030101501,0.1324612872115679
412.70000000000005,4.087881648675516,0.11379679487213964
414.70000000000005,4.084123504692973,0.22911471608712464
416.70000000000005,4.088982517485899,0.07775617450149638
418.70000000000005,4.088800215446213,0.08417119106984736
420.70000000000005,4.089091551431017,0.075
422.70000000000005,4.089214566017614,0.075
424.70000000000005,4.090171910558855,0.05
426.70000000000005,4.089560674800802,0.0750232000621404
428.70000000000005,4.089772981029278,0.07257933067908998
430.70000000000005,4.090563693043228,0.05009609425242283
432.70000000000005,4.090360284136783,0.05857140720329015
434.70000000000005,4.090452225426769,0.054160221457252855
436.70000000000005,4.090290739717331,0.057230802223417754
438.70000000000005,4.087236227597404,0.14999760925390432
440.70000000000005,4.089254470387371,0.08121204844715092
442.70000000000005,4.090624187248647,0.03678929396807186
444.70000000000005,4.091115084967073,0.025
446.70000000000005,4.091226163350023,0.025
448.70000000000005,4.091328374073063,0.025
450.70000000000005,4.091422439389195,0.025
452.70000000000005,4.091829465013578,0.014977436893844384
454.70000000000005,4.091591911976418,0.025
456.70000000000005,4.092461266096119,0.0
458.70000000000005,4.083729260727316,0.2789340513471952
460.70000000000005,4.086245003265242,0.1895439078834767
462.70000000000005,4.0851341942903225,0.2192438924604825
464.70000000000005,4.090386807467869,0.05136916186593415
466.70000000000005,4.090419032449232,0.05262792225707325
468.70000000000005,4.090504284073457,0.05195516482315606
470.70000000000005,4.090451188563773,0.05516437224237799
472.70000000000005,4.090594831088501,0.0499442780600989
474.70000000000005,4.090549500790011,0.050552729590827176
476.70000000000005,4.100161993498948,-0.25645559756711683
478.70000000000005,4.095536332779106,-0.09996290029060734
480.70000000000005,4.092070666969565,0.014672996362684397
482.70000000000005,4.091818776776216,0.02329932226112877
484.70000000000005,4.091753494014687,0.025
486.70000000000005,4.090957213229278,0.05
488.70000000000005,4.090926237039895,0.05
490.70000000000005,4.091638503146392,0.02500055110111181
492.70000000000005,4.090106097512971,0.075
494.70000000000005,4.0908733797961965,0.04999999999999882
496.70000000000005,4.090902460349405,0.05
498.70000000000005,4.091693585943139,0.025
500.70000000000005,4.091287452617585,0.036076132072978565
502.70000000000005,4.091660168504179,0.025003141350735017
504.70000000000005,4.091731282488765,0.025
506.70000000000005,4.0917683412477945,0.025
508.70000000000005,4.091799471157813,0.025
510.70000000000005,4.091055977019727,0.05
512.7,4.091076071043604,0.05
514.7,4.091860350912092,0.025
516.7,4.092679864549444,-0.0
518.7,4.092737359209818,-0.0
520.7,4.092790694311313,-0.0
522.7,4.092840206397267,-0.0
524.7,4.092886204590628,-0.0
526.7,4.0921480216970165,0.025
528.7,4.092147216777311,0.025
530.7,4.092146137646095,0.025
532.7,4.09214480573199,0.025
534.7,4.092143240721082,0.025
536.7,4.092141460698968,0.025
538.7,4.092139482281221,0.025
540.7,4.092137320733222,0.025
542.7,4.092134990080219,0.025
544.7,4.09213250320841,0.025
546.7,4.092129871957789,0.025
548.7,4.0921408326029045,0.025
550.7,4.092155603496806,0.025
552.7,4.092170260073193,0.025
554.7,4.092184810773243,0.025
556.7,4.0921992633542175,0.025
558.7,4.092213624945194,0.025
560.7,4.092227902098266,0.025
562.7,4.092242100835552,0.025
564.7,4.092256226692392,0.025
566.7,4.092270284757,0.025
568.7,4.092285054572093,0.025
570.7,4.093096066043969,-0.0
572.7,4.093129779935763,-0.0
574.7,4.093162545911975,-0.0
576.7,4.0931931328489695,-0.0
578.7,4.093221716004604,-0.0
580.7,4.093248456363787,-0.0
582.7,4.09327350180172,-0.0
584.7,4.093296988152328,-0.0
586.7,4.093319040189607,-0.0
588.7,4.093339772529002,-0.0
590.7,4.093359290455302,-0.0
592.7,4.093374761694506,-0.0
594.7,4.093392530263247,-0.0
596.7,4.093409319467074,-0.0
598.7,4.093425206894295,-0.0
600.7,4.093440263820152,-0.0
602.7,4.093454555721307,-0.0
604.7,4.0934681427484,-0.0
606.7,4.093481080160082,-0.0
608.7,4.0934934187216765,-0.0
610.7,4.093505205071355,-0.0
612.7,4.093516482056463,-0.0
614.7,4.0935272890424335,-0.0
616.7,4.093537662196528,-0.0
618.7,4.093547634748446,-0.0
620.7,4.093557237229698,-0.0
622.7,4.093566497693473,-0.0
624.7,4.093575441916574,-0.0
626.7,4.09358409358491,-0.0
628.7,4.093592474463859,-0.0
630.7,4.093600604554752,-0.0
632.7,4.093608502238598,-0.0
634.7,4.093616184408106,-0.0
636.7,4.093623666588929,-0.0
638.7,4.093630963051051,-0.0
640.7,4.0936380869110645,-0.0
642.7,4.093645050226147,-0.0
644.7,4.093651864080347,-0.0
646.7,4.093658538663862,-0.0
648.7,4.093665083345837,-0.0
650.7,4.093671506741243,-0.0
652.7,4.0936778167722965,-0.0
654.7,4.093684020724879,-0.0
656.7,4.093690125300356,-0.0
658.7,4.093696136663164,-0.0
660.7,4.0937018195182056,-0.0
662.7,4.093707693182704,-0.0
664.7,4.093713486724157,-0.0
666.7,4.093719204774252,-0.0
668.7,4.09372485159622,-0.0
670.7,4.093730431114826,-0.0
672.7,4.093735946943911,-0.0
674.7,4.093741402411689,-0.0
676.7,4.09374680058399,-0.0
678.7,4.093752144285594,-0.0
680.7,4.093757436119845,-0.0
682.7,4.093762678486649,-0.0
684.7,4.092977237011318,0.025
686.7,4.092965649951752,0.025
688.7,4.092956343896243,0.025
690.7,4.092949132645162,0.025
692.7,4.092933890212432,0.025
694.7,4.092896834029153,0.025
696.7,4.092861400280447,0.025
698.7,4.092827456455856,0.025
700.7,4.09279488084779,0.025
702.7,4.092779412893902,0.025
704.7,4.092767093812541,0.025
706.7,4.092727208639453,0.025
708.7,4.092706446762023,0.025
710.7,4.092714124179564,0.025
712.7,4.092728578448185,0.025
714.7,4.092743785832997,0.025
716.7,4.0927372585955695,0.025
718.7,4.092684709731782,0.025
720.7,4.092661126462975,0.025
722.7,4.092655750641547,0.025
724.7,4.09265086606841,0.025
726.7,4.092646432456668,0.025
728.7,4.092642412804372,0.025
730.7,4.092638773126737,0.025
732.7,4.092635482210211,0.025
734.7,4.092632511386568,0.025
736.7,4.092629834325424,0.025
738.7,4.092627426843676,0.025
740.7,4.092619397503749,0.025
742.7,4.0925993969422985,0.025
744.7,4.092579053244164,0.025
746.7,4.092555346638902,0.025
748.7,4.09254003799879,0.025
750.7,4.092538840044919,0.025
752.7,4.092540461063929,0.025
754.7,4.092560884782302,0.025
756.7,4.092562158614316,0.025
758.7,4.092517006290982,0.025
760.7,4.092471958048463,0.025
762.7,4.092455197081224,0.025
764.7,4.0924548059193695,0.025
766.7,4.092461393240751,0.025
768.7,4.0924693397724194,0.025
770.7,4.092477353390027,0.025
772.7,4.092485428404503,0.025
774.7,4.089331937187338,0.125
776.7,4.088998546965166,0.12572028135088
778.7,4.087894314349764,0.15
780.7,4.087868390762201,0.15
782.7,4.087120952875582,0.1748891572254015
784.7,4.088316201424859,0.125
786.7,4.088170665040336,0.125047226802355
788.7,4.08387700434188,0.2607770457173811
790.7,4.080726339976677,0.3467567077398558
792.7,4.087463649419742,0.125
794.7,4.084734171796185,0.2030193439770866
796.7,4.087127847025595,0.125
798.7,4.087064952112869,0.125
800.7,4.085498067001909,0.1750071409216155
802.7,4.086322952904943,0.15
804.7,4.086442435476754,0.1441842981196309
806.7,4.086165810383039,0.1500404401622854
808.7,4.087013494336109,0.125
810.7,4.086900986452367,0.125
812.7,4.087581865536615,0.1
814.7,4.087526256045909,0.1
816.7,4.087517614334431,0.1
818.7,4.088336149999938,0.075
820.7,4.090777430733533,-0.0
822.7,4.090922594193448,-0.0
824.7,4.091056457873066,-0.0
826.7,4.09117993942761,-0.0
828.7,4.091293881800611,-0.0
830.7,4.091399059307518,-0.0
832.7,4.091496183223938,-0.0
834.7,4.0915859069188265,-0.0
836.7,4.091668830569696,-0.0
838.7,4.091745505493866,-0.0
840.7,4.0918164381270286,-0.0
842.7,4.091882093677843,-0.0
844.7,4.091942899484944,-0.0
846.7,4.091999248100595,-0.0
848.7,4.092047962160928,-0.0
850.7,4.092096725297166,-0.0
852.7,4.0921420050342485,-0.0
854.7,4.092184082708275,-0.0
856.7,4.092223216757514,-0.0
858.7,4.092259644586886,-0.0
860.7,4.092293584280631,-0.0
862.7,4.09190418949145,0.0135622122262682
864.7,4.092346680673347,-0.0
866.7,4.092374927279777,-0.0
868.7,4.087617911965651,0.15
870.7,4.08910730525386,0.1000067021600494
872.7,4.089803863538477,0.075
874.7,4.092156917776346,-0.0
876.7,4.092204458024116,-0.0
878.7,4.092248605101882,-0.0
880.7,4.092289633026314,-0.0
882.7,4.092327793513528,-0.0
884.7,4.092363317794812,-0.0
886.7,4.092396418284518,-0.0
888.7,4.092427290112145,-0.0
890.7,4.092456112529677,-0.0
892.7,4.092483050204329,-0.0
894.7,4.092508254406037,-0.0
896.7,4.092531864098256,-0.0
898.7,4.092540557672265,-0.0
900.7,4.092561824353601,0.0
902.7,4.092581810930143,-0.0
904.7,4.092600619490352,-0.0
906.7,4.092618343820494,-0.0
908.7,4.092635070080573,-0.0
910.7,4.092650877425244,-0.0
912.7,4.092665838574162,-0.0
914.7,4.092680020335886,-0.0
916.7,4.092693484089141,-0.0
918.7,4.092701844980745,0.0001427542003326
920.7,4.092705231269781,-0.0
922.7,4.092717312479397,-0.0
924.7,4.09272883876954,-0.0
926.7,4.0927398532896015,-0.0
928.7,4.09275039568527,-0.0
930.7,4.091364203012961,0.0448006511300202
932.7,4.091070623149534,0.05
934.7,4.0917412317697455,0.025
936.7,4.091687818586492,0.025
938.7,4.091640344864801,0.0248553335067199
940.7,4.092429880800835,-0.0
942.7,4.092449301542399,-0.0
944.7,4.092467558463648,-0.0
946.7,4.092484744343781,-0.0
948.7,4.092500944417245,-0.0
950.7,4.0925162369879935,-0.0
952.7,4.092530693993721,-0.0
954.7,4.092544381524166,-0.0
956.7,4.092557360297212,-0.0
958.7,4.092569686096223,-0.0
960.7,4.092581410171773,-0.0
962.7,4.092592579610661,-0.0
964.7,4.092603237674892,-0.0
966.7,4.092613424113046,-0.0
968.7,4.092623175446302,-0.0
970.7,4.092632525231173,-0.0
972.7,4.09264150430085,-0.0
974.7,4.0926501409868905,-0.0
976.7,4.092658461322865,-0.0
978.7,4.092666489231419,-0.0
980.7,4.0926742466961015,-0.0
982.7,4.092681753919207,-0.0
984.7,4.092689029466767,-0.0
986.7,4.092696090401735,-0.0
988.7,4.092702952406324,-0.0
990.7,4.092709629894391,-0.0
992.7,4.091335451553353,0.040206466970039
994.7,4.090919942522504,0.0527024359623628
996.7,4.090289860505603,0.0710389738311566
998.7,4.090955211804237,0.0473623607558602
1000.7,4.090524716200724,0.0591263844889791
1002.7,4.090544124741939,0.0563511704613535
1004.7,4.1191114571099865,-0.8290115433774874
1006.7,4.121136810328272,-0.8500728890199767
1008.7,4.108518869134556,-0.4202741460288671
1010.7,4.094707505435317,0.025
1012.7,4.094503185191779,0.025
1014.7,4.0899236525681895,0.1646086976857141
1016.7,4.024041050691721,2.2331250105688545
1018.7,3.964895515573589,3.941436085275723
1020.7,4.070423486399115,0.48477751171694
1022.7,4.073194689846938,0.3837884620246077
1024.7,4.078544181695717,0.215485352068325
1026.7,4.079415934157177,0.1956979400566925
1028.7,4.0777467725073215,0.2446016816127222
1030.7,4.078178373237486,0.2402396823499346
1032.7,4.063205910518725,0.7182151151526858
1034.7,4.075193862304458,0.3064977567975481
1036.7,4.077639283999934,0.2297390683067623
1038.7,4.078158040646989,0.2242488630651797
1040.7,4.084353440645595,0.0327335577082846
1042.7,4.067636737220302,0.5756507512484678
1044.7,4.0803122092305815,0.1604653198800778
1046.7,4.080985331446837,0.1399467426766087
1048.7,4.080792107207895,0.1476607701211804
1050.7,4.08120061258114,0.1427488079493629
1052.7,4.082030211938283,0.1237058206401695
1054.7,4.0850772187958855,0.0340540964473975
1056.7,4.084898559898488,0.0489289339416932
1058.7,4.085187755712444,0.0472745535731056
1060.7,4.085847935238813,0.0332996236842031
1062.7,4.085738396117794,0.0432961069093207
1064.7,4.0858496952542485,0.0454069065449983
1066.7,4.086260396808987,0.0390125091653624
1068.7,4.086391272398727,0.0411632151589994
1070.7,4.086648602648199,0.0381664991532286
1072.7,4.086506855500864,0.0473925101902146
1074.7,4.087017762366551,0.035143302716334
1076.7,4.08685656386067,0.0433026538644747
1078.7,4.086887386477125,0.0443726719262534
1080.7,4.08706680585704,0.0404077608186878
1082.7,4.087216973396525,0.037216059861038
1084.7,4.104246607248482,-0.5057070293164466
1086.7,4.068154337263259,0.6893427572229023
1088.7,3.808659959967376,8.876591905369981
1090.7,3.921614919352524,4.85967619897467
1092.7,4.018001373918276,1.658615187315181
1094.7,4.023644917981527,1.4427605955812126
1096.7,4.030421927582941,1.1977058032042025
1098.7,4.068722148016968,-0.0275235635479645
1100.7,4.067782051817174,0.0487271480005828
1102.7,4.069355275348299,0.0380865583925481
1104.7,4.050331010464378,0.68186910185157
1106.7,4.049560794663338,0.7106644339987412
1108.7,4.04062896242254,0.9940011186856752
1110.7,3.9612851221320815,3.5037797872727885
1112.7,4.052154501591644,0.4303222236394891
1114.7,4.0562344703976105,0.3337334461561598
1116.7,4.057221325699576,0.3283525996120622
1118.7,4.057192542368735,0.3488619368961985
1120.7,4.056733549148364,0.3870605802843559
1122.7,4.057928119037981,0.3657034027524349
1124.7,4.058681968282362,0.3544236260935018
1126.7,4.059389666815203,0.35189961268514
1128.7,4.0595401494087495,0.3596317425294489
1130.7,4.059831571461066,0.363534310756908
1132.7,4.059737465347216,0.3788738005434929
1134.7,4.069793598241237,0.0645626957973287
1136.7,4.055342372766223,0.5582012297398863
1138.7,4.067469050301518,0.1583941748652439
1140.7,4.071887044811488,0.0353097394713401
1142.7,4.071459994412776,0.0721990777062406
1144.7,4.108932577185639,-1.114659440167212
1146.7,4.138282069128653,-1.9786290216182487
1148.7,4.142404934793151,-1.991229482960568
1150.7,4.135983914083694,-1.68708496864794
1152.7,4.107955842339694,-0.7007817329212475
1154.7,4.084813545105978,0.0697394151168558
1156.7,4.085186258755788,0.0476391034021891
1158.7,4.084625805778326,0.05918852364823
1160.7,4.076960663267871,0.3008738483483856
1162.7,4.081767794488569,0.1304466426811436
1164.7,4.075485155416954,0.3183952118229608
1166.7,4.080610082922592,0.1277868154162474
1168.7,4.07735163574387,0.2276030397329169
1170.7,4.082085911214321,0.061436244893183
1172.7,4.082619210180111,0.0432163249932817
1174.7,4.082687421585399,0.039502869169786
1176.7,4.082478924926828,0.0447591139607316
1178.7,4.082593628717157,0.0394261363220711
1180.7,4.082183975777976,0.0514414154648938
1182.7,4.082055984692127,0.0536595567782225
1184.7,4.082115624607972,0.0498477382708421
1186.7,4.082444007285595,0.0372224380268808
1188.7,4.08209684617596,0.0468947931918719
1190.7,4.082312368112458,0.0404877380752487
1192.7,4.082328849273679,0.0394752657595851
1194.7,4.088955537071358,-0.1715708608317047
1196.7,4.082430579542138,0.0475763352385451
1198.7,4.079610388438407,0.1345656418465271
1200.7,4.078274522619355,0.1735896606240433
1202.7,4.0774935573581175,0.1909799354238718
1204.7,4.076988033476854,0.1964968010520862
1206.7,4.080116891523483,0.088657713969495
1208.7,4.080879897490686,0.0659558681473795
1210.7,4.082203545736253,0.0228294768783388
1212.7,4.0820555652862485,0.0295659846050347
1214.7,4.081483551437072,0.0490349584932228
1216.7,4.081501156242804,0.0505928553746413
1218.7,4.058835219042779,0.7963073044135632
1220.7,3.826435187373328,8.22344473020669
1222.7,3.812884022256048,8.300530839798558
1224.7,4.031648067714498,0.9258839390957346
1226.7,4.078397095305277,-0.5893091303193614
1228.7,4.099049603690433,-1.1600592096193312
1230.7,4.097482196607453,-1.009690316456935
1232.7,4.095050221306394,-0.8466027229764703
1234.7,4.0963535330901815,-0.8263121386376795
1236.7,4.09786275208676,-0.812385625592391
1238.7,4.096710284050676,-0.7095261383319131
1240.7,4.095832276925676,-0.63021383807987
1242.7,4.087233472000036,-0.3093816342893256
1244.7,4.080508475436759,-0.06887927579239284
1246.7,4.074616153081412,0.13328592880801451
1248.7,4.07115671319411,0.24755400816454112
1250.7,4.069932823052011,0.28435001801688237
1252.7,4.070191035673236,0.2711545699237693
1254.7,4.070492050659812,0.2535567428888165
1256.7,4.070606634721356,0.24938090355813286
1258.7,4.068789340508047,0.2982111523100353
1260.7,4.07174554668229,0.1968285132049555
1262.7,4.067614146878282,0.32796262137466364
1264.7,4.070393586820478,0.2348637474095121
1266.7,4.069393137577435,0.25723563580049563
1268.7,4.069278643449182,0.2617598369629039
1270.7,4.07124218576817,0.19299219906021753
1272.7,4.071293406918962,0.19106840578912496
1274.7,4.071093709246151,0.20211219331144956
1276.7,4.070456074316656,0.230051311685292
1278.7,4.059042031677367,0.603574318015702
1280.7,4.057343634523538,0.6397196427752456
1282.7,4.059888343195472,0.5340027367411034
1284.7,4.074337835253487,0.06061040122015525
1286.7,4.069493814918439,0.22583467609032484
1288.7,4.067237706607166,0.2975015676136831
1290.7,4.064092092274667,0.3964760230819532
1292.7,4.060624321668678,0.494500913627482
1294.7,4.062957209041827,0.417530699515474
1296.7,4.01195671280822,2.0610094950828275
1298.7,3.995495581189196,2.5211231135356575
1300.7,3.9870140537164547,2.6942266176912018
1302.7,3.981682863906053,2.7715843499022235
1304.7,3.9805457948726732,2.709469909946904
1306.7,4.03321503612658,0.9237852005521118
1308.7,4.025866786800742,1.157456221449846
1310.7,4.049233840402245,0.3755370042013651
1312.7,3.9774303000389413,2.76233484281819
1314.7,3.9684702768300824,2.9749999999999766
1316.7,3.963818175961596,3.040655700653784
1318.7,4.046949950017649,0.19393277446526636
1320.7,4.054150015755496,0.007397651623005275
1322.7,4.01313810109389,1.4211735260049667
1324.7,4.054881341819811,0.015027497003610519
1326.7,4.155597146793207,-3.1918542428794447
1328.7,4.119499692353634,-1.7759327054331218
1330.7,3.8840958586414707,6.054921091677928
1332.7,3.6804957642734033,12.494850307534355
1334.7,4.045335686258899,-0.035301384594330854
1336.7,4.0471943461518345,-0.022644943062159417
1338.7,4.048834593431502,-0.009178273176292535
1340.7,3.9225270597371553,4.255497251703446
1342.7,3.9598929451238423,2.840936351344508
1344.7,4.036411954282914,0.20474538965477673
1346.7,4.046012355918889,-0.04602922080783261
1348.7,4.012976671142435,1.1140804498292305
1350.7,4.043412208252684,0.08919726534850231
1352.7,4.1143524829100375,-2.2559105883863846
1354.7,3.8811733509220683,5.704122858809102
1356.7,3.8735577145953335,5.748980695661698
1358.7,3.9405246707201065,3.2906318794960843
1360.7,4.037549408213217,-0.03492785012999628
1362.7,4.039658986359326,-0.02599083267515766
1364.7,4.041272668092518,-0.00634261812009751
1366.7,4.044116272659681,-0.03374584011292763
1368.7,4.075578173211788,-1.0306423996018665
1370.7,4.148283003464801,-3.374751093863478
1372.7,4.15259803362398,-3.300866121572532
1374.7,4.130583630089586,-2.357924080490781
1376.7,4.101098550851232,-1.2324195989913398
1378.7,4.099994946750974,-1.1265326292735849
1380.7,4.093078274857967,-0.8229932387895043
1382.7,4.083401258963047,-0.46310863772361727
1384.7,4.0741134441509,-0.13147348196033526
1386.7,4.068829421388347,0.05
1388.7,4.068735889128122,0.050170138834541286
1390.7,4.0657102476813725,0.15001282603185329
1392.7,4.065251052737068,0.15832494763970195
1394.7,4.068374658425187,0.05
1396.7,4.067598619331747,0.075
1398.7,4.068264245762322,0.05011109619067007
1400.7,4.068251592363516,0.05
1402.7,4.068597800190385,0.03779145805925237
1404.7,4.068997857177857,0.025
1406.7,4.069768083775484,0.0
1408.7,4.069830321184224,0.0
1410.7,4.069891137442851,0.0
1412.7,4.069950630470653,0.0
1414.7,4.069259165467987,0.025
1416.7,4.069283380778229,0.025
1418.7,4.069316320314174,0.025
1420.7,4.069354694714793,0.025
1422.7,4.06939412078263,0.025
1424.7,4.069434500471389,0.025
1426.7,4.06947574363035,0.025
1428.7,4.069517767373238,0.025
1430.7,4.069560495497528,0.025
1432.7,4.0696119993174165,0.025
1434.7,4.069664724581669,0.025
1436.7,4.0696975001948905,0.025
1438.7,4.069730673121486,0.025
1440.7,4.069784646120514,0.025
1442.7,4.069833614253715,0.025
1444.7,4.069851319014203,0.025
1446.7,4.069869303195663,0.025
1448.7,4.069887531177005,0.025
1450.7,4.069905970241838,0.025
1452.7,4.0699245903461385,0.025
1454.7,4.069943363904474,0.025
1456.7,4.0699622655933245,0.025
1458.7,4.069981272170109,0.025
1460.7,4.070000571150326,0.02499999999999845
1462.7,4.070787926798264,0.0
1464.7,4.070856115603617,0.0
1466.7,4.070922022699746,0.0
1468.7,4.070985816431297,0.0
1470.7,4.071047651757591,0.0
1472.7,4.071107671321505,0.0
1474.7,4.071166006432962,0.0
1476.7,4.0712227779738885,0.0
1478.7,4.071278097230873,0.0
1480.7,4.071332066661324,0.0
1482.7,4.071384780598434,0.0
1484.7,4.071436325899837,0.0
1486.7,4.071486782544446,0.0
1488.7,4.071536224181637,0.0
1490.7,4.071584718636552,0.0
1492.7,4.07163232837505,0.0
1494.7,4.071679110931521,0.0
1496.7,4.071725119302535,0.0
1498.7,4.071770402309033,0.0
1500.7,4.071815004929609,0.0
1502.7,4.07185896860716,0.0
1504.7,4.071902331531048,0.0
1506.7,4.071945128896727,0.0
1508.7,4.071987393144628,0.0
1510.7,4.07202915417997,0.0
1512.7,4.072070439575011,0.0
1514.7,4.07211127475515,0.0
1516.7,4.072151683170159,0.0
1518.7,4.072191686451746,0.0
1520.7,4.072231304558526,0.0
1522.7,4.0722705559094186,0.0
1524.7,4.072309457506397,0.0
1526.7,4.072348025047416,0.0
1528.7,4.072386273030343,0.0
1530.7,4.072424214848572,0.0
1532.7,4.072461862879009,0.0
1534.7,4.07249922856303,0.0
1536.7,4.072536322480972,0.0
1538.7,4.072573154420675,0.0
1540.7,4.072609733440551,0.0
1542.7,4.072646067927621,0.0
1544.7,4.072682165650903,0.0
1546.7,4.072718033810559,0.0
1548.7,4.072753679083093,0.0
1550.7,4.072789107662962,0.0
1552.7,4.072824325300848,0.0
1554.7,4.07285933733888,0.0
1556.7,4.072894148743046,0.0
1558.7,4.072928764133015,0.0
1560.7,4.072963187809577,0.0
1562.7,4.072997423779894,0.0
1564.7,4.073031475780731,0.0
1566.7,4.073065347299839,0.0
1568.7,4.073099041595628,0.0
1570.7,4.073132561715265,0.0
1572.7,4.073165910511335,0.0
1574.7,4.073199090657167,0.0
1576.7,4.073232104660942,0.0
1578.7,4.073264954878664,0.0
1580.7,4.073297643526112,0.0
1582.7,4.071058610500712,0.075
1584.7,4.070945736910411,0.075
1586.7,4.070839764076661,0.075
1588.7,4.071470066309674,0.050096444500895815
1590.7,4.063074282435791,0.32500000000000207
1592.7,4.063611851064648,0.3
1594.7,4.062600655207884,0.325
1596.7,4.066777354845397,0.17503202341176663
1598.7,4.067342337801295,0.15
1600.7,4.068098684053794,0.125
1602.7,4.068215102440345,0.12114841994651
1604.7,4.068068477672454,0.125
1606.7,4.06582462230586,0.196809863454872
1608.7,4.064823406033571,0.2249999999999908
1610.7,4.067673001906512,0.125
1612.7,4.067581528070286,0.125000000000003
1614.7,4.062176296617932,0.3054669037008134
1616.7,4.045381605589404,0.8661819450697884
1618.7,4.019083665450211,1.713281649364381
1620.7,3.9787307154405123,2.99493629669591
1622.7,4.060028685807813,0.14138042017437877
1624.7,4.060834477673774,0.12744606478372925
1626.7,4.054419242170491,0.36451403033334334
1628.7,4.040952558575758,0.8154321475420555
1630.7,4.059863892620062,0.15730136149475624
1632.7,4.060872290047327,0.13694158663735068
1634.7,4.045473234839291,0.6766274149102388
1636.7,4.044935982767728,0.671569358395925
1638.7,4.047901595745689,0.5568008101723896
1640.7,4.0600108097796,0.15057057045922811
1642.7,4.059303468404848,0.18884615619121187
1644.7,4.051599764301314,0.44630982706968814
1646.7,4.0518114681963375,0.44416587943980307
1648.7,4.045761287491701,0.6504363224538208
1650.7,4.037068794295732,0.9284412813753761
1652.7,4.036022199286841,0.9272767369915876
1654.7,4.036769868032301,0.8823412762618996
1656.7,4.021119793054232,1.3798122325784787
1658.7,3.997389455801512,2.1552421605406002
1660.7,3.6605039654816633,13.589213066031709
1662.7,3.542956369298694,17.05416971928933
1664.7,3.6410038526253783,13.049685423270494
1666.7,3.692228467576066,10.854615278910277
1668.7,3.954755216836483,1.2485578582373598
1670.7,3.9992981139579213,-0.1641302667185396
1672.7,4.004377230561268,-0.15889228026977786
1674.7,4.086863959830201,-2.835984463547335
1676.7,4.076492630681451,-2.187562559228996
1678.7,4.084357895672322,-2.2068405969610527
1680.7,4.0798226100588595,-1.8263648938304988
1682.7,4.064535949106581,-1.111033607910393
1684.7,4.0363172693790865,-0.018842471017603352
1686.7,4.037748451718208,0.0014031664808321284
1688.7,4.03976292438029,-0.004999048878848852
1690.7,4.041419717218257,-0.004156934861149318
1692.7,4.042719443702889,0.004093574728041295
1694.7,4.043698613501849,0.019234001196478098
1696.7,4.129949611886794,-2.896817781890406
1698.7,4.114338718967865,-2.1633934618125035
1700.7,4.074701274343321,-0.6511256911568949
1702.7,4.074710986439345,-0.5944887583547901
1704.7,4.074399847583374,-0.5469435864910843
1706.7,4.073815376592892,-0.49111316397056476
1708.7,4.073265830637948,-0.43601593996020777
1710.7,4.072399549633168,-0.38146303095020395
1712.7,4.072267333023177,-0.3462971265766536
1714.7,4.058206991120211,0.15237366371514827
1716.7,4.064519701276162,-0.06662980132391998
1718.7,4.061025591296537,0.06388827389041099
1720.7,4.060892672242228,0.06764716171747158
1722.7,4.06470983712355,-0.06769979413611647
1724.7,4.05576135683403,0.24911084643340478
1726.7,4.055195415704024,0.24130615818343257
1728.7,4.062138770324087,-0.0067284290611320345
1730.7,4.068158889853208,-0.20990755101533512
1732.7,4.067579527450272,-0.17500000000000948
1734.7,4.079707067788643,-0.5721708200292699
1736.7,4.062454257264262,0.05313819930524511
1738.7,4.0495459051184035,0.4739109810285673
1740.7,4.05187170011194,0.375
1742.7,4.066026373853608,-0.13135393656646221
1744.7,4.065696873121591,-0.10884388663550468
1746.7,4.048877819859196,0.4758675704772504
1748.7,4.074687515581871,-0.43982117271234883
1750.7,4.071353728128939,-0.30216884620291473
1752.7,4.046279856102563,0.5893011683107732
1754.7,4.021545580620249,1.4175521641589126
1756.7,3.9918782167031983,2.3843077319879957
1758.7,4.047442139737023,0.36128245238821843
1760.7,4.047066027414363,0.37828517674708123
1762.7,4.039405451103163,0.6308247514574986
1764.7,4.048353266230498,0.3127890526345599
1766.7,4.038724221691588,0.6576532255485444
1768.7,4.037053645645323,0.6926549352742317
1770.7,4.043997994341539,0.4288560475053963
1772.7,4.052857782410502,0.12430030063921903
1774.7,4.040620152927107,0.5465628073813036
1776.7,4.040860734727731,0.539775372856872
1778.7,4.064072184291948,-0.26121274807594536
1780.7,4.056165143545785,0.04345912067884826
1782.7,4.026693746139911,1.0929376984853025
1784.7,3.9916977533233675,2.255736932493932
1786.7,3.96643266228973,3.043747343552977
1788.7,3.961771338993191,3.080627069426248
1790.7,3.9537281342154205,3.259002834831448
1792.7,3.945176685687532,3.4353824391120895
1794.7,3.963528076182116,2.6775368514866456
1796.7,3.977103354420395,2.1376022095376856
1798.7,4.008786707319305,0.981469566820465
1800.7,4.017504265316126,0.6945503586075179
1802.7,4.020073677059613,0.629623216512364
1804.7,4.000449317090346,1.350154041261543
1806.7,4.007148499292943,1.1017966639711194
1808.7,4.007423714709679,1.0990393256162312
1810.7,4.007165620633758,1.110429821172476
1812.7,4.007086835616666,1.1034155877577236
1814.7,4.015800217007614,0.7944071071933881
1816.7,4.055037825175552,-0.5577102709975207
1818.7,4.0598523871557815,-0.6491668226453189
1820.7,4.061389051290341,-0.6178196310559987
1822.7,4.062253963414668,-0.575909009895802
1824.7,4.062208050626476,-0.5202983987556706
1826.7,4.063701266522206,-0.5076089955535271
1828.7,4.064797839332542,-0.506097257161563
1830.7,4.070179225445783,-0.6370894255695513
1832.7,4.070442588857801,-0.5945635278995833
1834.7,4.069867842758752,-0.52970760253751
1836.7,4.06946093245501,-0.4736317536691917
1838.7,4.068697242326508,-0.4166196215633698
1840.7,4.067746092561129,-0.3532842776933514
1842.7,4.0505245249388055,0.2731250220953778
1844.7,4.05532998083734,0.0985106785634742
1846.7,4.055565737787598,0.0918044553090102
1848.7,4.045098021228333,0.4617884408929414
1850.7,4.046630316820081,0.380648292675449
1852.7,4.045988860761183,0.3890494354805583
1854.7,4.056702751894314,0.0001033195820917
1856.7,4.0545405928054254,0.087211049357695
1858.7,4.052439313465264,0.1666040102872343
1860.7,4.046999937337297,0.3575510826869284
1862.7,4.049122341669535,0.2699978726765276
1864.7,4.052062093184894,0.163217158336615
1866.7,4.052066131227622,0.161089162224874
1868.7,4.057804173051313,-0.0511251919932387
1870.7,4.047267722200957,0.3292859175698208
1872.7,4.045127415467018,0.40680798977269
1874.7,4.04979455953874,0.2295643619606483
1876.7,4.049683042397907,0.2271948701182829
1878.7,4.049673663717229,0.2351100341575294
1880.7,4.051318551600892,0.1757200039464729
1882.7,4.064840935951947,-0.305473824595088
1884.7,4.064509412951422,-0.2669813749748759
1886.7,4.06364269003765,-0.2243713541075511
1888.7,4.075825759190627,-0.6232589593233061
1890.7,4.071633611470973,-0.4500013934553184
1892.7,4.059982854058153,-0.0004763009355674
1894.7,4.060020539848328,-0.0
1896.7,4.055944210673461,0.1441282755975925
1898.7,4.057611038122048,0.074996252548955
1900.7,4.059001511403627,0.025
1902.7,4.058330946052046,0.05
1904.7,4.057554108867215,0.0764361194926279
1906.7,4.057549799206941,0.075
1908.7,4.058265450545454,0.0500000872464468
1910.7,4.05837934285022,0.05
1912.7,4.057807630173072,0.0749840310136021
1914.7,4.058559439635463,0.05
1916.7,4.058742877380093,0.0442720969179227
1918.7,4.0578686173103575,0.075
1920.7,4.057707770736571,0.0823474252601008
1922.7,4.05862061503154,0.05
1924.7,4.058591054157046,0.0527470208339327
1926.7,4.059449321108249,0.025
1928.7,4.060233649582706,-0.0
1930.7,4.060332034448544,-0.0
1932.7,4.060426261580614,-0.0
1934.7,4.060516642797162,-0.0
1936.7,4.059913829366557,0.025
1938.7,4.059992125316156,0.025
1940.7,4.060020259178032,0.025
1942.7,4.060035099490964,0.025
1944.7,4.060049374606604,0.025
1946.7,4.060063115504559,0.025
1948.7,4.060076350786548,0.025
1950.7,4.06008910686298,0.025
1952.7,4.06010140812489,0.025
1954.7,4.060113277102359,0.025
1956.7,4.060050258545186,0.0276916369796492
1958.7,4.059385018800892,0.05
1960.7,4.060173728675307,0.0199340334649448
1962.7,4.060786027319424,-0.0
1964.7,4.060865915017528,-0.0
1966.7,4.060942868869522,-0.0
1968.7,4.0610171054941455,-0.0
1970.7,4.061088824552788,-0.0
1972.7,4.061158210081178,-0.0
1974.7,4.061225431716489,-0.0
1976.7,4.061290645828047,-0.0
1978.7,4.061353996559237,-0.0
1980.7,4.061415616787576,-0.0
1982.7,4.061475629009356,-0.0
1984.7,4.061534146154835,-0.0
1986.7,4.061591272339365,-0.0
1988.7,4.061647103555552,-0.0
1990.7,4.061701728311027,-0.0
1992.7,4.061755228216146,-0.0
1994.7,4.061807678525505,-0.0
1996.7,4.061859148636945,-0.0
1998.7,4.061909702551344,-0.0
2000.7,4.061959399296315,-0.0
2002.7,4.062008293316601,-0.0
2004.7,4.062056434833828,-0.0
2006.7,4.062103870177996,-0.0
2008.7,4.062150642092921,-0.0
2010.7,4.0621967900177065,-0.0
2012.7,4.062242350346094,-0.0
2014.7,4.062287356665445,-0.0
2016.7,4.062331839976963,-0.0
2018.7,4.0623758288986,-0.0
2020.7,4.062419349852045,-0.0
2022.7,4.062462427235018,-0.0
2024.7,4.062505083580027,-0.0
2026.7,4.062547339700667,-0.0
2028.7,4.062589214826422,-0.0
2030.7,4.062630726726878,-0.0
2032.7,4.062671891826187,-0.0
2034.7,4.062712725308534,-0.0
2036.7,4.062753241215327,-0.0
2038.7,4.062793452534749,-0.0
2040.7,4.062833371284285,-0.0
2042.7,4.06287300858675,-0.0
2044.7,4.062912374740369,-0.0
2046.7,4.062951479283339,-0.0
2048.7000000000003,4.062990331053324,-0.0
2050.7000000000003,4.063028938242273,-0.0
2052.7000000000003,4.063067308446948,-0.0
2054.7000000000003,4.063105448715463,-0.0
2056.7000000000003,4.0631433655901885,-0.0
2058.7000000000003,4.063181065147271,-0.0
2060.7000000000003,4.06321855303306,-0.0
2062.7000000000003,4.063255834497667,-0.0
2064.7000000000003,4.063292914425899,-0.0
2066.7000000000003,4.063329797365748,-0.0
2068.7000000000003,4.063366487554659,-0.0
2070.7000000000003,4.063402988943731,-0.0
2072.7000000000003,4.063439305220007,-0.0
2074.7000000000003,4.063475439827033,-0.0
2076.7000000000003,4.063511395983785,-0.0
2078.7000000000003,4.063547176702126,-0.0
2080.7000000000003,4.0116065703793495,1.79248417980869
2082.7000000000003,4.024177577856448,1.2723429404310287
2084.7000000000003,4.024166292644195,1.2241202544137073
2086.7000000000003,4.0235234596323055,1.1950757477631797
2088.7000000000003,4.014321408819144,1.4863848366717565
2090.7000000000003,4.038698242424445,0.5571005735760503
2092.7000000000003,4.039838185418128,0.5211703834380945
2094.7000000000003,4.043492766846144,0.3778794626595512
2096.7000000000003,4.052626021967658,0.0582625922106426
2098.7000000000003,4.071013777070498,-0.5880335164532797
2100.7000000000003,4.100959045179152,-1.59228366718351
2102.7000000000003,4.09041973864065,-1.1062819867975788
2104.7000000000003,4.059538028806359,0.066978062871411
2106.7000000000003,4.025791203564375,1.2736514561159755
2108.7000000000003,4.009018758223464,1.7967159864475817
2110.7000000000003,4.00683121934332,1.806688607547677
2112.7000000000003,4.030104574786238,0.8853252196319416
2114.7000000000003,4.013895779489498,1.458992715212952
2116.7000000000003,4.012511158998074,1.458118924857052
2118.7000000000003,4.024379991800928,0.9876186313596016
2120.7000000000003,4.032602225609507,0.6680536725434026
2122.7000000000003,4.045568697667124,0.1973930932634794
2124.7000000000003,4.050150156964526,0.0553623507740951
2126.7000000000003,4.070638596899134,-0.6675567497748802
2128.7000000000003,4.07360628805283,-0.6856586179049293
2130.7000000000003,4.027492503576254,1.0131513094805111
2132.7000000000003,4.018806121234173,1.279291506983875
2134.7000000000003,4.029794054927674,0.8425989138760167
2136.7000000000003,4.042416638059342,0.3752081992036269
2138.7000000000003,4.040504408469515,0.455985856549914
2140.7000000000003,4.034156772077017,0.6850261067532822
2142.7000000000003,4.028436587059972,0.8756510502010373
2144.7000000000003,4.047649328216035,0.1576797544914068
2146.7000000000003,4.0503758897907,0.0772002274105313
2148.7000000000003,4.051031622436259,0.0704619306655412
2150.7000000000003,4.0519913801104,0.0521274685791956
2152.7000000000003,4.0524440925133085,0.0534292678611985
2154.7000000000003,4.052665193228327,0.0612564769598776
2156.7000000000003,4.048340935205884,0.2311572959198553
2158.7000000000003,4.053398146107652,0.0611728674408754
2160.7000000000003,4.054127570309534,0.0499214499544247
2162.7000000000003,4.054001156354772,0.0684049998657151
2164.7000000000003,4.054356322342354,0.0677685310323595
2166.7000000000003,4.054724576447627,0.0656488095857979
2168.7000000000003,4.054964318491955,0.0661455577379523
2170.7000000000003,4.078951572806116,-0.7842668866108022
2172.7000000000003,4.087879471213145,-1.0413060761739978
2174.7000000000003,4.078509853581227,-0.6445255454438016
2176.7000000000003,4.063501164653133,-0.075
2178.7000000000003,4.0601323519816335,0.05
2180.7000000000003,4.060127845069276,0.0500002181722602
2182.7000000000003,4.060113163724241,0.05
2184.7000000000003,4.06004015602171,0.05
2186.7000000000003,4.060071206768158,0.05
2188.7000000000003,4.060753403587608,0.025
2190.7000000000003,4.060758484533783,0.025
2192.7000000000003,4.060763700972455,0.025
2194.7000000000003,4.061325684445849,0.0046077140583166
2196.7000000000003,4.061515608394234,-0.0
2198.7000000000003,4.061577955265941,-0.0
2200.7000000000003,4.060915156739425,0.025
2202.7000000000003,4.060939668285749,0.025
2204.7000000000003,4.060275691830179,0.05
2206.7000000000003,4.060307920100474,0.05
2208.7000000000003,4.060303305748458,0.05
2210.7000000000003,4.0603012032748005,0.05
2212.7000000000003,4.060314205899786,0.05
2214.7000000000003,4.060304065006404,0.05
2216.7000000000003,4.060234182065798,0.05
2218.7000000000003,4.060953725885602,0.025
2220.7000000000003,4.060998217232366,0.025
2222.7000000000003,4.061041917819207,0.025
2224.7000000000003,4.061084879942983,0.025
2226.7000000000003,4.061127151846202,0.025
2228.7000000000003,4.061168778034261,0.025
2230.7000000000003,4.061209799567835,0.025
2232.7000000000003,4.0612502543323945,0.025
2234.7000000000003,4.061290177286607,0.025
2236.7000000000003,4.061329600691303,0.025
2238.7000000000003,4.060681588559294,0.05
2240.7000000000003,4.060691191602269,0.05
2242.7000000000003,4.0607961405212505,0.046667421276969
2244.7000000000003,4.060787150915124,0.0471836206952634
2246.7000000000003,4.060784640523447,0.0468010028639917
2248.7000000000003,4.060785340873628,0.0465050768763193
2250.7000000000003,4.060772817160483,0.0466299612654005
2252.7000000000003,4.060836941179387,0.0436453592896328
2254.7000000000003,4.060680856949895,0.05
2256.7000000000003,4.060762002381782,0.0482256568898477
2258.7000000000003,4.060864722121568,0.0452527374000431
2260.7000000000003,4.061509831106142,0.0229752099320902
2262.7000000000003,4.062213522409363,-0.0
2264.7000000000003,4.06228954216493,-0.0
2266.7000000000003,4.062362005129952,-0.0
2268.7000000000003,4.062431179878693,-0.0
2270.7000000000003,4.062497314006944,-0.0
2272.7000000000003,4.062560635773616,-0.0
2274.7000000000003,4.062621355613877,-0.0
2276.7000000000003,4.062679667533852,-0.0
2278.7000000000003,4.062735750396198,-0.0
2280.7000000000003,4.062789769105051,-0.0
2282.7000000000003,4.062841875698261,-0.0
2284.7000000000003,4.062892210354128,-0.0
2286.7000000000003,4.062940902319369,-0.0
2288.7000000000003,4.06298807076446,-0.0
2290.7000000000003,4.063033825572031,-0.0
2292.7000000000003,4.063078268063581,-0.0
2294.7000000000003,4.063121491669298,-0.0
2296.7000000000003,4.063163582545476,-0.0
2298.7000000000003,4.063204620143616,-0.0
2300.7000000000003,4.063244677734976,-0.0
2302.7000000000003,4.063283822894084,-0.0
2304.7000000000003,4.063322117944402,-0.0
2306.7000000000003,4.063359620369128,-0.0
2308.7000000000003,4.063396383189827,-0.0
2310.7000000000003,4.063432455315457,-0.0
2312.7000000000003,4.0634678818640575,-0.0
2314.7000000000003,4.063502704459281,-0.0
2316.7000000000003,4.063536961503711,-0.0
2318.7000000000003,4.06357068843079,-0.0
2320.7000000000003,4.063603917937036,-0.0
2322.7000000000003,4.063636680196083,-0.0
2324.7000000000003,4.063669003055978,-0.0
2326.7000000000003,4.063700912221024,-0.0
2328.7000000000003,4.063732431419416,-0.0
2330.7000000000003,4.063763582557731,-0.0
2332.7000000000003,4.063794385863353,-0.0
2334.7000000000003,4.063824860015735,-0.0
2336.7000000000003,4.063855022267399,-0.0
2338.7000000000003,4.063884888555459,-0.0
2340.7000000000003,4.063914473604432,-0.0
2342.7000000000003,4.063943791020981,-0.0
2344.7000000000003,4.063972853381266,-0.0
2346.7000000000003,4.064001672311446,-0.0
2348.7000000000003,4.064030258561886,-0.0
2350.7000000000003,4.064058622075559,-0.0
2352.7000000000003,4.064086772051089,-0.0
2354.7000000000003,4.06411471700087,-0.0
2356.7000000000003,4.064142464804626,-0.0
2358.7000000000003,4.064170022758795,-0.0
2360.7000000000003,4.064197397622033,-0.0
2362.7000000000003,4.06422459565717,-0.0
2364.7000000000003,4.064251622669869,-0.0
2366.7000000000003,4.064278484044283,-0.0
2368.7000000000003,4.064305184775891,-0.0
2370.7000000000003,4.064331729501798,-0.0
2372.7000000000003,4.064358122528635,-0.0
2374.7000000000003,4.064384367858298,-0.0
2376.7000000000003,4.060173976679459,0.1440690202387165
2378.7000000000003,4.059951237638129,0.1402620416039126
2380.7000000000003,4.059843062860865,0.136740097120222
2382.7000000000003,4.060053807588276,0.125250798758761
2384.7000000000003,4.060194307366178,0.1225791852142949
2386.7000000000003,4.060124142051753,0.123023536887115
2388.7000000000003,4.0600274955498055,0.1238663999201959
2390.7000000000003,4.058148850743983,0.1888921903300676
2392.7000000000003,4.059459677795765,0.1270275473372176
2394.7000000000003,4.067848451397233,-0.1834936383217961
2396.7000000000003,4.069487421411048,-0.2174216917588536
2398.7000000000003,4.073331497203764,-0.340377849052472
2400.7000000000003,4.06217015625048,0.0790860321920082
2402.7000000000003,4.04827484466715,0.5748950493195891
2404.7000000000003,4.029171993403981,1.237063260841667
2406.7000000000003,3.5715839924588715,17.731793392091376
2408.7000000000003,4.025976661453153,0.1140719917275411
2410.7000000000003,4.121463137701456,-3.229463344287191
2412.7000000000003,4.08729335247705,-1.7063354336777574
2414.7000000000003,4.049736435683094,-0.2172750658334098
2416.7000000000003,4.056605094909799,-0.404359898378222
2418.7000000000003,4.044950754160178,0.083949006101288
2420.7000000000003,4.047081216685219,0.0429362624164822
2422.7000000000003,4.037510044329472,0.4158126348511219
2424.7000000000003,4.025514609962125,0.860649395511151
2426.7000000000003,4.031292138153241,0.6428839943002891
2428.7000000000003,4.046545402913561,0.0983082882756435
2430.7000000000003,4.019292410503343,1.1189988794560175
2432.7000000000003,4.021246003309787,1.0132606449545296
2434.7000000000003,4.021147257306118,1.0021562923910254
2436.7000000000003,3.5845415986056355,17.102083937331383
2438.7000000000003,3.831819746128753,7.049284120469418
2440.7000000000003,4.021345958473116,-0.0423098750226438
2442.7000000000003,4.0234575994141855,-0.0156097350398109
2444.7000000000003,4.090295457979674,-2.4015388367966355
2446.7000000000003,4.087609081967459,-2.0964648026011146
2448.7000000000003,4.069136305617069,-1.2351001319411958
2450.7000000000003,4.036792228197978,0.1089854410334015
2452.7000000000003,4.012400008202958,1.0645790883829256
2454.7000000000003,3.976159034204672,2.378242913803685
2456.7000000000003,3.988552945749571,1.8419185312408837
2458.7000000000003,4.036326729654964,0.0377670076306372
2460.7000000000003,4.037669083227942,0.0408487695968544
2462.7000000000003,4.038881669405311,0.0449806076086322
2464.7000000000003,4.039664621816146,0.0611472315492391
2466.7000000000003,4.041029943237372,0.0512129543338732
2468.7000000000003,4.064774236321468,-0.8061981209877157
2470.7000000000003,4.055241868841097,-0.3861111454245809
2472.7000000000003,4.057289855683965,-0.3979075509436516
2474.7000000000003,4.08007910528802,-1.174968131696244
2476.7000000000003,4.062400488752121,-0.4229436593375123
2478.7000000000003,4.051084661661385,0.0340465252725099
2480.7000000000003,4.0349297567694125,0.6575653456824896
2482.7000000000003,4.0271289849086624,0.9101624795095354
2484.7000000000003,4.0450532450270105,0.2316000533994285
2486.7000000000003,4.012929530729454,1.4247937843267815
2488.7000000000003,4.0111862535114495,1.431100402140252
2490.7000000000003,4.009930728450209,1.425483635429344
2492.7000000000003,4.010881467027079,1.3347246920560858
2494.7000000000003,4.044019200187151,0.0645470589416918
2496.7000000000003,4.044890446293799,0.0584777268879527
2498.7000000000003,4.045192136322176,0.074913956780659
2500.7000000000003,4.045035169861165,0.1035224841436171
2502.7000000000003,4.073852679105771,-0.9339441900365696
2504.7000000000003,4.076205517955342,-0.9545491833913972
2506.7000000000003,4.092640565750983,-1.4824228858001869
2508.7000000000003,4.082627466182154,-1.0256229310742964
2510.7000000000003,4.067839642921169,-0.4279841387142319
2512.7000000000003,4.063703557200976,-0.2475651615095921
2514.7000000000003,4.055705367566135,0.0711352847993942
2516.7000000000003,4.058416905524367,-0.0314265821881824
2518.7000000000003,4.023839922410056,1.244641548865359
2520.7000000000003,4.020962524066925,1.295337095618185
2522.7000000000003,4.044461717909831,0.3530594450791768
2524.7000000000003,4.045081107567989,0.3228295584638483
2526.7000000000003,4.040273956060164,0.4857958581531701
2528.7000000000003,4.051344140614565,0.0589539434819107
2530.7000000000003,4.0507958879683486,0.0870458714942482
2532.7000000000003,4.044904170069447,0.3087001927601528
2534.7000000000003,4.036465881190902,0.6182088021289563
2536.7000000000003,4.036179550435467,0.604379864445081
2538.7000000000003,4.050070538569146,0.0747071623094049
2540.7000000000003,4.050223423419832,0.0785358449851363
2542.7000000000003,4.0506118740586645,0.0725799771301038
2544.7000000000003,4.039651857020461,0.4960493558523399
2546.7000000000003,4.026843792904019,0.9478760278735192
2548.7000000000003,4.04974619733566,0.0709918810360547
2550.7000000000003,4.049983032583618,0.0742353696938566
2552.7000000000003,4.051597553357801,0.0377601365276165
2554.7000000000003,4.052195416182872,0.0247875055271181
2556.7000000000003,4.040980665045914,0.4483325927321987
2558.7000000000003,4.028676147079061,0.8939886022165275
2560.7000000000003,4.026637926093004,0.9329543326903714
2562.7000000000003,4.026604689785505,0.92738272618887
2564.7000000000003,4.0439100783460935,0.2224168849834084
2566.7000000000003,4.030446126388302,0.7558095965592082
2568.7000000000003,4.023346367525538,1.0053263658242335
2570.7000000000003,4.045248780259106,0.1411100375895295
2572.7000000000003,4.047879505309616,0.058488479438269
2574.7000000000003,4.031607589535484,0.703865130643021
2576.7000000000003,4.025164183125601,0.9341975078852433
2578.7000000000003,4.03694709045346,0.4323682440862805
2580.7000000000003,4.037503673567386,0.4130025929796138
2582.7000000000003,4.036957632919498,0.4310229868716513
2584.7000000000003,4.037105998768956,0.4202405803919365
2586.7000000000003,4.028172510352416,0.7752562936270506
2588.7000000000003,4.027231736684322,0.7953104034313369
2590.7000000000003,4.023811620933435,0.913449176622802
2592.7000000000003,4.025090826286971,0.8498790932881514
2594.7000000000003,4.024943476456416,0.8347504418353415
2596.7000000000003,4.031965591500401,0.5471933057565916
2598.7000000000003,4.036931444360796,0.3585902224339006
2600.7000000000003,4.0302234575690985,0.6353948311526377
2602.7000000000003,4.023968950149444,0.8787093878451924
2604.7000000000003,4.023386691210955,0.8808582448738596
2606.7000000000003,4.035471503072008,0.3983249484212731
2608.7000000000003,4.032131434149941,0.5463593192664552
2610.7000000000003,4.029836117339109,0.6461454937693855
2612.7000000000003,4.03445882396807,0.4631176195442391
2614.7000000000003,4.035842656956304,0.4147070616586353
2616.7000000000003,4.033264150990052,0.5279083104834872
2618.7000000000003,4.033787805279596,0.4980434209410317
2620.7000000000003,4.040057352673475,0.2595479248598783
2622.7000000000003,4.017355947092973,1.1556564152551991
2624.7000000000003,4.009410943120439,1.4315471050823427
2626.7000000000003,4.0094671116079095,1.390212625104802
2628.7000000000003,4.007543713953628,1.4433513827129762
2630.7000000000003,3.5959448087690515,17.136047126637614
2632.7000000000003,4.023619606082854,-0.1226011497626062
2634.7000000000003,4.121588404571071,-3.6856187515305576
2636.7000000000003,4.105193482062167,-2.840352964116032
2638.7000000000003,4.095927526797359,-2.309215103036773
2640.7000000000003,4.037352491812308,0.0486578164306697
2642.7000000000003,4.025939033251432,0.531215235285042
2644.7000000000003,3.972301111504748,2.595229899493758
2646.7000000000003,3.9943748498023055,1.6554149963207312
2648.7000000000003,4.000116845977029,1.423872791683763
2650.7000000000003,4.00290886283558,1.3001516929604755
2652.7000000000003,4.00816254484546,1.0914476386092216
2654.7000000000003,4.00888349605488,1.063648195090767
2656.7000000000003,4.004928679973423,1.2212357669034706
2658.7000000000003,4.005997920625365,1.174234315540568
2660.7000000000003,4.026206832350613,0.3878105564029496
2662.7000000000003,4.036226274679266,0.0337720275841827
2664.7000000000003,4.001679203879646,1.3953524095237442
2666.7000000000003,3.9744483589235657,2.404084462833206
2668.7000000000003,3.975380552086499,2.2988458930997497
2670.7000000000003,3.986987786381288,1.8148516919328528
2672.7000000000003,4.000450321391527,1.266242713212891
2674.7000000000003,4.032278593988423,0.0296384554240213
2676.7000000000003,4.014047648438784,0.7706521220078535
2678.7000000000003,4.0242168749847504,0.4065668842554409
2680.7000000000003,3.9891645525373782,1.7590312691247083
2682.7000000000003,3.985223774212606,1.8713199129484064
2684.7000000000003,3.987921935767627,1.7307476011296905
2686.7000000000003,4.02148077851298,0.4095504140421925
2688.7000000000003,4.032323569587223,0.0234347971585559
2690.7000000000003,4.002278289289334,1.2146053451922645
2692.7000000000003,3.963794415914521,2.664756747167612
2694.7000000000003,3.975485204654551,2.1375200420558658
2696.7000000000003,3.999155189250868,1.1998023754300449
2698.7000000000003,4.000504284697825,1.1457371423912803
2700.7000000000003,3.985760325242397,1.6846135741563608
2702.7000000000003,3.992950058740351,1.3951532668082418
2704.7000000000003,4.026194628705583,0.1281570568702025
2706.7000000000003,3.9915598257652136,1.4688594680291278
2708.7000000000003,3.661096303657516,14.252603028873974
2710.7000000000003,3.8987105753374176,4.419727237960109
2712.7000000000003,4.11485848086317,-3.970615700166769
2714.7000000000003,4.118432283221833,-3.845042145022622
2716.7000000000003,4.0946350988586415,-2.687447536310329
2718.7000000000003,4.045248122874249,-0.6300946178081074
2720.7000000000003,3.978715180851015,1.998682008322888
2722.7000000000003,3.5692203657576678,17.5900239992613
2724.7000000000003,3.966616976393495,1.649483155761202
2726.7000000000003,4.009864034129464,0.030772964400195
2728.7000000000003,4.019157789986705,-0.254305556387238
2730.7000000000003,4.057098615335423,-1.6186499376487498
2732.7000000000003,4.0831908689559535,-2.4741986155696862
2734.7000000000003,4.020931535316991,0.1148029668331037
2736.7000000000003,4.022896253003433,0.0836879895262503
2738.7000000000003,4.038233257920844,-0.4747150682247739
2740.7000000000003,4.065109236949419,-1.444502470833238
2742.7000000000003,4.055311496388838,-0.9577579682486878
2744.7000000000003,4.030278985724799,0.0664950782695971
2746.7000000000003,4.043407754965041,-0.4002915286304013
2748.7000000000003,4.039902304587965,-0.2229923921066008
2750.7000000000003,4.038321782071864,-0.1431433184806783
2752.7000000000003,4.036937658165387,-0.073460262328465
2754.7000000000003,4.033805108315173,0.0658770299094859
2756.7000000000003,4.027885425641282,0.3079887132069642
2758.7000000000003,4.022162196070688,0.5277937583116485
2760.7000000000003,4.016489840949536,0.7383368799889711
2762.7000000000003,4.016002948224865,0.7310637153063182
2764.7000000000003,4.015578905164466,0.7303799243743441
2766.7000000000003,4.0227998030607175,0.4386374578311965
2768.7000000000003,4.023327961124561,0.4225691817608235
2770.7000000000003,4.022918609381741,0.4358393177157197
2772.7000000000003,4.022106000340775,0.4637993879304011
2774.7000000000003,4.019044402975837,0.572955027007236
2776.7000000000003,4.012841107435407,0.8013593224531854
2778.7000000000003,3.9770394570443863,2.159656062260217
2780.7000000000003,3.578737770985261,17.152841611972022
2782.7000000000003,4.004793051950924,-0.0824338869632391
2784.7000000000003,4.006551948891716,-0.0620301407547985
2786.7000000000003,4.007251557276089,-0.0072199352448809
2788.7000000000003,4.076462785319829,-2.5947234021862435
2790.7000000000003,4.087719919397047,-2.808612934487048
2792.7000000000003,4.018920999042515,0.0186147194866202
2794.7000000000003,4.02020998035205,0.0149477088722242
2796.7000000000003,4.020921472246237,0.0285369642855753
2798.7000000000003,4.022934435918677,-0.0129685082113067
2800.7000000000003,4.022695639586382,0.031861747500974
2802.7000000000003,4.02381335766537,0.0214772055016598
2804.7000000000003,4.02545486868326,-0.011940268225276
2806.7000000000003,4.0526393204308855,-1.0478322580279849
2808.7000000000003,4.074323762803431,-1.7825382852455482
2810.7000000000003,4.074997546676175,-1.7045744711742263
2812.7000000000003,4.032865964075102,0.068532231720138
2814.7000000000003,4.066175812669337,-1.1930257906812387
2816.7000000000003,4.046724387602112,-0.391753135832057
2818.7000000000003,4.06525384688032,-1.0728578534166893
2820.7000000000003,4.083773949060324,-1.7418143752367314
2822.7000000000003,4.038604701699729,0.0385700080704253
2824.7000000000003,4.03720299287444,0.0874834334782083
2826.7000000000003,4.036946895537748,0.0926588456098693
2828.7000000000003,4.036943762496244,0.0838264916072793
2830.7000000000003,4.027917021270343,0.4356755787283955
2832.7000000000003,4.024891110101748,0.5198339057342608
2834.7000000000003,4.035432497116245,0.0886054590066667
2836.7000000000003,4.051366562028879,-0.5362768491562007
2838.7000000000003,4.077719294862847,-1.5055616537886916
2840.7000000000003,4.081249296465395,-1.559627649578737
2842.7000000000003,4.070418814476029,-1.0753537727757192
2844.7000000000003,4.055169842131544,-0.4478374989283558
2846.7000000000003,4.039454523339987,0.1634937434847185
2848.7000000000003,4.0127993003713325,1.1637156393210693
2850.7000000000003,4.026126731914429,0.6000336620525826
2852.7000000000003,4.021936595074227,0.727579618478819
2854.7000000000003,4.018347014361784,0.8196571023704339
2856.7000000000003,4.014706011901199,0.922855834187988
2858.7000000000003,3.5762342433875567,17.69913026296764
2860.7000000000003,3.991319770029703,0.6788265631764585
2862.7000000000003,4.049612818648738,-1.5267469308314463
2864.7000000000003,4.077605438663295,-2.4667177505309748
2866.7000000000003,4.016408834478942,0.0715010418113131
2868.7000000000003,4.017553981986143,0.0654648104509898
2870.7000000000003,4.018402253775872,0.0709718498765101
2872.7000000000003,4.020118938952586,0.0389598833910296
2874.7000000000003,4.020436092673155,0.0645161251427093
2876.7000000000003,4.021220356842936,0.0682456418583495
2878.7000000000003,4.033376483202242,-0.3537976366597121
2880.7000000000003,4.05502298053443,-1.1295478399910803
2882.7000000000003,4.02479634596801,0.1042127526867207
2884.7000000000003,3.997507418355516,1.1608689629803912
2886.7000000000003,3.990317311036529,1.39290761776727
2888.7000000000003,3.996976766204184,1.0863357658415151
2890.7000000000003,4.017397902078884,0.2747633802813532
2892.7000000000003,4.023719048292812,0.048485395673764
2894.7000000000003,4.017410554845871,0.3189119024768725
2896.7000000000003,4.024408692682278,0.0578808244798871
2898.7000000000003,4.023999661121844,0.0947359626339329
2900.7000000000003,4.025298514076685,0.0599271223875672
2902.7000000000003,4.025339897615927,0.0763426063266751
2904.7000000000003,4.008584803446382,0.7392657255995735
2906.7000000000003,4.025780738507688,0.0552880122479216
2908.7000000000003,4.025716775653565,0.0724912966842704
2910.7000000000003,4.025832908511959,0.0835815625586903
2912.7000000000003,4.026631144800044,0.0668771193350651
2914.7000000000003,4.016164477677476,0.4796830735834107
2916.7000000000003,4.00903587737324,0.7459579841619203
2918.7000000000003,4.026061029594735,0.0820704452396017
2920.7000000000003,4.025338303201362,0.1176084039335903
2922.7000000000003,4.026360617025263,0.0893040130940016
2924.7000000000003,4.027074839571601,0.0735212589067894
2926.7000000000003,4.027023229812168,0.0892135492769605
2928.7000000000003,4.027999938052368,0.0605992326017203
2930.7000000000003,4.016722488189137,0.4968129051344152
2932.7000000000003,4.027796654459196,0.0600259005305584
2934.7000000000003,4.028107556033823,0.056460046935656
2936.7000000000003,4.028021487777123,0.0725371269432616
2938.7000000000003,4.027670133058432,0.0918927402925529
2940.7000000000003,4.028184909064125,0.0786245383517055
2942.7000000000003,4.0277808462304,0.102480392931767
2944.7000000000003,4.028672300798716,0.0750730910762724
2946.7000000000003,4.033264539263294,-0.0973443127519366
2948.7000000000003,4.067332717572204,-1.3779449650444235
2950.7000000000003,4.044169208015978,-0.4169434752827294
2952.7000000000003,4.032046990693047,0.068870408935944
2954.7000000000003,4.033182992094498,0.0267186629737404
2956.7000000000003,4.032999499005959,0.0367204074892246
2958.7000000000003,4.032996755259391,0.0409700332403091
2960.7000000000003,4.033242083521848,0.0357170775688733
2962.7000000000003,4.032745613268622,0.0556590692346027
2964.7000000000003,4.035769011204774,-0.0610306167595999
2966.7000000000003,4.036580092889227,-0.0833800875712822
2968.7000000000003,4.03326487806514,0.050466471069471
2970.7000000000003,4.033185986215277,0.0554717157330519
2972.7000000000003,4.0337134453958425,0.0340049536689143
2974.7000000000003,4.032892028871175,0.0665805395840477
2976.7000000000003,4.032846748475047,0.0687289071512487
2978.7000000000003,4.056885847238017,-0.85546117182678
2980.7000000000003,4.052678037091348,-0.6545908183715741
2982.7000000000003,4.055351440710482,-0.7275643298482775
2984.7000000000003,4.04948512894166,-0.472110167444172
2986.7000000000003,4.039179482038394,-0.0469088299937045
2988.7000000000003,4.007884334734563,1.1626478097428272
2990.7000000000003,4.002516030477105,1.311276561264013
2992.7000000000003,4.030075752879569,0.1792418753931631
2994.7000000000003,4.032696684086017,0.0765878683851156
2996.7000000000003,4.030569177825138,0.1619143620852526
2998.7000000000003,3.999696141913162,1.3343509130321745
3000.7000000000003,4.006677985863595,0.9808517675760527
3002.7000000000003,4.009437519337656,0.8528436989969601
3004.7000000000003,4.003253614730803,1.0608276227461937
3006.7000000000003,3.9834609638656047,1.7667663456378322
3008.7000000000003,3.999587595506686,1.0900448593020728
3010.7000000000003,3.998620385187211,1.0909702594673327
3012.7000000000003,3.599804027250405,16.511409810567468
3014.7000000000003,3.561577440452422,17.201825880680623
3016.7000000000003,3.993172597497855,-0.2020338566483299
3018.7000000000003,4.111146793268692,-4.586207237035056
3020.7000000000003,3.999417946153868,0.0868601562920497
3022.7000000000003,3.643782910549075,13.922362609760842
3024.7000000000003,3.863925884524469,4.45803186861401
3026.7000000000003,4.054507968644432,-2.897694527594361
3028.7000000000003,4.014546206055022,-1.0601872832677934
3030.7000000000003,4.105911210149615,-4.40628799910662
3032.7000000000003,4.080467492643069,-3.110566250641136
3034.7000000000003,4.072369464837963,-2.5914499210853448
3036.7000000000003,3.994457625842896,0.5773032365296165
3038.7000000000003,3.9930382022463218,0.6408440941421097
3040.7000000000003,3.9942202402295433,0.600593619847702
3042.7000000000003,3.855118899005615,5.4961258412055845
3044.7000000000003,3.994597670300804,0.0290958592614119
3046.7000000000003,3.9962535527700296,0.0299390425379577
3048.7000000000003,3.9975920408431,0.0390781272249662
3050.7000000000003,3.998791029197296,0.0509341279865521
3052.7000000000003,4.0011583635503465,0.0127852172286542
3054.7000000000003,4.002614758560957,0.0071780177883562
3056.7000000000003,3.995044401166661,0.3113064222997576
3058.7000000000003,3.986734860274647,0.6834151987729067
3060.7000000000003,3.98031122643609,0.9487479336610656
3062.7000000000003,3.971444644393821,1.284889200451811
3064.7000000000003,3.971018745772403,1.2739904922290224
3066.7000000000003,4.00292488034972,0.0301706553350293
3068.7000000000003,4.001893344234962,0.1152075148871568
3070.7000000000003,4.004151727141655,0.0624546341752206
3072.7000000000003,4.004906051441941,0.0647148055314418
3074.7000000000003,4.005498189487195,0.0708643443827194
3076.7000000000003,4.005835103562322,0.0852835373525252
3078.7000000000003,4.006496241304696,0.0847735544096492
3080.7000000000003,4.007331088032689,0.0788632171615451
3082.7000000000003,4.007347082852438,0.1036558588700479
3084.7000000000003,4.009752609216671,0.0350511745328646
3086.7000000000003,4.026957921973668,-0.5974271671705382
3088.7000000000003,4.027182745749816,-0.5503412901625431
3090.7000000000003,4.028433976013891,-0.5541347354544565
3092.7000000000003,4.015723013099351,-0.0097053526748415
3094.7000000000003,4.0142899246764845,0.057659035400245
3096.7000000000003,4.014842303839341,0.0468585393649729
3098.7000000000003,4.014685840894895,0.0645220883837333
3100.7000000000003,4.015438226012503,0.0459244398968753
3102.7000000000003,4.015386668948825,0.0596273109518369
3104.7000000000003,4.002514836674538,0.5781213221046893
3106.7000000000003,3.936724254486064,3.067335764401539
3108.7000000000003,3.940284059622544,2.784186735238808
3110.7000000000003,3.931970504831442,2.9514847038302774
3112.7000000000003,4.004613244411089,0.0681447426629841
3114.7000000000003,4.00627045544449,0.0325181706355958
3116.7000000000003,4.006565154013435,0.0483164962886626
3118.7000000000003,4.00700427060099,0.0564683365747673
3120.7000000000003,4.00786507109986,0.0476178103603635
3122.7000000000003,4.028220721056643,-0.7110164606634737
3124.7000000000003,4.024395904931128,-0.5031668241531155
3126.7000000000003,4.0108541350477545,0.0589837993540703
3128.7000000000003,4.03120763743447,-0.7178841880257316
3130.7000000000003,4.021729794895877,-0.2826361493443141
3132.7000000000003,4.0138475728714536,0.0446852505910939
3134.7000000000003,3.9830656864333833,1.2424265316211582
3136.7000000000003,3.9778880828682666,1.4002003958484708
3138.7000000000003,3.988556066889408,0.9151646225013146
3140.7000000000003,4.004667761892,0.2633339437538576
3142.7000000000003,4.008443396752736,0.1274297687665327
3144.7000000000003,3.9968926810301815,0.5769228028388239
3146.7000000000003,3.996318082977301,0.5850497569723546
3148.7000000000003,4.009170145529674,0.0818355080997376
3150.7000000000003,4.010026181712286,0.0637495255747033
3152.7000000000003,4.010429719905234,0.0626933337797448
3154.7000000000003,4.014983524466504,-0.1031330581563754
3156.7000000000003,4.025732104865419,-0.4927499538082969
3158.7000000000003,4.025196775550526,-0.4332727440525776
3160.7000000000003,3.998053109168259,0.663816198281708
3162.7000000000003,3.9991309489025495,0.6019141101884066
3164.7000000000003,4.020578249802388,-0.2385600558703841
3166.7000000000003,4.033823743378683,-0.7344990396433609
3168.7000000000003,4.035828505068078,-0.7527021139297363
3170.7000000000003,4.03711886204289,-0.7641684159003711
3172.7000000000003,4.038620185430957,-0.7702037275779703
3174.7000000000003,4.060784269980154,-1.5900406328220544
3176.7000000000003,4.071211409672835,-1.9021457456166453
3178.7000000000003,4.081425732379555,-2.200347879186824
3180.7000000000003,4.060313008537142,-1.2758777232240537
3182.7000000000003,4.039735044020637,-0.4218232924926376
3184.7000000000003,4.022916640416612,0.2398050887769681
3186.7000000000003,4.016579740113898,0.4520741570361947
3188.7000000000003,4.014364362626578,0.5006529876541341
3190.7000000000003,4.017955656519828,0.3232937327892894
3192.7000000000003,3.989452461162759,1.409003745715562
3194.7000000000003,4.027411366012638,-0.1348187217203156
3196.7000000000003,4.022263948069068,0.0661393199897143
3198.7000000000003,4.0223879501155295,0.0545053921587434
3200.7000000000003,4.01927109276959,0.1722090738790211
3202.7000000000003,3.997087585574692,1.0081487890403389
3204.7000000000003,3.995470896293509,1.0255409138804117
3206.7000000000003,3.99962382873164,0.809145305916882
3208.7000000000003,3.980455017012589,1.5228277129095518
3210.7000000000003,3.977230586395917,1.563798770618712
3212.7000000000003,3.981346688251569,1.333011404216013
3214.7000000000003,3.986227949866725,1.09291220326342
3216.7000000000003,3.984832407928376,1.1112533464358392
3218.7000000000003,3.880872489450342,5.104958782331478
3220.7000000000003,3.9520861558668727,2.128043156340134
3222.7000000000003,3.9746383158802536,1.178528577259936
3224.7000000000003,3.983795061984408,0.79802039313662
3226.7000000000003,3.973000152076189,1.2043855038613651
3228.7000000000003,3.983710810395321,0.7485863899229724
3230.7000000000003,4.001385223581696,0.0664113384415422
3232.7000000000003,4.001538705657842,0.0957212912766965
3234.7000000000003,3.956555862356019,1.8577298817972392
3236.7000000000003,3.569767440414763,16.9628918491817
3238.7000000000003,3.9857720528627727,-0.0340696424279796
3240.7000000000003,3.987447061237188,-0.0311424961645978
3242.7000000000003,3.988098278749373,0.0074341139224606
3244.7000000000003,3.989248120900839,0.0217752554633142
3246.7000000000003,3.990426217800505,0.0300454393897687
3248.7000000000003,3.991313705718433,0.0458182026547198
3250.7000000000003,3.992273638353747,0.0549916080731865
3252.7000000000003,3.959713264005345,1.3397439308432644
3254.7000000000003,3.982241052667805,0.4316159184370547
3256.7000000000003,3.974629914475786,0.7457213794156126
3258.7000000000003,3.993712441941916,-0.0103271560592354
3260.7000000000003,3.993412353503905,0.0441712949431675
3262.7000000000003,3.9940093562471577,0.059388489862861
3264.7000000000003,3.996064346500895,0.0156538256493242
3266.7000000000003,3.984929556083417,0.48343705325567
3268.7000000000003,3.982217436286442,0.5977222183993752
3270.7000000000003,3.9735844693046176,0.9451398290642452
3272.7000000000003,3.963384303873265,1.3059060502329891
3274.7000000000003,3.958953952107484,1.438385008054848
3276.7000000000003,3.9589088118283455,1.4025577466175316
3278.7000000000003,3.974624110024198,0.7355960072309782
3280.7000000000003,3.9930292908843033,0.0353920096446725
3282.7000000000003,4.03819644755107,-1.6263097709092165
3284.7000000000003,3.962934347855579,1.4022810013269422
3286.7000000000003,3.9389421578031567,2.2672379144541823
3288.7000000000003,3.960102147040072,1.3447525894368002
3290.7000000000003,3.995099086072032,-0.0579408435479773
3292.7000000000003,3.99388385455315,0.028284840653353
3294.7000000000003,3.994584851639372,0.0351008648087723
3296.7000000000003,3.995266364674439,0.0395279775607722
3298.7000000000003,3.9957812069981897,0.0490043676001393
3300.7000000000003,4.0231154860687965,-0.9900041503057706
3302.7000000000003,4.051173431188468,-1.9746420200829184
3304.7000000000003,4.037567827014186,-1.3144705152616896
3306.7000000000003,4.020800887450172,-0.5996159575300335
3308.7000000000003,4.031573964004904,-0.9747430884899784
3310.7000000000003,4.037646537604049,-1.1454177160900627
3312.7000000000003,4.043439935697755,-1.2938574600801522
3314.7000000000003,4.045967169307562,-1.3187622527601124
3316.7000000000003,4.035873950173775,-0.8713837850689516
3318.7000000000003,4.0136314715866845,0.025
3320.7000000000003,4.0134870901964215,0.025
3322.7000000000003,4.013378352573059,0.025
3324.7000000000003,4.013281496272172,0.025
3326.7000000000003,4.013194337022778,0.025
3328.7000000000003,3.999852285927078,0.5501651804847396
3330.7000000000003,3.9596784235806486,2.080403952962727
3332.7000000000003,3.985237735636052,0.9203750878093504
3334.7000000000003,4.006836197208039,0.0516283255857958
3336.7000000000003,4.042363861451992,-1.3325242862419728
3338.7000000000003,4.007787404307313,0.1165160610436
3340.7000000000003,3.981785573736509,1.113551162933869
3342.7000000000003,3.9277722421770114,3.154408202718764
3344.7000000000003,3.9559814485639024,1.8491536036139824
3346.7000000000003,3.556864120185151,17.267986960039913
3348.7000000000003,3.9737090664712778,0.1099776683047342
3350.7000000000003,3.978086263889955,0.0021350931764959
3352.7000000000003,3.978896778441179,0.0316188962342435
3354.7000000000003,3.9802272526155935,0.0358436248691709
3356.7000000000003,3.981535721025455,0.0374351268077824
3358.7000000000003,3.982467543261672,0.0525436377286844
3360.7000000000003,3.981725349471926,0.1320132430683105
3362.7000000000003,3.9620192169049546,0.9212056998717676
3364.7000000000003,3.96346106975714,0.8635136457574285
3366.7000000000003,3.9637546385977895,0.8419167747566532
3368.7000000000003,3.954027625024785,1.2075211942679334
3370.7000000000003,3.953348770770068,1.2065278868991514
3372.7000000000003,3.951873292931104,1.236421420049565
3374.7000000000003,3.951225906593878,1.2385921340321118
3376.7000000000003,3.942582827930308,1.5410066214988771
3378.7000000000003,3.942391383937816,1.5175004999028772
3380.7000000000003,3.941168763131567,1.526034322898389
3382.7000000000003,3.9409311313440663,1.4940769196040633
3384.7000000000003,3.929548607141112,1.9116153716275417
3386.7000000000003,3.928013226655349,1.905817908640608
3388.7000000000003,3.9061553422294217,2.713091879262288
3390.7000000000003,3.921798220848843,2.0124790124714376
3392.7000000000003,3.969526246392791,0.0625580621650176
3394.7000000000003,3.977285049388903,-0.1871633474240235
3396.7000000000003,3.996399643289059,-0.8377441421521723
3398.7000000000003,3.997945165890887,-0.8033040572774613
3400.7000000000003,3.999341927388696,-0.762628047086305
3402.7000000000003,3.9999117370742376,-0.698796047761995
3404.7000000000003,4.001407615840572,-0.6667293969748856
3406.7000000000003,4.00138436422784,-0.5919081457637275
3408.7000000000003,4.002591804555978,-0.5698659022938782
3410.7000000000003,3.988073771081789,0.0609786774641229
3412.7000000000003,3.988959465173149,0.0468198537764989
3414.7000000000003,3.989118039078553,0.0601421495627008
3416.7000000000003,3.9896405429114377,0.0573006251716831
3418.7000000000003,3.925249174618611,2.589183060522182
3420.7000000000003,3.950726805698185,1.434677194301473
3422.7000000000003,3.949258366535625,1.437817056362673
3424.7000000000003,3.949411944579748,1.3740303477348783
3426.7000000000003,3.948302274834437,1.3694867040141905
3428.7000000000003,3.950380669309149,1.2531352242215383
3430.7000000000003,3.954170814543904,1.0539413352194622
3432.7000000000003,3.9592002665164,0.8336959607892828
3434.7000000000003,3.960416594032496,0.786200424649834
3436.7000000000003,3.9604172998442633,0.7717595660431832
3438.7000000000003,3.961519068901535,0.7178285829563321
3440.7000000000003,3.9628478358042782,0.6678283014189154
3442.7000000000003,3.962407045441728,0.681870703429835
3444.7000000000003,3.9604222603469,0.745384543588239
3446.7000000000003,3.959970749892694,0.7508630348344031
3448.7000000000003,3.959396036096577,0.766277248357679
3450.7000000000003,3.9583549865059697,0.807511815079853
3452.7000000000003,3.95489608306786,0.9268353611857332
3454.7000000000003,3.9472317750999486,1.1981046418369945
3456.7000000000003,3.94454561915767,1.2742064601189018
3458.7000000000003,3.942913188535464,1.2944671673453496
3460.7000000000003,3.9567085368828008,0.719629581731473
3462.7000000000003,3.968525118883421,0.2491260266321111
3464.7000000000003,4.0031850607264055,-1.0737661712396858
3466.7000000000003,3.975821679724806,0.0933260234328269
3468.7000000000003,3.97722532363785,0.0682779537279147
3470.7000000000003,3.964288642328212,0.6050556576101883
3472.7000000000003,3.964061009676096,0.6007207998330585
3474.7000000000003,3.970416452609377,0.3579468021465852
3476.7000000000003,3.971078907924837,0.3415548999580967
3478.7000000000003,3.9671564823032974,0.488069349032363
3480.7000000000003,3.9674299755704183,0.482300879514122
3482.7000000000003,3.965713918044122,0.5534133849427023
3484.7000000000003,3.5485547737854897,17.10981263773439
3486.7000000000003,3.519211562223322,17.267266162194108
3488.7000000000003,3.94605085268615,-0.2029154753441962
3490.7000000000003,3.945451411579332,-0.0768371887669506
3492.7000000000003,3.9390386875827454,0.2799237661234367
3494.7000000000003,3.892370140246942,2.1558517052655115
3496.7000000000003,3.895257964790439,1.9855073769560287
3498.7000000000003,3.8987453274933377,1.8085946491699711
3500.7000000000003,3.9001843682555166,1.7312261425085462
3502.7000000000003,3.9026728114457145,1.610591436553817
3504.7000000000003,3.903185846876728,1.5706633592838242
3506.7000000000003,3.902486652172432,1.585274181101739
3508.7000000000003,3.898858605233896,1.7036505738818204
3510.7000000000003,3.895542287935413,1.8083849616980012
3512.7000000000003,3.912185319197929,1.1279863656949891
3514.7000000000003,3.898632848344352,1.6734090054742563
3516.7000000000003,3.903816906040172,1.440969831152286
3518.7000000000003,3.892025401402466,1.8976873558238967
3520.7000000000003,3.887589517617008,2.0314510136042085
3522.7000000000003,3.8835334454160337,2.1375987961372704
3524.7000000000003,3.8840745337170777,2.055688847788698
3526.7000000000003,3.8832394200425497,2.05
3528.7000000000003,3.884574491752659,1.9429366154039869
3530.7000000000003,3.886588026842004,1.829169878274934
3532.7000000000003,3.888988727613919,1.709134875187391
3534.7000000000003,3.886993035161056,1.7559291909560637
3536.7000000000003,3.889674726988417,1.6334436332080018
3538.7000000000003,3.880446763888697,1.974386002722908
3540.7000000000003,3.884902782091972,1.75630288609108
3542.7000000000003,3.8872308137809233,1.6372093054191363
3544.7000000000003,3.889140541660232,1.5530071575395663
3546.7000000000003,3.890584051140548,1.475
3548.7000000000003,3.891050640530972,1.4500000000000002
3550.7000000000003,3.892498256585003,1.3815230219110792
3552.7000000000003,3.892223148161329,1.3942706979957444
3554.7000000000003,3.890152735071575,1.4632789601879927
3556.7000000000003,3.890280753605438,1.4456152948774612
3558.7000000000003,3.8900802600557833,1.4479197955917409
3560.7000000000003,3.889141728992568,1.475581915288947
3562.7000000000003,3.889552175804945,1.4441531832227723
3564.7000000000003,3.8897059821684254,1.421800110411163
3566.7000000000003,3.889627495400055,1.4137338825908814
3568.7000000000003,3.8899142773073327,1.429536211104397
3570.7000000000003,3.890052194501157,1.4223436572838712
3572.7000000000003,3.888535541692888,1.468195865617649
3574.7000000000003,3.887595487523279,1.4872276222663323
3576.7000000000003,3.8873432522962914,1.4983196349826553
3578.7000000000003,3.886951777828485,1.4944074661585596
3580.7000000000003,3.8871456861541303,1.491035554890377
3582.7000000000003,3.886898620203372,1.4994678423638317
3584.7000000000003,3.8925601762391167,1.2579532048723951
3586.7000000000003,3.89758659237932,1.0682970852495024
3588.7000000000003,3.9010058994771697,0.95395790212615
3590.7000000000003,3.908639586683419,0.6833086696637831
3592.7000000000003,3.910893728444409,0.6345969018006515
3594.7000000000003,3.915865301529499,0.4748469046852228
3596.7000000000003,3.918128870493111,0.4279825750322527
3598.7000000000003,3.91997683187234,0.4127515248324959
3600.7000000000003,3.911288656773878,0.834455977860908
3602.7000000000003,3.907813259521479,1.0077170276337717
3604.7000000000003,3.903679543052746,1.1922109520407151
3606.7000000000003,3.8991169659389344,1.3862291167102183
3608.7000000000003,3.896844329231926,1.4753173917407927
3610.7000000000003,3.899950621096577,1.3401378130193276
3612.7000000000003,3.8998483106739346,1.3535811862088507
3614.7000000000003,3.899913863706328,1.3499999999999999
3616.7000000000003,3.897675772291339,1.4382175756489837
3618.7000000000003,3.9003725077031857,1.3156434742575738
3620.7000000000003,3.9003895176282257,1.3214506893668987
3622.7000000000003,3.900836537189544,1.2975103017932914
3624.7000000000003,3.9006161694493997,1.3003050604271131
3626.7000000000003,3.8972016127699804,1.4486678232772903
3628.7000000000003,3.8970911761454508,1.4449490447394377
3630.7000000000003,3.8965305687045224,1.4502617727818163
3632.7000000000003,3.8964595204926655,1.4396430335927448
3634.7000000000003,3.967886612809806,-1.6179615556083746
3636.7000000000003,3.983208460639818,-2.0995131279528434
3638.7000000000003,3.936216180296415,0.06428327856303914
3640.7000000000003,3.9136977159272535,1.0292850555004585
3642.7000000000003,3.9132816619041315,1.0436703771290052
3644.7000000000003,3.910621351666341,1.1363327737260276
3646.7000000000003,3.912439010912539,1.0477921311371146
3648.7000000000003,3.9165965870403716,0.8549799753455276
3650.7000000000003,3.9211032184920396,0.6714316193483008
3652.7000000000003,3.924864623591704,0.5185141633124426
3654.7000000000003,3.926621816316414,0.45543252394553796
3656.7000000000003,3.932019944247588,0.24452622155461107
3658.7000000000003,3.936196362916915,0.08701621212945813
3660.7000000000003,3.9371515586108967,0.07410551735217757
3662.7000000000003,3.9364598464557368,0.1313392310165773
3664.7000000000003,3.9348034884073826,0.2378278037636525
3666.7000000000003,3.9241925772404214,0.7058965376633372
3668.7000000000003,3.9188677612214353,0.9153108979334912
3670.7000000000003,3.9125821102132448,1.1632229088746457
3672.7000000000003,3.9104487088674955,1.2247196561372549
3674.7000000000003,3.9104258466918522,1.1960192305650068
3676.7000000000003,3.910506136114927,1.15
3678.7000000000003,3.910282064376825,1.1315050662598596
3680.7000000000003,3.91000190101059,1.130129262745741
3682.7000000000003,3.910183510570883,1.0839017211900335
3684.7000000000003,3.9171905080776703,0.779448598137959
3686.7000000000003,3.9207181723314966,0.6196297904219246
3688.7000000000003,3.9249406847240866,0.43767063688473007
3690.7000000000003,3.9276870691977397,0.33930617430722587
3692.7000000000003,3.940763032687328,-0.1980290578713763
3694.7000000000003,3.947986489363404,-0.47055604145834445
3696.7000000000003,3.9423089849033217,-0.17297546600430275
3698.7000000000003,3.9420231606208955,-0.11507808218002621
3700.7000000000003,3.9412147355896994,-0.05093425914538498
3702.7000000000003,3.941168962203592,-0.022239947906853866
3704.7000000000003,3.941351033452107,-0.006184280083466251
3706.7000000000003,3.9377858041894096,0.1639117751625978
3708.7000000000003,3.926292689172518,0.6430455452434675
3710.7000000000003,3.9168384475371165,1.0382201002643365
3712.7000000000003,3.9083317038312675,1.3636703399435512
3714.7000000000003,3.9024784690767698,1.548919472712224
3716.7000000000003,3.9027443192608664,1.482464049960963
3718.7000000000003,3.901637686187871,1.4678116438168956
3720.7000000000003,3.9025454395907233,1.3797669784973179
3722.7000000000003,3.901898006910025,1.3714062974653012
3724.7000000000003,3.900522806374412,1.3911574348783244
3726.7000000000003,3.8993062375977052,1.4005974677694493
3728.7000000000003,3.899999629215856,1.333130089986374
3730.7000000000003,3.981076728018254,-2.151261872098003
3732.7000000000003,3.9512957519186793,-0.7551290852352012
3734.7000000000003,3.9518610363487854,-0.7076267378785525
3736.7000000000003,3.971958940576741,-1.499800712715928
3738.7000000000003,3.9786624434830644,-1.6695648853183516
3740.7000000000003,3.9739629141012145,-1.3544264904065846
3742.7000000000003,3.979844964706083,-1.5327112907500695
3744.7000000000003,3.954318330084495,-0.3636940654146415
3746.7000000000003,3.9445036675322966,0.06457964491576917
3748.7000000000003,3.945122285757159,0.039038252889505645
3750.7000000000003,3.9523489732386787,-0.23555167200444324
3752.7000000000003,3.9458991045497607,0.05379592445014974
3754.7000000000003,3.9469923008983523,0.006531523858037714
3756.7000000000003,3.970890233953322,-1.014137272066231
3758.7000000000003,3.9854010840951495,-1.567981224804097
3760.7000000000003,3.969032360077144,-0.7732432923142535
3762.7000000000003,3.9532452718806783,-0.07720724302373348
3764.7000000000003,3.924093424625708,1.150497712339331
3766.7000000000003,3.8973585998871108,2.2001411426173685
3768.7000000000003,3.917272406755511,1.2169005901278922
3770.7000000000003,3.931437024178485,0.5608983928001344
3772.7000000000003,3.9031046032581727,1.770990888279069
3774.7000000000003,3.901132183212329,1.7579059834303854
3776.7000000000003,3.9155835097638714,1.061526668425899
3778.7000000000003,3.9167573746755213,0.9757667557977728
3780.7000000000003,3.937050886590065,0.09205334381482903
3782.7000000000003,3.8751384493420513,2.73063001835105
3784.7000000000003,3.8416041455212167,3.9808783035856994
3786.7000000000003,3.9039742123660437,1.1887628606118912
3788.7000000000003,3.9236056964909602,0.325460534824479
3790.7000000000003,3.9310125401423988,0.04018435346626459
3792.7000000000003,3.930867112403798,0.08029410066042371
3794.7000000000003,3.93206365090754,0.059453863242168635
3796.7000000000003,3.9371872721033627,-0.13079667211505994
3798.7000000000003,3.9575792061348847,-0.961810857836798
3800.7000000000003,3.9826294070462724,-1.9512993944281862
3802.7000000000003,3.9970489780331433,-2.41445240204284
3804.7000000000003,3.9928037107266787,-2.1004158261242827
3806.7000000000003,3.9870440088069503,-1.7287181734941879
3808.7000000000003,3.9747922913730034,-1.1140147942725243
3810.7000000000003,3.93979623502706,0.404845460668067
3812.7000000000003,3.9462044692693308,0.11749488554731001
3814.7000000000003,3.9420844470698166,0.2790408209229675
3816.7000000000003,3.951283292296149,-0.12516045930279301
3818.7000000000003,3.935447612761666,0.5578643387967289
3820.7000000000003,3.937332479120948,0.43566219891390373
3822.7000000000003,3.945093327543557,0.0978416005811081
3824.7000000000003,3.933063385015089,0.59932006522594
3826.7000000000003,3.9503490555668463,-0.1645065621422429
3828.7000000000003,3.9542239789968754,-0.3104677059703437
3830.7000000000003,3.9482258347235355,-0.03832525165507156
3832.7000000000003,3.9495493942298725,-0.08993165571969372
3834.7000000000003,3.949896311437548,-0.09504378159990721
3836.7000000000003,3.9499806716557466,-0.09502749787833889
3838.7000000000003,3.9499749435564695,-0.09132034817138224
3840.7000000000003,3.949965342700099,-0.08798424583576966
3842.7000000000003,3.950300328300909,-0.0841905075875297
3844.7000000000003,3.9506038792269185,-0.09235389140091228
3846.7000000000003,3.9507517621600132,-0.09447279596127926
3848.7000000000003,3.951535863880791,-0.12067344077803706
3850.7000000000003,3.951839737837083,-0.12351245805943507
3852.7000000000003,3.9516911451141805,-0.11116161355647254
3854.7000000000003,3.950579102599783,-0.05732857419843201
3856.7000000000003,3.953177668159384,-0.16399313507398047
3858.7000000000003,3.952788850757009,-0.14341605804621413
3860.7000000000003,3.9524728487240495,-0.12624444659847375
3862.7000000000003,3.9659431326260033,-0.7047069504315676
3864.7000000000003,3.9826680504364784,-1.3672959294583524
3866.7000000000003,3.9753886676740664,-0.9913700261531079
3868.7000000000003,3.9539914566669734,-0.04403098915320251
3870.7000000000003,3.9516002162058994,0.05
3872.7000000000003,3.936336227191094,0.6859421910844449
3874.7000000000003,3.9270102650909036,1.0357886140782142
3876.7000000000003,3.943794152579088,0.27345135427427475
3878.7000000000003,3.949592062624417,0.00573244515023604
3880.7000000000003,3.9525532302773256,-0.1048721427506401
3882.7000000000003,3.9399129001828923,0.42920162958826297
3884.7000000000003,3.935865813390209,0.5750037459977282
3886.7000000000003,3.9494956918554913,-0.01863449854869229
3888.7000000000003,3.944491352870276,0.2
3890.7000000000003,3.937880876476152,0.475
3892.7000000000003,3.9417402043790535,0.2752997793638092
3894.7000000000003,3.93598861858929,0.5250482206000503
3896.7000000000003,3.9409210917181787,0.28702340727408127
3898.7000000000003,3.9418525844681582,0.24386787815941563
3900.7000000000003,3.948115686490142,-0.02499999999999903
3902.7000000000003,3.9443996098698624,0.14374136209720645
3904.7000000000003,3.9341782001407832,0.5733968863888191
3906.7000000000003,3.9250803158638816,0.9230380200511511
3908.7000000000003,3.9300499789102363,0.6664569547839958
3910.7000000000003,3.9487722014452578,-0.14194084222780784
3912.7000000000003,3.955426061618224,-0.4075226526732953
3914.7000000000003,3.9533113663423816,-0.27710854928378303
3916.7000000000003,3.946590155827973,0.025
3918.7000000000003,3.9365181006276524,0.4517627674690463
3920.7000000000003,3.9255688999080345,0.8985223467743338
3922.7000000000003,3.9341502679748257,0.4893825208584147
3924.7000000000003,3.9494547666120265,-0.15660742739552147
3926.7000000000003,3.9495595090674978,-0.14106154041930694
3928.7000000000003,3.96415789439779,-0.7471058309430105
3930.7000000000003,3.9495564609453875,-0.06849152882674328
3932.7000000000003,3.949378093652394,-0.05
3934.7000000000003,3.9420305781242586,0.2744755858576326
3936.7000000000003,3.9381436597663475,0.44220142347900104
3938.7000000000003,3.9454077706858395,0.10003896984568827
3940.7000000000003,3.946238963774246,0.07478548348248222
3942.7000000000003,3.9304463686756903,0.7594558569747355
3944.7000000000003,3.935751430422643,0.4893616342560631
3946.7000000000003,3.9463212911824104,0.04109306640514754
3948.7000000000003,3.948645844594041,-0.06936465119158346
3950.7000000000003,3.9510398671933675,-0.1449128556788973
3952.7000000000003,3.9542491253515304,-0.2665962642821238
3954.7000000000003,3.9600492838940125,-0.4803440525146828
3956.7000000000003,3.956876327903154,-0.32402736478991995
3958.7000000000003,3.948006446761765,0.069043729333057
3960.7000000000003,3.9346893161456125,0.6317425373115967
3962.7000000000003,3.9324813307453437,0.6980712526810882
3964.7000000000003,3.9521579686679327,-0.15693540961312005
3966.7000000000003,3.9635451432848092,-0.6099813814854133
3968.7000000000003,3.955375634276807,-0.22537142944969815
3970.7000000000003,3.950319798767259,0.0
3972.7000000000003,3.948610325095179,0.07199632134914252
3974.7000000000003,3.949121510687694,0.05
3976.7000000000003,3.948544057886661,0.075
3978.7000000000003,3.949140635973042,0.05
3980.7000000000003,3.9494242131479105,0.03929931190160215
3982.7000000000003,3.9504163830172336,0.0
3984.7000000000003,3.950502899581095,0.0
3986.7000000000003,3.950587329122709,0.0
3988.7000000000003,3.950669809905608,0.0
3990.7000000000003,3.950750470131471,0.0
3992.7000000000003,3.950225442703241,0.025458000600836278
3994.7000000000003,3.950285183112211,0.025
3996.7000000000003,3.9503347330668297,0.025
3998.7000000000003,3.9503844196183695,0.025
4000.7000000000003,3.950434219176796,0.025
4002.7000000000003,3.950484109926881,0.025
4004.7000000000003,3.950534071697966,0.025
4006.7000000000003,3.950584085843274,0.025
4008.7000000000003,3.9506341351280776,0.025
4010.7000000000003,3.950684203626056,0.025
4012.7000000000003,3.950734276623265,0.025
4014.7000000000003,3.9507763677618746,0.025
4016.7000000000003,3.950797885839669,0.025
4018.7000000000003,3.950819370691312,0.025
4020.7000000000003,3.950840811625306,0.025
4022.7000000000003,3.950892495132071,0.025
4024.7000000000003,3.950970171411507,0.025
4026.7000000000003,3.9510176437657303,0.025
4028.7000000000003,3.95106503713054,0.025
4030.7000000000003,3.951112344389456,0.025
4032.7000000000003,3.9511595589913897,0.025
4034.7000000000003,3.9512066749090806,0.025
4036.7000000000003,3.95125368660058,0.025
4038.7000000000003,3.951300588973553,0.025
4040.7000000000003,3.9513276650152336,0.025
4042.7000000000003,3.951329466578098,0.025
4044.7000000000003,3.951419348683139,0.025
4046.7000000000003,3.9514861513156543,0.025
4048.7000000000003,3.9514849288647937,0.025
4050.7000000000003,3.951483574291085,0.025
4052.7000000000003,3.9514820848473424,0.025
4054.7000000000003,3.95148045803016,0.025
4056.7000000000003,3.951478691561914,0.025
4058.7000000000003,3.951481007073992,0.025
4060.7000000000003,3.95150777022305,0.025
4062.7000000000003,3.951558247381609,0.025
4064.7000000000003,3.951608577720744,0.025
4066.7000000000003,3.951679902927781,0.025
4068.7000000000003,3.9517542992425385,0.025
4070.7000000000003,3.9518285450272974,0.025
4072.7000000000003,3.951902639302531,0.025
4074.7000000000003,3.9519765812016527,0.025
4076.7000000000003,3.952050369962606,0.025
4078.7000000000003,3.952124004920077,0.025
4080.7000000000003,3.9521974854982713,0.025
4082.7000000000003,3.952251454675289,0.025
4084.7000000000003,3.952300261493447,0.025
4086.7000000000003,3.952348912677564,0.025
4088.7000000000003,3.952397407947736,0.025
4090.7000000000003,3.95244574708468,0.025
4092.7000000000003,3.952507933431964,0.025
4094.7000000000003,3.952573161152664,0.025
4096.7,3.952604815552582,0.025
4098.7,3.952606334287623,0.025
4100.7,3.952607696553471,0.025
4102.7,3.952608902409424,0.025
4104.7,3.952609951949626,0.025
4106.7,3.9526108453003816,0.025
4108.7,3.952611582617671,0.025
4110.7,3.95261216408484,0.025
4112.7,3.952612868550978,0.025
4114.7,3.952659333702246,0.025
4116.7,3.952705643697061,0.025
4118.7,3.952751798808396,0.025
4120.7,3.952797799327372,0.025
4122.7,3.9528436455617952,0.025
4124.7,3.9528893378348102,0.025
4126.7,3.952934876483642,0.025
4128.7,3.952980261858439,0.025
4130.7,3.9530254943211967,0.025
4132.7,3.953079457801216,0.025
4134.7,3.953172923343156,0.025
4136.7,3.9532662371205314,0.025
4138.7,3.953359399533478,0.025
4140.7,3.953445099596393,0.025
4142.7,3.9534797923348455,0.025
4144.7,3.953514334951895,0.025
4146.7,3.953548727873988,0.025
4148.7,3.953583364554237,0.025
4150.7,3.9536158725017385,0.025
4152.7,3.95361670208451,0.025
4154.7,3.953646534055719,0.025
4156.7,3.9537170922876377,0.025
4158.7,3.953787503474505,0.025
4160.7,3.953828246788523,0.025
4162.7,3.953841931925216,0.025
4164.7,3.953855471382413,0.025
4166.7,3.95386886561916,0.025
4168.7,3.953882115095993,0.025
4170.7,3.953895220274717,0.025
4172.7,3.9539081816181896,0.025
4174.7,3.953920999590118,0.025
4176.7,3.9539336746548823,0.025
4178.7,3.953946207277364,0.025
4180.7,3.953958597922792,0.025
4182.7,3.953970847056594,0.025
4184.7,3.953998826793376,0.025
4186.7,3.9540534835639,0.025
4188.7,3.954108000219012,0.025
4190.7,3.954171683835464,0.025
4192.7,3.9542459425164074,0.025
4194.7,3.9543200624757273,0.025
4196.7,3.9543140230906815,0.028474814377365
4198.7,3.95433380046609,0.0308556702512569
4200.7,3.954465335575546,0.0284001245129038
4202.7,3.954544674100728,0.0251899365889214
4204.7,3.954550424332246,0.025
4206.7,3.954456380744708,0.0306974010802297
4208.7,3.954588334122864,0.025
4210.7,3.9545774053772456,0.025
4212.7,3.954594107001781,0.025
4214.7,3.954610629690511,0.025
4216.7,3.954626977161812,0.025
4218.7,3.954643152895101,0.025
4220.7,3.954659160148152,0.025
4222.7,3.954675001973149,0.025
4224.7,3.954690681231562,0.025
4226.7,3.954706200607946,0.025
4228.7,3.954721562622728,0.025
4230.7,3.95473676964406,0.025
4232.7,3.9547518238988224,0.025
4234.7,3.9547667274828,0.025
4236.7,3.954781269661528,0.025
4238.7,3.954782394191334,0.0296838742934092
4240.7,3.9549604889377385,0.025
4242.7,3.954986822903661,0.025
4244.7,3.9550129944617023,0.025
4246.7,3.955039006593114,0.025
4248.7,3.955064862092419,0.025
4250.7,3.955090563580901,0.025
4252.7,3.955116113519136,0.025
4254.7,3.9551404411492985,0.025
4256.7,3.955164289931947,0.025
4258.7,3.9551879936936674,0.025
4260.7,3.955211554360074,0.025
4262.7,3.955234973746237,0.025
4264.7,3.955258253564622,0.025
4266.7,3.95528139543247,0.025
4268.7,3.955304400878629,0.025
4270.7,3.955327271349887,0.025
4272.7,3.955350008216852,0.025
4274.7,3.9553726127793976,0.025
4276.7,3.955395086271712,0.025
4278.7,3.955417429866985,0.025
4280.7,3.955439408331154,0.025
4282.7,3.9554615057283713,0.025
4284.7,3.9554957171597063,0.025
4286.7,3.955540253020303,0.025
4288.7,3.955584663435312,0.025
4290.7,3.955628949339399,0.025
4292.7,3.9556448505800113,0.025
4294.7,3.9556886202032615,0.025
4296.7,3.955660527134498,0.0282660429493388
4298.7,3.954341452077154,0.0861684312008787
4300.7,3.954527370118307,0.075
4302.7,3.954516948620081,0.075
4304.7,3.954517257491633,0.075
4306.7,3.95510926165329,0.0501172160696021
4308.7,3.954561715935181,0.0748958597667391
4310.7,3.954859569756323,0.06257844909956
4312.7,3.955766666207429,0.025
4314.7,3.955802907054434,0.025
4316.7,3.95301629022721,0.1402475420787806
4318.7,3.955488846261898,0.025
4320.7,3.951548941880109,0.1975526368255633
4322.7,3.940639958090726,0.6546284707213056
4324.7,3.9450177855897497,0.4309539413702271
4326.7,3.953187768720912,0.0676002771816485
4328.7,3.956612088593869,-0.0744142756008985
4330.7,3.950382299680392,0.2019034332690998
4332.7,3.954317849986081,0.0349973690810553
4334.7,3.9476755070748304,0.3111123472363569
4336.7,3.951793504523754,0.1250021727431547
4338.7,3.947418791481736,0.3075350937959097
4340.7,3.956837102331858,-0.0954213171806459
4342.7,3.9540331211577193,0.0373227249593064
4344.7,3.952834867391423,0.0890691433035081
4346.7,3.9484851207463767,0.2728064204087985
4348.7,3.955630653146662,-0.0308387808478277
4350.7,3.946758203973445,0.343532279302327
4352.7,3.941132430670499,0.5724193109459457
4354.7,3.939280378660936,0.6163283591084024
4356.7,3.9479229185508578,0.2173451983371605
4358.7,3.950455339198257,0.110800140736144
4360.7,3.9503532723037833,0.125724520482202
4362.7,3.951785229100746,0.0720523668764837
4364.7,3.954459701296477,-0.0406600738068852
4366.7,3.943727373567016,0.425
4368.7,3.9486757247834894,0.1981741851761476
4370.7,3.9488922808257776,0.1825924758535103
4372.7,3.946234844411514,0.297147659058545
4374.7,3.944658978039095,0.3648377166953321
4376.7,3.9398117142670337,0.5752591132127421
4378.7,3.941098262926915,0.4971439946413792
4380.7,3.948742623615469,0.1548960770939954
4382.7,3.949723754778684,0.1153484953534396
4384.7,3.951160952023338,0.0558521132187629
4386.7,3.955705754508435,-0.125
4388.7,3.945490079171857,0.3157951042331902
4390.7,3.953880393540953,-0.0454116470108254
4392.7,3.948338266192671,0.1973740065678398
4394.7,3.948533537817032,0.1967787531837643
4396.7,3.952939623687228,0.0003789583408192
4398.7,3.9448708814483786,0.3464391547680485
4400.7,3.9405986288711534,0.5232638268053359
4402.7,3.945747524281218,0.2944410554054109
4404.7,3.945248106418422,0.3107847614073689
4406.7,3.9413616464457104,0.4598222882315997
4408.7,3.938143054657346,0.5822068293037554
4410.7,3.941420779304605,0.4243380815214772
4412.7,3.948524752440004,0.1136598603059009
4414.7,3.951331186266278,0.0009793887604937
4416.7,3.950060105533676,0.04857453108945
4418.7,3.948301181589576,0.1397709085924358
4420.7,3.954285516818876,-0.1046654243122188
4422.7,3.955136168307844,-0.1234534707006762
4424.7,3.9395063028107344,0.5552324325592173
4426.7,3.946109652441817,0.25
4428.7,3.945039221436135,0.2863655425027742
4430.7,3.941161588839109,0.4433895269387821
4432.7,3.934806906731565,0.692996899044491
4434.7,3.9389693800820673,0.4894728560707119
4436.7,3.943744152781589,0.2837224400643288
4438.7,3.9505267820036303,-0.0074986047705116
4440.7,3.9408434108895514,0.4222620094120445
4442.7,3.942480249503539,0.3333172565197251
4444.7,3.941577480651342,0.3754783671250756
4446.7,3.949059630024503,0.0528871902563657
4448.7,3.946012289735196,0.175
4450.7,3.9396904287415855,0.4482805325907937
4452.7,3.937837968624741,0.5038837145841862
4454.7,3.943087233120671,0.2698327110158794
4456.7,3.9475132524979615,0.0921003308015266
4458.7,3.935563779399888,0.6009246340417688
4460.7,3.939491512921669,0.416150683852084
4462.7,3.9429125805560825,0.2657398248150852
4464.7,3.946872517805916,0.0891643049572647
4466.7,3.949226454484647,-0.0
4468.7,3.941672281485502,0.3299475815178204
4470.7,3.9392577791343775,0.4248588312452166
4472.7,3.944880043363031,0.1673751328696023
4474.7,3.9414898249488166,0.3157822275639347
4476.7,3.937822482728305,0.4589108994995386
4478.7,3.938597579216558,0.4148026093590917
4480.7,3.945360476752097,0.1144986501980566
4482.7,3.9501002670590353,-0.075
4484.7,3.950317555874436,-0.0669446351664816
4486.7,3.941374137515363,0.3215156081306712
4488.7,3.928841060878482,0.8493488788000519
4490.7,3.909368333855984,1.629677373170337
4492.7,3.915260992871636,1.3005466238740853
4494.7,3.935435419006552,0.415255822223597
4496.7,3.924683005134932,0.8841869481130755
4498.7,3.903642969464137,1.7423910513096463
4500.7,3.9027230131624218,1.7126489726824552
4502.7,3.902255650119186,1.6502865546861507
4504.7,3.938792944542009,0.0476267061506427
4506.7,3.9440125968453694,-0.1386114239433958
4508.7,3.944815174535369,-0.137255351064916
4510.7,3.926164687381468,0.6636391093504586
4512.7,3.96089043547124,-0.7886446712308929
4514.7,3.960184500374552,-0.700494364464971
4516.7,3.952416133151983,-0.319152953066859
4518.7,3.9246805592333343,0.8762696575269239
4520.7,3.899633559182648,1.9049643589919651
4522.7,3.876485805772363,2.7818286596971573
4524.7,3.8778495476462864,2.571580607483419
4526.7,3.883361038364003,2.218780838740815
4528.7,3.9141566772171754,0.858714521424921
4530.7,3.929746254609504,0.1886409802479372
4532.7,3.912798656703515,0.9308938679308733
4534.7,3.931920312804224,0.1081615089214562
4536.7,3.9125748120135935,0.9571322506520428
4538.7,3.919887993784361,0.6130665531851254
4540.7,3.9268920299006274,0.327807812621919
4542.7,3.927133422687991,0.329416285773735
4544.7,3.9428857328678633,-0.3262285712870684
4546.7,3.950257976412104,-0.5758236801341787
4548.7,3.950305417139545,-0.5269354642568252
4550.7,3.951486617311898,-0.516460150924076
4552.7,3.951287768146508,-0.4675810587103312
4554.7,3.965330825668919,-1.0174393930748806
4556.7,3.971886990249307,-1.219786168703707
4558.7,3.957049590190298,-0.5148772429988815
4560.7,3.952177934077992,-0.2794650052363961
4562.7,3.948639620688572,-0.103946127494095
4564.7,3.9500782476826855,-0.1538225349828
4566.7,3.9496836028715783,-0.125682787242233
4568.7,3.9437644228928135,0.1316591837100055
4570.7,3.947625413223371,-0.0361832224503214
4572.7,3.949535654128783,-0.1089385331755008
4574.7,3.942886073444437,0.1749995604553202
4576.7,3.9357396366731914,0.4608264829358582
4578.7,3.935006986379346,0.4780434120530142
4580.7,3.938787845060311,0.2935526345192832
4582.7,3.944645494357213,0.0353403173053945
4584.7,3.965240535748173,-0.8155330763908077
4586.7,3.961149400352444,-0.5986318728452392
4588.7,3.954734262193314,-0.2950911346396876
4590.7,3.926536761224499,0.918191233453556
4592.7,3.9208565385790544,1.1031445018812345
4594.7,3.949331670522984,-0.1374957372744171
4596.7,3.945318196040647,0.0477118191320364
4598.7,3.925275921348306,0.8992130388449718
4600.7,3.923694109293309,0.9116550730554106
4602.7,3.949084001034364,-0.1749995918954812
4604.7,3.9484361354620416,-0.1249923710838896
4606.7,3.91789791301496,1.164273609403232
4608.7,3.948873904611327,-0.1753759198221686
4610.7,3.944675880353811,0.0220835057909364
4612.7,3.947562465077971,-0.092662605678053
4614.7,3.946754654628462,-0.0539704098106927
4616.7,3.946896906554058,-0.0491782266226819
4618.7,3.944436639181825,0.0608000934597745
4620.7,3.946642435565783,-0.0265978161547462
4622.7,3.934720389605721,0.4823690416439627
4624.7,3.906731992217609,1.6704576226882195
4626.7,3.926970347394868,0.7256662604285362
4628.7,3.938031738464935,0.2318665408492959
4630.7,3.942149665257088,0.0581728861336562
4632.7,3.949870534506902,-0.2559715545979101
4634.7,3.950241482996842,-0.2441228847828067
4636.7,3.950658683722839,-0.2457277792485994
4638.7,3.955533067233562,-0.4358209470849714
4640.7,3.963382360980999,-0.7249792570750497
4642.7,3.960157913638654,-0.5431497152966265
4644.7,3.951338676059165,-0.137206176311237
4646.7,3.933259385597404,0.6352297287604739
4648.7,3.916998439123985,1.2817020919764737
4650.7,3.8962199311414767,2.0763157753382298
4652.7,3.948859617578599,-0.225
4654.7,3.976960929345427,-1.3855384130395183
4656.7,3.94914647238556,-0.1248384354184098
4658.7,3.941120245281693,0.2277927149653154
4660.7,3.911652642892437,1.454756578226766
4662.7,3.938098388841362,0.23793490343995
4664.7,3.948149746149338,-0.1784313940549409
4666.7,3.9487150417466768,-0.1841395413136238
4668.7,3.949223756926876,-0.1868944246951748
4670.7,3.959516341619513,-0.6013927508731574
4672.7,3.964714644996916,-0.784862090987682
4674.7,3.953723512428724,-0.2750830976096939
4676.7,3.9405565409862966,0.2951169149322264
4678.7,3.9237972634669145,0.96939927143597
4680.7,3.935718765375488,0.4269658027364789
4682.7,3.9438434190539446,0.0598173126620369
4684.7,3.949834898504876,-0.1826533919327038
4686.7,3.9410337583530617,0.1974366247302839
4688.7,3.941512879143475,0.1749980782508947
4690.7,3.9431322201401136,0.1015607358805349
4692.7,3.950196562193005,-0.1980110684107651
4694.7,3.932373355063816,0.55857967049104
4696.7,3.9341635980813807,0.467906982653393
4698.7,3.9334259251501,0.4579875790035282
4700.7,3.9377159008598417,0.2716605600599496
4702.7,3.9372609932668463,0.2794198269711067
4704.7,3.935215354956232,0.3573958946362274
4706.7,3.9305130684876817,0.5495088661710674
4708.7,3.923875626616487,0.7924770675526368
4710.7,3.923442968282106,0.7820003681027922
4712.7,3.9230230885009,0.7656028379458385
4714.7,3.9232712291564114,0.7246409183892137
4716.7,3.926429819250967,0.5813733207942791
4718.7,3.924365866162802,0.6379124535912383
4720.7,3.924773981335096,0.6011135613520346
4722.7,3.924680612762584,0.5975883954317898
4724.7,3.925195113811714,0.556491255865415
4726.7,3.9253401965738335,0.5430148486436006
4728.7,3.924346052208521,0.575221010010623
4730.7,3.922811698062939,0.625
4732.7,3.923438017596205,0.5790612484427796
4734.7,3.923785605485752,0.5455621406537864
4736.7,3.919950033318659,0.6911601541016299
4738.7,3.922782336582881,0.5648638475251797
4740.7,3.930255120536088,0.2395598186471913
4742.7,3.929412270623264,0.2765173903486291
4744.7,3.929711896919492,0.2661549071008285
4746.7,3.9293274584358833,0.2973926873510374
4748.7,3.929235318491856,0.3052209110227987
4750.7,3.928975204312017,0.3108963599383508
4752.7,3.912405648782265,1.0254169137164977
4754.7,3.5259689159405374,16.815611364120084
4756.7,3.928366282724314,-1.1392293191614669
4758.7,3.928095127068589,-0.984662369425544
4760.7,3.9289671536872857,-0.884144512854574
4762.7,3.9290439553936,-0.7730940886942691
4764.7,3.9322927581610063,-0.7979936243099093
4766.7,3.9529060433592953,-1.5350182079297414
4768.7,3.946397774276772,-1.133186248116337
4770.7,3.935222562411618,-0.5625171893252052
4772.7,3.909365731526316,0.6045027847788018
4774.7,3.9142061936879142,0.4147570922711573
4776.7,3.920088477335336,0.1813235294560086
4778.7,3.917947780121184,0.2866251864359197
4780.7,3.903385951390264,0.9108749845096356
4782.7,3.9046301180147855,0.8299686524180496
4784.7,3.931410874003172,-0.3110897194611747
4786.7,3.932880097496585,-0.3284775829092298
4788.7,3.9372409738752414,-0.4651533523648314
4790.7,3.960768386327824,-1.3917085022737146
4792.7,3.9470875243317214,-0.721505506254156
4794.7,3.935608763980441,-0.1816651442945915
4796.7,3.8886742617089474,1.8000630548922054
4798.7,3.862160537432126,2.8252005285787023
4800.7,3.925748975246585,-0.0099690804261915
4802.7,3.90008833588293,1.0730343140228955
4804.7,3.932506258450546,-0.3309374447304009
4806.7,3.903838472359876,0.908042225923586
4808.7,3.902463052302948,0.9421873874965968
4810.7,3.8578630192725023,2.80069949537032
4812.7,3.5117686250538527,17.31863365611307
4814.7,3.8037092368747984,3.9798465653405337
4816.7,3.91984213648426,-0.979446300813196
4818.7,3.9229634401531,-0.9803076163017704
4820.7,3.925080790086524,-0.946724870800338
4822.7,3.927395670472994,-0.9227108620031398
4824.7,3.929707171263576,-0.9058227769006088
4826.7,3.9064811487472633,0.1775413748706185
4828.7,3.896072692408605,0.6262100880927745
4830.7,3.897367929032011,0.5761058645284115
4832.7,3.898744343634229,0.5389045457987076
4834.7,3.896449557828917,0.6381436190989996
4836.7,3.8974720764053794,0.6084677870810936
4838.7,3.8964723806980577,0.6452980233183423
4840.7,3.898967445078736,0.5490550299726867
4842.7,3.901606182337217,0.4601007380262215
4844.7,3.897263943133035,0.642801563509561
4846.7,3.897523282875479,0.633162581622783
4848.7,3.897325626993784,0.65
4850.7,3.897248279187831,0.6500015804972801
4852.7,3.8986966416893463,0.584470875404232
4854.7,3.900644523987318,0.4951612884774287
4856.7,3.9024016977843066,0.433943308811192
4858.7,3.904966800369188,0.3338753990709272
4860.7,3.907275120806007,0.2505655651479675
4862.7,3.91116335711998,0.106699545531678
4864.7,3.909254745956415,0.2116131971711442
4866.7,3.9121178120478737,0.1129497131251783
4868.7,3.914536341104359,0.0311096207575957
4870.7,3.916474398941735,-0.0252489459141612
4872.7,3.9184395514852217,-0.0760254469406254
4874.7,3.920345933754175,-0.1285143332928141
4876.7,3.9214322916602806,-0.1434752676715401
4878.7,3.9216788906562026,-0.1247656818712482
4880.7,3.921266411590586,-0.0821416921277435
4882.7,3.923497635237629,-0.1540869603809279
4884.7,3.924917674989194,-0.1852339026949356
4886.7,3.924420659410503,-0.1386064784927757
4888.7,3.919845349048304,0.0727718865750945
4890.7,3.918105705905027,0.1514935176339197
4892.7,3.913358354366396,0.3450949214809714
4894.7,3.909061922824127,0.5204377245516952
4896.7,3.9081575776651336,0.5350188167047939
4898.7,3.9034478825969625,0.724138932833413
4900.7,3.900183712596784,0.8338803548140936
4902.7,3.896526533147795,0.9478629239784984
4904.7,3.893851093344896,1.0261835582367267
4906.7,3.893244758065754,1.000231194066768
4908.7,3.8915724988858336,1.0390002501913158
4910.7,3.891172334681432,1.00884373502471
4912.7,3.887961887821381,1.1120552362911094
4914.7,3.884480372396098,1.2148567840897757
4916.700000000001,3.886393964083487,1.083490592101294
4918.700000000001,3.88683752464393,1.0318435165347195
4920.700000000001,3.888512617158856,0.9385164247575566
4922.700000000001,3.8890199023325196,0.886957311341071
4924.700000000001,3.888648700910762,0.8886353398179507
4926.700000000001,3.888488793870104,0.8757648487800135
4928.700000000001,3.8878980582865146,0.8818909566640208
4930.700000000001,3.8868067035780314,0.908536081805725
4932.700000000001,3.8866950195225995,0.8813330751767385
4934.700000000001,3.8866280774432767,0.8768315484458967
4936.700000000001,3.8863174905599216,0.8599542039953227
4938.700000000001,3.8862247835333794,0.8533938221482266
4940.700000000001,3.886240802189017,0.8350459224713372
4942.700000000001,3.8866516644762723,0.8118736460001965
4944.700000000001,3.885496157567379,0.8358929229324259
4946.700000000001,3.8857281829334465,0.8128691071109204
4948.700000000001,3.885668967857259,0.8012326954322458
4950.700000000001,3.8838800339011748,0.8761382034918351
4952.700000000001,3.8801887975084246,1.0130881522979094
4954.700000000001,3.8772774331267414,1.0999296188595977
4956.700000000001,3.87551534007936,1.1495292665804906
4958.700000000001,3.8741645495782158,1.1779784487328397
4960.700000000001,3.871428103502915,1.2496845671957701
4962.700000000001,3.8679512222828016,1.3591927974319429
4964.700000000001,3.865597085199086,1.4166019623943522
4966.700000000001,3.8649987214243793,1.3999831332051198
4968.700000000001,3.8596837592992226,1.575
4970.700000000001,3.857978766075908,1.6076071016626767
4972.700000000001,3.856672250307707,1.6096956857996176
4974.700000000001,3.8549651813837085,1.6229514905046991
4976.700000000001,3.854699086175702,1.586760543222917
4978.700000000001,3.854260124862243,1.5712071428704184
4980.700000000001,3.853279816031632,1.5669919656507085
4982.700000000001,3.8515240177629892,1.5871006586254577
4984.700000000001,3.8505372288420494,1.599562028923576
4986.700000000001,3.8497059501251853,1.5865778109105761
4988.700000000001,3.8489892909170442,1.5755350009865812
4990.700000000001,3.8482385659982272,1.5776740758192087
4992.700000000001,3.8472372827550885,1.5784920783279925
4994.700000000001,3.8462163741738005,1.5751070021183942
4996.700000000001,3.845285639088186,1.5792557972685806
4998.700000000001,3.8453247419740255,1.547752491599318
5000.700000000001,3.8442866735275874,1.55
5002.700000000001,3.8435077395113195,1.549987472987411
5004.700000000001,3.846309541908386,1.3993178366087335
5006.700000000001,3.8493625429968885,1.2536542383275144
5008.700000000001,3.854128083712067,1.0499999999999892
5010.700000000001,3.857172556491204,0.9259043638940048
5012.700000000001,3.86112667818133,0.7671354125435487
5014.700000000001,3.8624168338776617,0.7250000000000001
5016.700000000001,3.8610794686170546,0.7990875233144541
5018.700000000001,3.8618439204823147,0.7786250491889556
5020.700000000001,3.860826757961888,0.8245115042345927
5022.700000000001,3.86157413184327,0.7942408819099502
5024.700000000001,3.861685133940672,0.8004978803816803
5026.700000000001,3.861640137325189,0.8129112688520765
5028.700000000001,3.8620384878188396,0.7975040786014252
5030.700000000001,3.862228275344131,0.783433998806392
5032.700000000001,3.85404941554184,1.134582478508921
5034.700000000001,3.855892966112447,1.0298167306257364
5036.700000000001,3.85690308046927,0.9809688327963815
5038.700000000001,3.8529662543269017,1.1408945237813863
5040.700000000001,3.850133951689745,1.2332835235713546
5042.700000000001,3.8454134890931138,1.406032051672991
5044.700000000001,3.842700124576176,1.4756584119656349
5046.700000000001,3.841716109424575,1.4715696455739498
5048.700000000001,3.8428842749111305,1.3991133932202762
5050.700000000001,3.8429788191114302,1.364800802377517
5052.700000000001,3.8419345055458014,1.3750000000000002
5054.700000000001,3.8418000973365536,1.3531023067025618
5056.700000000001,3.8421371163049174,1.3072281491330353
5058.700000000001,3.840756091962872,1.3425983636230943
5060.700000000001,3.84161281911258,1.286391721175955
5062.700000000001,3.840581134119364,1.304440682518268
5064.700000000001,3.8396844736726337,1.3151737130746564
5066.700000000001,3.837170431520993,1.397531802751987
5068.700000000001,3.8370082284443097,1.3749999999999747
5070.700000000001,3.836727404489076,1.3499870589329228
5072.700000000001,3.8392469843985975,1.2347458174201587
5074.700000000001,3.840876075445622,1.1421031792795981
5076.700000000001,3.842578551665419,1.068243001799099
5078.700000000001,3.84375255381745,1.0081177635264582
5080.700000000001,3.844782622962805,0.9583094523289157
5082.700000000001,3.8480946292541085,0.8186185983110493
5084.700000000001,3.849254257577925,0.7774650849226218
5086.700000000001,3.850304773086311,0.7433087970254016
5088.700000000001,3.8522134942124375,0.6832068607641891
5090.700000000001,3.856025093238513,0.5304773403199922
5092.700000000001,3.8568695743057178,0.523419630960874
5094.700000000001,3.8603296151122795,0.4026855029851721
5096.700000000001,3.8605872299909443,0.4165355999793568
5098.700000000001,3.861313611036494,0.4090990050195949
5100.700000000001,3.8605552900890028,0.46260860743425797
5102.700000000001,3.8656546620094954,0.26946336011738836
5104.700000000001,3.866670980321413,0.2579709081759139
5106.700000000001,3.867358272033797,0.25839060931188007
5108.700000000001,3.8677832912517895,0.26429118003914953
5110.700000000001,3.8681134238835497,0.2653644473741518
5112.700000000001,3.8675007733155717,0.31282303084324053
5114.700000000001,3.8691698930518976,0.26302038690487317
5116.700000000001,3.870018870457355,0.24835746840114653
5118.700000000001,3.8705290700477994,0.2553529380656227
5120.700000000001,3.870384109326704,0.2681467830418389
5122.700000000001,3.871256137382514,0.2494718460849952
5124.700000000001,3.8715638954171787,0.25457835380813093
5126.700000000001,3.8708153614109033,0.29913103529369656
5128.700000000001,3.869739247867208,0.3645884009471998
5130.700000000001,3.870469705604872,0.3441949032753867
5132.700000000001,3.8717222402728266,0.2983279484670778
5134.700000000001,3.8722468532840066,0.2902530114957732
5136.700000000001,3.8726759299771683,0.28230719465016446
5138.700000000001,3.872405795223744,0.2921981917057875
5140.700000000001,3.8728481020458934,0.279478226259648
5142.700000000001,3.8727554555772836,0.2938196924125917
5144.700000000001,3.8735178224871536,0.27223351438481364
5146.700000000001,3.8734243974472675,0.283103180572027
5148.700000000001,3.873424110812561,0.284486304691726
5150.700000000001,3.873078847492512,0.31113990512148343
5152.700000000001,3.873393133273104,0.30450689990176244
5154.700000000001,3.873481333353969,0.3019933947061827
5156.700000000001,3.8735573570341058,0.30211832879605494
5158.700000000001,3.8737026389905544,0.29320761846170995
5160.700000000001,3.8727333501589576,0.33968380659539005
5162.700000000001,3.8727135024645887,0.34142985359717715
5164.700000000001,3.8736830494106393,0.3066288511349726
5166.700000000001,3.873969901052352,0.29120256630809926
5168.700000000001,3.8737583798228603,0.3048801593649547
5170.700000000001,3.874221755250446,0.2877576391745124
5172.700000000001,3.8723575277245894,0.3655672027184275
5174.700000000001,3.8725959549548157,0.34927850382393993
5176.700000000001,3.8711830086778045,0.4129745402577604
5178.700000000001,3.8713373232734143,0.4015841049828505
5180.700000000001,3.871859025973422,0.37705162913518414
5182.700000000001,3.8712889518988205,0.3970582494765568
5184.700000000001,3.869551118149741,0.4681565725420847
5186.700000000001,3.86933426942145,0.46840533447921057
5188.700000000001,3.8689916094129426,0.46929462381634734
5190.700000000001,3.8690401544897357,0.46231614242372343
5192.700000000001,3.868876228058048,0.4637087288916267
5194.700000000001,3.8686750805531362,0.46296711116930034
5196.700000000001,3.869901521218614,0.40559007408129194
5198.700000000001,3.869153222718359,0.43427299471687547
5200.700000000001,3.902154896838441,-0.9070462477701455
5202.700000000001,3.9029248535587464,-0.8586625592530835
5204.700000000001,3.9035624952110584,-0.8176528104839826
5206.700000000001,3.9480934680188495,-2.5892719209723816
5208.700000000001,3.9519818051353544,-2.556904703549251
5210.700000000001,3.9209586646709282,-1.1368542198659681
5212.700000000001,3.904852247262544,-0.4200474935955882
5214.700000000001,3.8751893817350522,0.79635526497999
5216.700000000001,3.87868225398193,0.5973980146944757
5218.700000000001,3.878521449735998,0.5694282881152483
5220.700000000001,3.8775091882835517,0.574598417209692
5222.700000000001,3.876439203438114,0.5857631126203376
5224.700000000001,3.8658523392966107,0.9825012234754034
5226.700000000001,3.865133701966477,0.9697698700580453
5228.700000000001,3.8988204025549003,-0.4799757369192126
5230.700000000001,3.8960594631458223,-0.3169303667188043
5232.700000000001,3.9075089573160766,-0.7505122211202194
5234.700000000001,3.903144853355793,-0.5215616464475528
5236.700000000001,3.8954345874481655,-0.16802025850425922
5238.700000000001,3.890316737787845,0.05
5240.700000000001,3.8608450861239096,1.2682804967054273
5242.700000000001,3.721083320244635,6.929000493225855
5244.700000000001,3.890075482277188,-0.37799548000019284
5246.700000000001,3.890202703432508,-0.3314363611933415
5248.700000000001,3.890472310565432,-0.2998099210039334
5250.700000000001,3.8891365590654647,-0.21413848151029594
5252.700000000001,3.8763898606675684,0.33284430113500835
5254.700000000001,3.8860688277456017,-0.07395035645917408
5256.700000000001,3.886495405099234,-0.07162851119676422
5258.700000000001,3.881878350161718,0.129774052979575
5260.700000000001,3.891314312836432,-0.242549021516125
5262.700000000001,3.891540490487115,-0.2291437414750132
5264.700000000001,3.886361171070418,0.008062561782502326
5266.700000000001,3.890546377439412,-0.15635444107580604
5268.700000000001,3.875824679645542,0.46909429810590264
5270.700000000001,3.894081921825515,-0.297581858800973
5272.700000000001,3.8943288592512473,-0.28311463532096626
5274.700000000001,3.8943774626032193,-0.25959498191311153
5276.700000000001,3.8888366493949005,-0.0025989350800455263
5278.700000000001,3.880950346764722,0.32428543404379945
5280.700000000001,3.884833046046629,0.15348222316471083
5282.700000000001,3.8935566123158774,-0.1977084522522871
5284.700000000001,3.8832135444426017,0.23690504136202223
5286.700000000001,3.8862117548792607,0.10611947271021303
5288.700000000001,3.880790754962452,0.33000490265618376
5290.700000000001,3.880128965588697,0.3398085316149526
5292.700000000001,3.752950789830743,5.5391539840300545
5294.700000000001,3.6993904953057175,7.358588164562482
5296.700000000001,3.8411682061203565,1.196276060564495
5298.700000000001,3.865425032510109,0.19881073782073633
5300.700000000001,3.8653896516098465,0.215756069732518
5302.700000000001,3.866086416158112,0.20865552616677255
5304.700000000001,3.857457313779396,0.5797425362552449
5306.700000000001,3.8545301282644973,0.689092209210023
5308.700000000001,3.85889484840495,0.5123180377986404
5310.700000000001,3.8676787425821466,0.15900505228854336
5312.700000000001,3.8702822184412256,0.08102447027678017
5314.700000000001,3.8685980231318786,0.17074729031364333
5316.700000000001,3.8683769110660404,0.19015712706473958
5318.700000000001,3.8720597000554493,0.057071444742572475
5320.700000000001,3.873711941186457,0.01669342197095013
5322.700000000001,3.861315990170896,0.5555427551989246
5324.700000000001,3.8625480554023457,0.49633072199028105
5326.700000000001,3.862311535617573,0.49051115426974645
5328.700000000001,3.8557788118662084,0.7560068278593792
5330.700000000001,3.8539580738965404,0.822235154944923
5332.700000000001,3.8362100437404054,1.5148974729881535
5334.700000000001,3.8339281634617453,1.5304506554263457
5336.700000000001,3.8321793554775554,1.5468733374868688
5338.700000000001,3.831990275678555,1.484000790449036
5340.700000000001,3.8318944290433796,1.436159969483024
5342.700000000001,3.8689355271029497,-0.1330821570217439
5344.700000000001,3.9439737860379536,-3.2298538268751535
5346.700000000001,3.967473299982873,-3.927588120397451
5348.700000000001,3.9390784733055533,-2.5042753394724317
5350.700000000001,3.923908357388618,-1.7240552575823382
5352.700000000001,3.9028516118212906,-0.73094145777215
5354.700000000001,3.895849326322513,-0.4034165722490604
5356.700000000001,3.8838539238402547,0.113727830192499
5358.700000000001,3.897706069607181,-0.45102155275396194
5360.700000000001,3.8877056893836084,-0.020760214212835297
5362.700000000001,3.893632892492504,-0.25284639823481164
5364.700000000001,3.893372671241222,-0.22230963676413476
5366.700000000001,3.8798595140450334,0.3457776996802992
5368.700000000001,3.8795682706045724,0.3376922439434114
5370.700000000001,3.888677848185469,-0.05332271824680928
5372.700000000001,3.8877783052805777,-0.009652251533783159
5374.700000000001,3.8876230173639152,0.00024250028016406812
5376.700000000001,3.892372334769415,-0.1913625869069455
5378.700000000001,3.902429713706395,-0.5919889460663592
5380.700000000001,3.896044195879549,-0.300392841025064
5382.700000000001,3.889690334263086,-0.016265075526918027
5384.700000000001,3.863008065060469,1.0873819805055491
5386.700000000001,3.8284577953885304,2.426296621468799
5388.700000000001,3.8519740369561726,1.3015007167146564
5390.700000000001,3.8827580537001842,-0.006296926763415341
5392.700000000001,3.873971601590235,0.343650465455903
5394.700000000001,3.8894713531433824,-0.304363578366373
5396.700000000001,3.8684859608887407,0.5850191800795302
5398.700000000001,3.882681092142508,-0.01335579509196841
5400.700000000001,3.8820549199430485,0.02538654826677664
5402.700000000001,3.881638710392443,0.05434693152890853
5404.700000000001,3.8832125792055368,0.0
5406.700000000001,3.884159217985891,-0.028271159525013398
5408.700000000001,3.8842897894764548,-0.022551572503056658
5410.700000000001,3.884000497680259,0.00022629070851759928
5412.700000000001,3.8782880424030606,0.24694322748130515
5414.700000000001,3.876064921820527,0.32950311834723683
5416.700000000001,3.871293130605904,0.502572087417804
5418.700000000001,3.870885663095729,0.49541459910393626
5420.700000000001,3.8722105244167366,0.4305446120954101
5422.700000000001,3.8739505887960637,0.34830784131974574
5424.700000000001,3.8773162002107777,0.1955766087318266
5426.700000000001,3.880079185056564,0.0873586842993977
5428.700000000001,3.8806837662561526,0.07304750197881855
5430.700000000001,3.881307088574101,0.054715879887397886
5432.700000000001,3.8812796755787105,0.06475503730098699
5434.700000000001,3.8788380361952925,0.1694848468052104
5436.700000000001,3.8773178640185675,0.2278097730112567
5438.700000000001,3.8781769565685407,0.18361112691796438
5440.700000000001,3.8779270471074208,0.19372621441072538
5442.700000000001,3.879381583414347,0.13254727415743003
5444.700000000001,3.8826163235751534,0.0020760074296536173
5446.700000000001,3.882582800033717,0.01440669384195341
5448.700000000001,3.881760245192642,0.058086080229226844
5450.700000000001,3.8763955029320627,0.28105380938072916
5452.700000000001,3.875873086469394,0.29642314173635637
5454.700000000001,3.8756227475415086,0.3003309895100014
5456.700000000001,3.875626005425924,0.29794418143590456
5458.700000000001,3.8777442851413944,0.1921066996330834
5460.700000000001,3.8909615045256167,-0.347561435349838
5462.700000000001,3.91454931549628,-1.2734081523180876
5464.700000000001,3.9092708001251664,-0.9754550533974284
5466.700000000001,3.882647795746771,0.18106220052773736
5468.700000000001,3.8600924359587383,1.0728532091184093
5470.700000000001,3.857714767836109,1.115065495320401
5472.700000000001,3.8543280005489287,1.183557175282624
5474.700000000001,3.853754513615709,1.1469347017444314
5476.700000000001,3.8522625145440856,1.1474443959171123
5478.700000000001,3.8470741827114794,1.2998401999216125
5480.700000000001,3.845425737257335,1.2926905238463677
5482.700000000001,3.8496806230688416,1.060051841360375
5484.700000000001,3.8535308036785296,0.8534461498443511
5486.700000000001,3.855681661657782,0.7451338388429486
5488.700000000001,3.8484449451940232,1.0030167450549097
5490.700000000001,3.847735716905289,0.9974791685128683
5492.700000000001,3.8465051607539325,1.0112200310974606
5494.700000000001,3.8281789469447296,1.7265759806376468
5496.700000000001,3.8315988301192303,1.474155022478288
5498.700000000001,3.8710451945031847,-0.2036824127154338
5500.700000000001,3.876845168734491,-0.375
5502.700000000001,3.8764185394170285,-0.3
5504.700000000001,3.8722860490090065,-0.08104955207211516
5506.700000000001,3.871812941653717,-0.04511499291769569
5508.700000000001,3.8848168636037372,-0.5498700206480756
5510.700000000001,3.8763061128202114,-0.13127536556035702
5512.700000000001,3.872982735722529,0.023339497670178157
5514.700000000001,3.8662712318271732,0.3025041689391034
5516.700000000001,3.87337457658652,0.026229251472630277
5518.700000000001,3.866401032425444,0.33501385049504456
5520.700000000001,3.870890517617952,0.15461282449546027
5522.700000000001,3.8690180437016677,0.24058151125931382
5524.700000000001,3.8709626987690298,0.1656166018307369
5526.700000000001,3.8695375761888338,0.22255344946566566
5528.700000000001,3.870835120730617,0.1711240301630423
5530.700000000001,3.872262187445128,0.125
5532.700000000001,3.8731516753925175,0.1
5534.700000000001,3.873514089120516,0.1
5536.700000000001,3.873872399432253,0.10000000000000571
5538.700000000001,3.87050544448408,0.24998747352990833
5540.700000000001,3.8711252373701424,0.225
5542.700000000001,3.871161743232414,0.21868182478826545
5544.700000000001,3.868202379561704,0.3496771602926135
5546.700000000001,3.8661850660337516,0.4107002134511835
5548.700000000001,3.865724475826517,0.4248462809151151
5550.700000000001,3.8718037955789386,0.16221634473431945
5552.700000000001,3.8733979044921574,0.11038956054450239
5554.700000000001,3.8723181064214636,0.15983564047892007
5556.700000000001,3.8699721275116414,0.25899401208290757
5558.700000000001,3.873192824264617,0.1250328700166239
5560.700000000001,3.875802334965775,0.02866987220271972
5562.700000000001,3.8756545161680807,0.05
5564.700000000001,3.8759423736183964,0.04968951759674589
5566.700000000001,3.8764304244841443,0.04223901605080834
5568.700000000001,3.8765644165034168,0.0498559919574025
5570.700000000001,3.8780674367867096,0.0
5572.700000000001,3.878379896496011,0.0
5574.700000000001,3.878679004592464,0.0
5576.700000000001,3.878965458317319,0.0
5578.700000000001,3.879239917965158,0.0
5580.700000000001,3.878798705527951,0.02937741115776116
5582.700000000001,3.879133421943952,0.02500221023966008
5584.700000000001,3.879356251457384,0.025
5586.700000000001,3.879570237242031,0.025
5588.700000000001,3.879777275760621,0.025
5590.700000000001,3.8799769797657433,0.025
5592.700000000001,3.8801697286769903,0.025
5594.700000000001,3.880355881807984,0.025
5596.700000000001,3.880535779433688,0.025
5598.700000000001,3.880709670706647,0.025
5600.700000000001,3.880713787232959,0.03008795701400778
5602.700000000001,3.880950815864128,0.025
5604.700000000001,3.881060865041299,0.025000398279468396
5606.700000000001,3.88116529639195,0.025
5608.700000000001,3.8812695614566857,0.025
5610.700000000001,3.881369252060602,0.025
5612.700000000001,3.88146505878274,0.025
5614.700000000001,3.881572815803439,0.025
5616.700000000001,3.882318306049392,0.0
5618.700000000001,3.882467299101342,0.0
5620.700000000001,3.882611385007695,0.0
5622.700000000001,3.882750813798293,0.0
5624.700000000001,3.882885822278321,0.0
5626.700000000001,3.883016634729511,0.0
5628.700000000001,3.88314346357416,0.0
5630.700000000001,3.8832665100039288,0.0
5632.700000000001,3.883385964575311,0.0
5634.700000000001,3.883502007773503,0.0
5636.700000000001,3.8836148105463897,0.0
5638.700000000001,3.8837245348102014,0.0
5640.700000000001,3.88383133392836,0.0
5642.700000000001,3.8839353531649294,0.0
5644.700000000001,3.884036730114026,0.0
5646.700000000001,3.884135595106443,0.0
5648.700000000001,3.884232071594728,0.0
5650.700000000001,3.884326276517829,0.0
5652.700000000001,3.884418320646406,0.0
5654.700000000001,3.8845083089098313,0.0
5656.700000000001,3.8845963407058473,0.0
5658.700000000001,3.884682510193807,0.0
5660.700000000001,3.884766906572358,0.0
5662.700000000001,3.8848496143424063,0.0
5664.700000000001,3.8849307135561295,0.0
5666.700000000001,3.885010280052796,0.0
5668.700000000001,3.885088385682059,0.0
5670.700000000001,3.885165098515433,0.0
5672.700000000001,3.885240483046539,0.0
5674.700000000001,3.885314600380733,0.0
5676.700000000001,3.885387508414688,0.0
5678.700000000001,3.8854592620064414,0.0
5680.700000000001,3.8855299131364336,0.0
5682.700000000001,3.885599511059999,0.0
5684.700000000001,3.8856681024517776,0.0
5686.700000000001,3.885735731542466,0.0
5688.700000000001,3.885802440248316,0.0
5690.700000000001,3.885868268293766,0.0
5692.700000000001,3.8859332533275706,0.0
5694.700000000001,3.8859974310327696,0.0
5696.700000000001,3.886060835230832,0.0
5698.700000000001,3.886123497980267,0.0
5700.700000000001,3.886185449670016,0.0
5702.700000000001,3.886246719107887,0.0
5704.700000000001,3.8863073336042993,0.0
5706.700000000001,3.8863673190515895,0.0
5708.700000000001,3.886426699999113,0.0
5710.700000000001,3.8864854997243583,0.0
5712.700000000001,3.886543740300296,0.0
5714.700000000001,3.886601442659152,0.0
5716.700000000001,3.886658626652805,0.0
5718.700000000001,3.886715311109972,0.0
5720.700000000001,3.886771513890373,0.0
5722.700000000001,3.8868272519360105,0.0
5724.700000000001,3.8868825413197454,0.0
5726.700000000001,3.886937397291285,0.0
5728.700000000001,3.8869918343207295,0.0
5730.700000000001,3.8834186289546615,0.15001839731051814
5732.700000000001,3.883925810686927,0.125
5734.700000000001,3.883861562258311,0.125
5736.700000000001,3.884388466445978,0.1
5738.700000000001,3.884269837862644,0.1
5740.700000000001,3.884156026734937,0.1
5742.700000000001,3.884692580557411,0.075
5744.700000000001,3.884650607051032,0.075
5746.700000000001,3.884578592734741,0.075
5748.700000000001,3.8851289949518937,0.05654287518890454
5750.700000000001,3.885075664183972,0.05856374020467199
5752.700000000001,3.88528276961533,0.05
5754.700000000001,3.885291105129644,0.05
5756.700000000001,3.885276965186656,0.05
5758.700000000001,3.885405651460813,0.04726205751746541
5760.700000000001,3.885682983418414,0.03784574660230187
5762.700000000001,3.8860118843855136,0.025
5764.700000000001,3.886061436826045,0.025
5766.700000000001,3.886121902139998,0.025
5768.700000000001,3.886146971595458,0.025
5770.700000000001,3.886207641809329,0.025
5772.700000000001,3.886267207564638,0.025
5774.700000000001,3.886155790521928,0.03197688390551009
5776.700000000001,3.886208604108375,0.03213428082208497
5778.700000000001,3.886246229116089,0.03314641077666811
5780.700000000001,3.886330200400285,0.032117580199393085
5782.700000000001,3.886375245521031,0.03139696653319357
5784.700000000001,3.886401360463344,0.03147021554755353
5786.700000000001,3.8865023210304965,0.028452836635769037
5788.700000000001,3.8864640758624573,0.031249356246324096
5790.700000000001,3.886553839350663,0.029312131030530975
5792.700000000001,3.8866209094423905,0.028423729188462768
5794.700000000001,3.886634597436582,0.02806507577368925
5796.700000000001,3.8860423126518455,0.05
5798.700000000001,3.886014770124271,0.05
5800.700000000001,3.8864846713837413,0.030377160179456807
5802.700000000001,3.8865378928138137,0.029554719109799298
5804.700000000001,3.886558668856388,0.03001270829026609
5806.700000000001,3.88670600571947,0.025057347524108476
5808.700000000001,3.8866011171998194,0.0308043051681514
5810.700000000001,3.8856584816597066,0.06932473288574122
5812.700000000001,3.8866649844779424,0.027040296685627355
5814.700000000001,3.882673042326053,0.1941737737204647
5816.700000000001,3.894310299608464,-0.29701688409458893
5818.700000000001,3.8862865528597834,0.048170464901788314
5820.700000000001,3.886231717027794,0.05
5822.700000000001,3.885681932867772,0.075
5824.700000000001,3.88628762871439,0.04999999999999356
5826.700000000001,3.8857203546170136,0.075
5828.700000000001,3.8864775880866644,0.044577191606664054
5830.700000000001,3.886622205305907,0.040661174429600544
5832.700000000001,3.887050645184504,0.025
5834.700000000001,3.887115429230932,0.025
5836.700000000001,3.8871750555376847,0.025
5838.700000000001,3.8866250536588063,0.04999999999999616
5840.700000000001,3.886644731671475,0.050000000000001266
5842.700000000001,3.886067485624797,0.07457874079548862
5844.700000000001,3.875049456687184,0.5338121615528156
5846.700000000001,3.863492738892038,0.9565528645656457
5848.700000000001,3.8525432459452618,1.338356897943351
5850.700000000001,3.8694263536126035,0.5844499581384487
5852.700000000001,3.883703726917585,-0.008078431943013444
5854.700000000001,3.884520900248571,-0.030716155866527133
5856.700000000001,3.884065181865312,6.555332989289835e-15
5858.700000000001,3.88546957987714,-0.04871865258456309
5860.700000000001,3.8860031148105154,-0.05921329652379646
5862.700000000001,3.893686210659744,-0.3667280682959361
5864.700000000001,3.8965458863881755,-0.45
5866.700000000001,3.895933796510434,-0.38055137063457
5868.700000000001,3.8975671332544297,-0.4161408652251778
5870.700000000001,3.8936737379102677,-0.22481906008849425
5872.700000000001,3.857700000485101,1.2387546261900972
5874.700000000001,3.889352195636393,-0.09842192217461197
5876.700000000001,3.8989470139584514,-0.47667215762649495
5878.700000000001,3.8994363238971195,-0.45648467216208116
5880.700000000001,3.9005565563939513,-0.47802283110545435
5882.700000000001,3.901230172874372,-0.4734367214389909
5884.700000000001,3.924686621928995,-1.3994332917342716
5886.700000000001,3.917993580031392,-1.0287605390470838
5888.700000000001,3.919401575131188,-1.0301500899223914
5890.700000000001,3.907814564047752,-0.507905429199423
5892.700000000001,3.8989669432927556,-0.13255021718103693
5894.700000000001,3.8938871475615415,0.07084983676579863
5896.700000000001,3.829772782138018,2.6662867850162173
5898.700000000001,3.798952226222975,3.6760659014481503
5900.700000000001,3.893885696913889,-0.2990520772698323
5902.700000000001,3.8552315216760413,1.3165374155441782
5904.700000000001,3.8868957812172567,-0.05293632218064971
5906.700000000001,3.8924584056833345,-0.26703812274103733
5908.700000000001,3.8894527690101803,-0.11672037003950135
5910.700000000001,3.885239091871429,0.07420853145545082
5912.700000000001,3.882371448905878,0.1811158748757249
5914.700000000001,3.876501336953613,0.41959088338321615
5916.700000000001,3.877506260345722,0.36344891815181524
5918.700000000001,3.881491521605416,0.18291253149090017
5920.700000000001,3.881049897002233,0.1892820285947849
5922.700000000001,3.8808775968037748,0.19902724376832256
5924.700000000001,3.8601036829976043,1.0484498427100821
5926.700000000001,3.8688594433100794,0.6269447573705599
5928.700000000001,3.880882281571357,0.1177469582541196
5930.700000000001,3.8707319289307804,0.5333753483176579
5932.700000000001,3.870417095037745,0.5181169660028717
5934.700000000001,3.869975293492133,0.512495811204159
5936.700000000001,3.874979905803783,0.294121534233756
5938.700000000001,3.874842662267956,0.3026948928658518
5940.700000000001,3.877260419692679,0.2004360767729807
5942.700000000001,3.876956631886554,0.21302086726297179
5944.700000000001,3.873240843228957,0.3626953015535791
5946.700000000001,3.862319537559935,0.7827338124870857
5948.700000000001,3.8728811485287067,0.3211550030051619
5950.700000000001,3.8730339367694295,0.31129916553253856
5952.700000000001,3.8740019097315326,0.2630426201440461
5954.700000000001,3.876644138951373,0.15673725226205426
5956.700000000001,3.8764863049231377,0.16251043546629504
5958.700000000001,3.876546256339488,0.16888601774528472
5960.700000000001,3.8673585339524434,0.5489344442552472
5962.700000000001,3.870994886732146,0.38014796450196553
5964.700000000001,3.8720925945196263,0.32719173032016774
5966.700000000001,3.87222902845993,0.3209274658249234
5968.700000000001,3.87192634204932,0.32691307352551807
5970.700000000001,3.871693586706873,0.32854826180369856
5972.700000000001,3.8738931885627745,0.2299430298856333
5974.700000000001,3.872753656746673,0.29047882990112345
5976.700000000001,3.869640522093141,0.39065708796410564
5978.700000000001,3.8859890407165714,-0.27882264732505685
5980.700000000001,3.8854825340094092,-0.225
5982.700000000001,3.880629767310754,0.002286222089610809
5984.700000000001,3.885239455638956,-0.1743817182969987
5986.700000000001,3.8803360017525974,0.056463731212580914
5988.700000000001,3.884835400607067,-0.1189619388520776
5990.700000000001,3.88483966292457,-0.09796196716805612
5992.700000000001,3.8847211689674976,-0.07765415569723988
5994.700000000001,3.8850136622977502,-0.075
5996.700000000001,3.8847701168520574,-0.05
5998.700000000001,3.885086621320653,-0.05
6000.700000000001,3.885245186307135,-0.04407239145287788
6002.700000000001,3.863062553131599,0.8729169283104546
6004.700000000001,3.8570286354677723,1.0447925559875861
6006.700000000001,3.8484795652877293,1.3366704811492234
6008.700000000001,3.8484873654042784,1.2546716441216625
6010.700000000001,3.8684610079212933,0.3882064983776288
6012.700000000001,3.876628570461891,0.04312106533956507
6014.700000000001,3.861591204982403,0.6761702051473721
6016.700000000001,3.487185052438887,16.578774402257004
6018.700000000001,3.4489556680333138,17.471057330918264
6020.700000000001,3.841964728172294,-0.25675256767099486
6022.700000000001,3.9787424004268535,-5.92902553458227
6024.700000000001,3.8675783908365986,-0.7701151293024198
6026.700000000001,3.8711839858069683,-0.8006960764214486
6028.700000000001,3.8404013984880065,0.6330136970145098
6030.700000000001,3.8542182266198757,0.062104122458211744
6032.700000000001,3.876205326481602,-0.8000464012319604
6034.700000000001,3.8220923991332434,1.6061204780022513
6036.700000000001,3.878846803729769,-0.8399310319409772
6038.700000000001,3.879939922018547,-0.7957467417382419
6040.700000000001,3.8819293410102556,-0.7925923824670738
6042.700000000001,3.8822814152727294,-0.7271382354831267
6044.700000000001,3.8827253925788523,-0.6725816541956351
6046.700000000001,3.4582808440784305,17.704554388669013
6048.700000000001,3.4405323680015765,17.68982844207819
6050.700000000001,3.799247975281754,1.2822965117175646
6052.700000000001,3.85990621359687,-1.2063445528377907
6054.700000000001,3.8627444313479042,-1.154613282043513
6056.700000000001,3.906695658796015,-2.863416116492779
6058.700000000001,3.9009160296847476,-2.3707701809713133
6060.700000000001,3.89701946984677,-2.0141450300141654
6062.700000000001,3.8789825772080375,-1.1159770535955955
6064.700000000001,3.8749034555199526,-0.8412172970742077
6066.700000000001,3.87841436144072,-0.891329554093959
6068.700000000001,3.8904111198671023,-1.3053458742873751
6070.700000000001,3.886488831828083,-1.040560547359185
6072.700000000001,3.8841229153933825,-0.8695715527965491
6074.700000000001,3.8798724674901335,-0.6219852159616209
6076.700000000001,3.876035340539702,-0.39841883606153733
6078.700000000001,3.8362056666539313,1.349424030744943
6080.700000000001,3.8632848890876854,0.11974106955107061
6082.700000000001,3.8527049442456627,0.5950687457556136
6084.700000000001,3.8434641131442184,0.9850206143658157
6086.700000000001,3.843416156199771,0.9543772020488226
6088.700000000001,3.8722824734424695,-0.3046988160049855
6090.700000000001,3.857801260726251,0.3538775447139203
6092.700000000001,3.8534793943736294,0.5415091591321332
6094.700000000001,3.8566287049654515,0.39711030583298634
6096.700000000001,3.864599587606128,0.059329274232147594
6098.700000000001,3.864081861390593,0.09860330489593987
6100.700000000001,3.864577140384226,0.09041286578697838
6102.700000000001,3.8498667032459055,0.7307386900353777
6104.700000000001,3.8378496562170428,1.232981254352008
6106.700000000001,3.812564593300478,2.23675066637249
6108.700000000001,3.8481848821552354,0.6422894708256963
6110.700000000001,3.844026581285334,0.8150928439474743
6112.700000000001,3.8436862810339463,0.8137560125023571
6114.700000000001,3.848464552344648,0.6039190653105152
6116.700000000001,3.8483835357652896,0.5937724822738103
6118.700000000001,3.849049855460053,0.5586226650825972
6120.700000000001,3.81863612391789,1.8382869014352015
6122.700000000001,3.8372819185878493,0.9651333959372557
6124.700000000001,3.8687000558747657,-0.37622183042963464
6126.700000000001,3.8664869808779434,-0.23330910011031927
6128.700000000001,3.8498865348142792,0.4985215278583145
6130.700000000001,3.848058537818664,0.5675445137083156
6132.700000000001,3.8426898673261074,0.7892213259317742
6134.700000000001,3.8252067763905977,1.531493264051201
6136.700000000001,3.851537154936435,0.32509206710035543
6138.700000000001,3.8380265895404846,0.9356448078480318
6140.700000000001,3.8350968687692504,1.0325625750396268
6142.700000000001,3.8343638701889486,1.0519339827866812
6144.700000000001,3.83308997453511,1.0785834380409345
6146.700000000001,3.8314235302913526,1.122064686011771
6148.700000000001,3.831223511046911,1.1043232876729492
6150.700000000001,3.830587292992909,1.1003048167986438
6152.700000000001,3.8294920784709725,1.1238401903394746
6154.700000000001,3.8302325759024938,1.069839480266052
6156.700000000001,3.82947896776821,1.078044706422718
6158.700000000001,3.8284409797026644,1.1040009835605902
6160.700000000001,3.827975297895658,1.1002478265369349
6162.700000000001,3.828431047020548,1.0752397526681376
6164.700000000001,3.8280136734033636,1.0620563804612742
6166.700000000001,3.8264568942840698,1.1106588504209587
6168.700000000001,3.825714889794776,1.1303661407470778
6170.700000000001,3.82423334008909,1.1620853539697489
6172.700000000001,3.823786149141409,1.1734694305871631
6174.700000000001,3.8229506249862033,1.1744240416157552
6176.700000000001,3.822795937175484,1.1629145279219903
6178.700000000001,3.8228232891267675,1.1504531615576556
6180.700000000001,3.822231409201138,1.15419758163841
6182.700000000001,3.8212826666225124,1.1741096502129549
6184.700000000001,3.819985750935667,1.2029423247990316
6186.700000000001,3.8190842424622877,1.2301180136556442
6188.700000000001,3.8186616483476827,1.2193470935533246
6190.700000000001,3.81818322881446,1.2163192682126978
6192.700000000001,3.817730313278764,1.2199074851326164
6194.700000000001,3.81688247937106,1.2456715384285388
6196.700000000001,3.816241484217678,1.2405567038431378
6198.700000000001,3.8154712875812984,1.2477546136864857
6200.700000000001,3.815553564441934,1.235644773389607
6202.700000000001,3.815158988703807,1.2328038175239455
6204.700000000001,3.8143951950730024,1.2384354914019087
6206.700000000001,3.814076904456609,1.2310685711567517
6208.700000000001,3.814201500965018,1.2204494790676699
6210.700000000001,3.8143404805710213,1.1944951615111212
6212.700000000001,3.813503864613345,1.2154000997858936
6214.700000000001,3.8122849340290026,1.2379891175313216
6216.700000000001,3.8117117050162435,1.248733842530501
6218.700000000001,3.810399025717816,1.2909984763389863
6220.700000000001,3.809271566676311,1.3190372449335168
6222.700000000001,3.8107466131045817,1.2357880240216097
6224.700000000001,3.810439348843646,1.2239602395690394
6226.700000000001,3.813806165059004,1.0690644676253422
6228.700000000001,3.816512657418381,0.9398006130790124
6230.700000000001,3.8164117790566694,0.949706828028116
6232.700000000001,3.816214201485884,0.9428354062895331
6234.700000000001,3.816272833958963,0.9442052494992461
6236.700000000001,3.815943408592321,0.9469219536767579
6238.700000000001,3.8175855481940792,0.8731951191005941
6240.700000000001,3.816736995097823,0.9047746549133617
6242.700000000001,3.8166692322008875,0.9132456395555169
6244.700000000001,3.813831365387212,1.0314641493637673
6246.700000000001,3.8066988358799865,1.3179263140821764
6248.700000000001,3.810501698659314,1.131355869888627
6250.700000000001,3.8151857082491447,0.9125475075669117
6252.700000000001,3.818705262865408,0.7607562241598755
6254.700000000001,3.8196823292955475,0.7222489422921062
6256.700000000001,3.823898653922162,0.5550009611600303
6258.700000000001,3.82528288564188,0.4986653753905481
6260.700000000001,3.829133059405499,0.3496330689967063
6262.700000000001,3.8317165242117635,0.2668991562277751
6264.700000000001,3.836142480688127,0.1073795424357993
6266.700000000001,3.8371509853613537,0.09086554799352009
6268.700000000001,3.8380840042321616,0.07867192192252538
6270.700000000001,3.8384089206759744,0.09108232376422026
6272.700000000001,3.8381475425869125,0.12371711084481636
6274.700000000001,3.835364897718836,0.2570419341297767
6276.700000000001,3.8319669355360104,0.42764843634342314
6278.700000000001,3.829813578327827,0.5195165438823542
6280.700000000001,3.8269550673980026,0.6394739240323558
6282.700000000001,3.8264616577467763,0.6467140309454193
6284.700000000001,3.8247228858207407,0.7189082078168512
6286.700000000001,3.824625244884474,0.7112298075761959
6288.700000000001,3.825244300094196,0.663704082496546
6290.700000000001,3.8250874939541726,0.666795551590629
6292.700000000001,3.825370902574324,0.6495177629662041
6294.700000000001,3.825491251858099,0.6397518194824636
6296.700000000001,3.8252767190861316,0.6312985298269502
6298.700000000001,3.8233115362438315,0.7116497934078301
6300.700000000001,3.822015726622835,0.7636649696087803
6302.700000000001,3.820393637265936,0.8092846249598785
6304.700000000001,3.8191996621252904,0.8459315147649581
6306.700000000001,3.8168938222667066,0.9334259898049412
6308.700000000001,3.816411045618469,0.9317286870662852
6310.700000000001,3.8156043612655273,0.9435966768117563
6312.700000000001,3.8128232546068657,1.0412184845923005
6314.700000000001,3.8105038710201526,1.1077964133978542
6316.700000000001,3.8067923204019176,1.23725208957559
6318.700000000001,3.8073222031174736,1.1863246799602922
6320.700000000001,3.8096592206972653,1.0572689504194033
6322.700000000001,3.812098730176735,0.9341250635799481
6324.700000000001,3.8149072205571883,0.7933558508159466
6326.700000000001,3.8147630775919064,0.7899279494133898
6328.700000000001,3.816605713823226,0.7166317657233717
6330.700000000001,3.818279790860968,0.6360157928774348
6332.700000000001,3.8192020721022133,0.5959278027425206
6334.700000000001,3.8208002206105443,0.5288803825708311
6336.700000000001,3.8257679928377826,0.3326576851852353
6338.700000000001,3.825397872321914,0.36200125006883566
6340.700000000001,3.826226017538031,0.340145335810235
6342.700000000001,3.8275587591132707,0.2874263196555671
6344.700000000001,3.8320249090389433,0.11269745770847003
6346.700000000001,3.833482319333001,0.07598579107083543
6348.700000000001,3.8333623087433657,0.10528352102498541
6350.700000000001,3.833561564042527,0.11900084936188064
6352.700000000001,3.834974775744878,0.07835937773809123
6354.700000000001,3.8380653812484353,-0.034796619084945975
6356.700000000001,3.838075827301191,-0.011631292117495978
6358.700000000001,3.8367639780692375,0.06563425238971665
6360.700000000001,3.8370392406825315,0.07106782718600588
6362.700000000001,3.8369955034173806,0.08340898094775105
6364.700000000001,3.837006636658466,0.09293432260483174
6366.700000000001,3.8366356206803163,0.11722318808460067
6368.700000000001,3.8366661751763913,0.12569747097611733
6370.700000000001,3.836772091876616,0.12820730218107498
6372.700000000001,3.8329714900614706,0.2984995940716486
6374.700000000001,3.82924749809576,0.46033237333432214
6376.700000000001,3.8248035429160296,0.637200657610742
6378.700000000001,3.8232148461779336,0.6915865989769683
6380.700000000001,3.8241594678647637,0.6270401448110308
6382.700000000001,3.8233972521743373,0.6351227731152298
6384.700000000001,3.823174757574062,0.6293336677143553
6386.700000000001,3.8230167989709947,0.6253158306761485
6388.700000000001,3.82274712801051,0.6253018158049563
6390.700000000001,3.8222348357349363,0.6223301748224987
6392.700000000001,3.8219724415995837,0.6235149273915029
6394.700000000001,3.821706854487272,0.6244205367451638
6396.700000000001,3.8208551670590194,0.6523825584916393
6398.700000000001,3.8212634340049694,0.6137600642159882
6400.700000000001,3.825450261934112,0.43015543923088156
6402.700000000001,3.831576210684832,0.17290621957492008
6404.700000000001,3.8360992968991754,-0.004793413748553091
6406.700000000001,3.837736129058777,-0.052774785378157454
6408.700000000001,3.8434810560460537,-0.2757688748790018
6410.700000000001,3.8438142796537167,-0.2627844456007114
6412.700000000001,3.843678828922859,-0.23398843316418116
6414.700000000001,3.842450602615655,-0.15317588876792673
6416.700000000001,3.8432770743674856,-0.1691107343044224
6418.700000000001,3.842820564893907,-0.1305418389399769
6420.700000000001,3.844131056174398,-0.16244835577719963
6422.700000000001,3.8451157048976907,-0.17878113411409455
6424.700000000001,3.84578747983461,-0.192793050883082
6426.700000000001,3.8460574287465894,-0.19256813443180265
6428.700000000001,3.8473423220295,-0.22481240147352535
6430.700000000001,3.8477085356662455,-0.21888145845971307
6432.700000000001,3.848103361383117,-0.21506183259481904
6434.700000000001,3.8480533594354123,-0.2031324255733213
6436.700000000001,3.8485395956289126,-0.21188747760680635
6438.700000000001,3.848421148086406,-0.18852187172016938
6440.700000000001,3.8475235837181954,-0.14228221766907667
6442.700000000001,3.84642386343447,-0.08692619338962891
6444.700000000001,3.843878082650197,0.025921544887451218
6446.700000000001,3.8414255102584915,0.1339354294522503
6448.700000000001,3.838767096889343,0.24257257229943038
6450.700000000001,3.836149463125224,0.34060148669943086
6452.700000000001,3.834410914660251,0.4041153928503124
6454.700000000001,3.8315436147438477,0.4999999999999991
6456.700000000001,3.8283660357647187,0.6178973650793907
6458.700000000001,3.8266972304951956,0.6560997526594583
6460.700000000001,3.826750014267823,0.6376617956634801
6462.700000000001,3.826847363180466,0.6022560906869877
6464.700000000001,3.826483426744849,0.5995921758732078
6466.700000000001,3.8258632710813147,0.5965319983462016
6468.700000000001,3.825570468835027,0.5918470682456036
6470.700000000001,3.8256177359073202,0.5778835478632799
6472.700000000001,3.8239744348456184,0.619452756992918
6474.700000000001,3.820906801070756,0.7339301678323774
6476.700000000001,3.8220223338279484,0.6700677354268522
6478.700000000001,3.821902652356681,0.6569918339529871
6480.700000000001,3.822569476574057,0.6065002060149612
6482.700000000001,3.822957537882434,0.5697974823286437
6484.700000000001,3.823717237170208,0.533202186689995
6486.700000000001,3.8251606704231107,0.46381784198291687
6488.700000000001,3.825523277691487,0.4330187144137941
6490.700000000001,3.8259118920988415,0.42159403253808064
6492.700000000001,3.8252279002991365,0.4424484978684746
6494.700000000001,3.8252299871898674,0.4402057423838444
6496.700000000001,3.8246212454758637,0.4540838866556988
6498.700000000001,3.824538545792461,0.4507067619710156
6500.700000000001,3.8224227953136514,0.5347160736098164
6502.700000000001,3.8190689486008846,0.6715614073048253
6504.700000000001,3.814890683794239,0.8398705165589538
6506.700000000001,3.8096657789677164,1.0252926376667253
6508.700000000001,3.8034660261674325,1.2614883753834139
6510.700000000001,3.7996852793812113,1.3724496410518263
6512.700000000001,3.7939802100505204,1.5496419590391215
6514.700000000001,3.7895924781159276,1.6859263412808378
6516.700000000001,3.7858407603809425,1.7794667174170833
6518.700000000001,3.786038150911373,1.715726516067566
6520.700000000001,3.7841647252040262,1.7342502369493569
6522.700000000001,3.782013967310597,1.7692923298182186
6524.700000000001,3.7799099001094962,1.7999626131218003
6526.700000000001,3.779746496056551,1.752184253685945
6528.700000000001,3.779945124327705,1.687735233923546
6530.700000000001,3.785363745894137,1.41852615716479
6532.700000000001,3.7837476083234716,1.4526515276855398
6534.700000000001,3.786053404623011,1.3216709092039751
6536.700000000001,3.787391696516886,1.2311253557306678
6538.700000000001,3.789123764328772,1.1532308332891585
6540.700000000001,3.7919926918940576,1.0184781872589648
6542.700000000001,3.794311612136026,0.896278994890329
6544.700000000001,3.797186929456741,0.7759153608755129
6546.700000000001,3.798462390674865,0.7321470906437777
6548.700000000001,3.8010574912208575,0.6280870170899103
6550.700000000001,3.800711562533453,0.6453952782555702
6552.700000000001,3.8013074212450473,0.6281942803168757
6554.700000000001,3.801297279116758,0.651384164749358
6556.700000000001,3.7993008865272158,0.7291064560395029
6558.700000000001,3.798271922243527,0.7738051192360705
6560.700000000001,3.7975092190335586,0.8120504169490831
6562.700000000001,3.794012066512768,0.9557469087784364
6564.700000000001,3.794048224164755,0.9415060147565706
6566.700000000001,3.79309995889537,0.9674817069367966
6568.700000000001,3.791534097595207,1.018311526185081
6570.700000000001,3.789306306209507,1.092071788081198
6572.700000000001,3.7880474437561125,1.1198632182108286
6574.700000000001,3.785887397186921,1.184386929235961
6576.700000000001,3.7845181117538886,1.2250572413018004
6578.700000000001,3.7845150088850272,1.2083308647601405
6580.700000000001,3.780398465405033,1.340241507496532
6582.700000000001,3.782197326933703,1.2432419391087361
6584.700000000001,3.783299492141606,1.160962594295835
6586.700000000001,3.789726834737929,0.8759211187757279
6588.700000000001,3.7915512653770684,0.7953115808880087
6590.700000000001,3.7954861368016304,0.6337001942912274
6592.700000000001,3.7977044327440903,0.539493970184887
6594.700000000001,3.801653744133731,0.3888519560340783
6596.700000000001,3.80697824875904,0.19380901047043866
6598.700000000001,3.8105667002125414,0.07185405556731034
6600.700000000001,3.8150736356359887,-0.08482374601209455
6602.700000000001,3.815644345396963,-0.0669899085194292
6604.700000000001,3.8150266222379603,-0.0057968532531604226
6606.700000000001,3.8152845674418776,0.015003975370290978
6608.700000000001,3.815593824688556,0.030676427718659145
6610.700000000001,3.8159887480864865,0.03941899918459819
6612.700000000001,3.8161647392881872,0.055772059292299773
6614.700000000001,3.814677792900957,0.14199714185330217
6616.700000000001,3.8009959892945426,0.71725150237349
6618.700000000001,3.790182386477136,1.1573442997658845
6620.700000000001,3.777730851123507,1.6389900437052143
6622.700000000001,3.7743456855982807,1.722015690075873
6624.700000000001,3.7750518098579873,1.6162692722791359
6626.700000000001,3.7739133158262215,1.6043103497154887
6628.700000000001,3.772124565824195,1.6204236300210897
6630.700000000001,3.771869011096745,1.5841907490991434
6632.700000000001,3.7754507369966586,1.3789048594283884
6634.700000000001,3.778304921241794,1.2199860775600242
6636.700000000001,3.7840209181232694,0.9622420438991587
6638.700000000001,3.7872719834943065,0.8103584565634266
6640.700000000001,3.790467175401575,0.6729719212482261
6642.700000000001,3.794209920430925,0.5162435583411092
6644.700000000001,3.799939101323749,0.2842672415065638
6646.700000000001,3.79972533647836,0.31558992016221105
6648.700000000001,3.7992821410092708,0.34526161274293
6650.700000000001,3.7978504965395325,0.42539378346469386
6652.700000000001,3.797690572853131,0.4400788410473739
6654.700000000001,3.7989433680070452,0.3960966813805411
6656.700000000001,3.794555875820112,0.5876028531946135
6658.700000000001,3.7894033906695572,0.8015293186238007
6660.700000000001,3.7836924429476912,1.0365192494438895
6662.700000000001,3.7702525847440467,1.560084600744035
6664.700000000001,3.7706796562657123,1.4895486562569809
6666.700000000001,3.770930321344357,1.435929303074873
6668.700000000001,3.771332665242495,1.3764483749161907
6670.700000000001,3.7780075993767093,1.0465927544868199
6672.700000000001,3.781659708872849,0.8761278228389887
6674.700000000001,3.7849406070459977,0.7333433416058788
6676.700000000001,3.7875752799249205,0.6220162019506923
6678.700000000001,3.791607265938973,0.44674132066006356
6680.700000000001,3.7967806564159865,0.24427663274096623
6682.700000000001,3.7951666962334967,0.337847794326405
6684.700000000001,3.458152144381418,14.159502733094971
6686.700000000001,3.686115602006836,3.9978629636540157
6688.700000000001,3.7667558416267757,0.5537626604837327
6690.700000000001,3.8290485003233217,-1.9929362730193818
6692.700000000001,3.7996086225370007,-0.5525720728561442
6694.700000000001,3.7808270456023787,0.3140330265264239
6696.700000000001,3.781690282887685,0.30522284052214704
6698.700000000001,3.7909628748335504,-0.043263907944600576
6700.700000000001,3.8165279791633835,-1.0466050959637687
6702.700000000001,3.7910928603441576,0.09690209608803693
6704.700000000001,3.7629122325278077,1.307393337129482
6706.700000000001,3.7802711462907177,0.5313849262620362
6708.700000000001,3.768708595303051,1.0438003289320792
6710.700000000001,3.7602085415182165,1.368825606383379
6712.700000000001,3.7675112667503567,1.028106761281945
6714.700000000001,3.767367399196636,1.0162754234536162
6716.700000000001,3.771447343442355,0.8420700008422983
6718.700000000001,3.7685137986016986,0.9518145446200971
6720.700000000001,3.76193403581805,1.2168047924919196
6722.700000000001,3.7569558458184606,1.4073839831645465
6724.700000000001,3.7495313139228856,1.6694631466862595
6726.700000000001,3.7323172097659842,2.344039229322799
6728.700000000001,3.7246337615992675,2.5727880755399837
6730.700000000001,3.729472665052619,2.2652501694995983
6732.700000000001,3.739023525772664,1.801270825106332
6734.700000000001,3.745398216137623,1.4844260396812787
6736.700000000001,3.752510553709171,1.1534390113575945
6738.700000000001,3.7551987410222707,1.041672167317431
6740.700000000001,3.758606562350562,0.8842317397747248
6742.700000000001,3.7642273853385944,0.6644124987655396
6744.700000000001,3.7650800582206303,0.6432470346315774
6746.700000000001,3.764860599345158,0.6685397730926516
6748.700000000001,3.76498640377785,0.6836263950652037
6750.700000000001,3.765359134436072,0.6736497392826907
6752.700000000001,3.7658620852695828,0.667994890900704
6754.700000000001,3.7662010525885568,0.6624522077380854
6756.700000000001,3.7663657004854967,0.6597287721577945
6758.700000000001,3.7660452226618273,0.6730057830675927
6760.700000000001,3.765529731118974,0.7042688268943286
6762.700000000001,3.7640761845716817,0.7664361361459554
6764.700000000001,3.763408136798216,0.8037311596738291
6766.700000000001,3.7641882253264565,0.7669473899799681
6768.700000000001,3.7636700748497507,0.787892614653137
6770.700000000001,3.764320376808846,0.7461851346244894
6772.700000000001,3.76287596949222,0.8089233787612146
6774.700000000001,3.762066777306878,0.842258869916699
6776.700000000001,3.7619661930770394,0.8304771927773901
6778.700000000001,3.761946816253405,0.8285977946867962
6780.700000000001,3.76394361106267,0.7311931602804937
6782.700000000001,3.76554208211667,0.6622938011312748
6784.700000000001,3.7672145475794743,0.6051584499293412
6786.700000000001,3.7709945498541746,0.44134448251221065
6788.700000000001,3.7745591888642616,0.3187794708940036
6790.700000000001,3.7761877351966553,0.26004020874587136
6792.700000000001,3.7771214148805736,0.2407423198213818
6794.700000000001,3.7810598679998586,0.10077500485235898
6796.700000000001,3.78402678252992,0.00440485533272946
6798.700000000001,3.78479301436057,0.005792184631381068
6800.700000000001,3.787363757826793,-0.06873862305750929
6802.700000000001,3.803292289976346,-0.699117836261769
6804.700000000001,3.7985921137829104,-0.42365453821483656
6806.700000000001,3.784169493345979,0.21977823347930533
6808.700000000001,3.781737369510362,0.34130803750051075
6810.700000000001,3.805293396949361,-0.6988130631234685
6812.700000000001,3.8159392637753733,-1.065616282540937
6814.700000000001,3.8180429001821206,-1.0690619884563897
6816.700000000001,3.819239253904976,-1.0358821557693108
6818.700000000001,3.8453246848517644,-2.0711570436941567
6820.700000000001,3.851348501336203,-2.182437883988492
6822.700000000001,3.8716237328318717,-2.89767470997076
6824.700000000001,3.871411365938199,-2.7085761406248596
6826.700000000001,3.8422485477015127,-1.3392661248232718
6828.700000000001,3.8357954622325567,-1.0172496848447412
6830.700000000001,3.831771684684892,-0.8020576753297906
6832.700000000001,3.8161705579184946,-0.12717519578784414
6834.700000000001,3.7886969497197325,1.0005868459887888
6836.700000000001,3.790844419887637,0.8459534025059867
6838.700000000001,3.79834984516935,0.4752666031999577
6840.700000000001,3.798741221677807,0.4249857009648934
6842.700000000001,3.7970529372841244,0.46210565940630155
6844.700000000001,3.7864355527214726,0.8675491612336633
6846.700000000001,3.784543442880167,0.8872096800146662
6848.700000000001,3.70772116418636,4.04215272220057
6850.700000000001,3.757963238479336,1.7127110136151376
6852.700000000001,3.7633447813232532,1.4057826949691763
6854.700000000001,3.7760345361381478,0.7881477989735333
6856.700000000001,3.8118800785419094,-0.7369110135892981
6858.700000000001,3.759975256206542,1.5040735638610705
6860.700000000001,3.7934089445962185,0.0005332695965288664
6862.700000000001,3.8125698428856434,-0.7446871277126584
6864.700000000001,3.813428654557092,-0.7231056449366631
6866.700000000001,3.8018635609806584,-0.18638457522484805
6868.700000000001,3.8149216699142974,-0.7157279052490156
6870.700000000001,3.8146722232577033,-0.6437905529525648
6872.700000000001,3.81496545720563,-0.6151049444591622
6874.700000000001,3.799929001388183,0.048986851577292365
6876.700000000001,3.7943176236664384,0.2910465251901925
6878.700000000001,3.79921377568953,0.07833238099019765
6880.700000000001,3.798870913829295,0.09181030089993171
6882.700000000001,3.798664139408846,0.09537375662330659
6884.700000000001,3.7996005727799385,0.05845539450625323
6886.700000000001,3.801567132612712,-0.020312079211469117
6888.700000000001,3.8031663991041147,-0.08151083505429967
6890.700000000001,3.8090572705892565,-0.3059378303072692
6892.700000000001,3.8132322522357986,-0.4596918956103866
6894.700000000001,3.8116852410401165,-0.36497514750716303
6896.700000000001,3.8122241284032707,-0.3616107369515235
6898.700000000001,3.8082141217059484,-0.16284621702063357
6900.700000000001,3.7958805888401,0.3501172715614928
6902.700000000001,3.789109545834943,0.6089334676848985
6904.700000000001,3.7880543885103073,0.6283175259818377
6906.700000000001,3.787386773853547,0.6213125053741586
6908.700000000001,3.781792483058225,0.8269681606792108
6910.700000000001,3.783298150439827,0.7149148070001479
6912.700000000001,3.7905470152792664,0.3862749022633169
6914.700000000001,3.789897088271833,0.3956746251335104
6916.700000000001,3.772599786946041,1.1077897881672598
6918.700000000001,3.412972141413724,16.24333019509384
6920.700000000001,3.718840109065773,2.416538758014468
6922.700000000001,3.79735383717385,-0.9241348250042632
6924.700000000001,3.774073413380532,0.17422790584711106
6926.700000000001,3.7539799291124836,1.0405043631881543
6928.700000000001,3.802174181269015,-0.9562880356710887
6930.700000000001,3.8016918022605397,-0.8236055850089472
6932.700000000001,3.8067880315982108,-0.9633634333678736
6934.700000000001,3.811383994797687,-1.0657053039421394
6936.700000000001,3.7670945950183077,0.905504010156771
6938.700000000001,3.7830491750034296,0.20590651263580528
6940.700000000001,3.8160354464993773,-1.1204787879996707
6942.700000000001,3.8175243940602868,-1.089403208893949
6944.700000000001,3.818603597642578,-1.0502152111770928
6946.700000000001,3.8148958668821518,-0.8167168913486316
6948.700000000001,3.815957281790223,-0.8000451923732418
6950.700000000001,3.7385269234404825,2.449160513803859
6952.700000000001,3.740925238112902,2.199144052129416
6954.700000000001,3.7842977687374493,0.26089567530099306
6956.700000000001,3.7979448553129083,-0.28372974229125286
6958.700000000001,3.7986324445820765,-0.27784253912934387
6960.700000000001,3.799118901454041,-0.2619881476959797
6962.700000000001,3.799989898601625,-0.2631851647644714
6964.700000000001,3.813438790288896,-0.8001991428565388
6966.700000000001,3.8138737545260604,-0.7529745387807653
6968.700000000001,3.8139824022513396,-0.7038717931781499
6970.700000000001,3.8375101273585797,-1.6290509430465752
6972.700000000001,3.851172165394165,-2.0753989525336385
6974.700000000001,3.844086513565428,-1.6621455822557045
6976.700000000001,3.8343848004324004,-1.168875915018667
6978.700000000001,3.8249432179836966,-0.7115360462171378
6980.700000000001,3.8077826753387845,0.025000000000004192
6982.700000000001,3.8072920426718415,0.031905653360126705
6984.700000000001,3.794330645851307,0.5666878375459806
6986.700000000001,3.766263429374259,1.688672984926359
6988.700000000001,3.7988351991264273,0.184159723029009
6990.700000000001,3.807750536364731,-0.19393196008799632
6992.700000000001,3.8068817971307447,-0.14382191992901383
6994.700000000001,3.713081584161552,3.789744264726496
6996.700000000001,3.664179550576583,5.570558268790868
6998.700000000001,3.3603535033720204,17.677057017720397
7000.700000000001,3.7836074105832718,-1.0689750549931285
7002.700000000001,3.7850373515234357,-0.9755565407463059
7004.700000000001,3.7886738757650575,-0.9938400202246651
7006.700000000001,3.7907684738986647,-0.9596529480028207
7008.700000000001,3.7927303142691793,-0.9327525446246149
7010.700000000001,3.702655521358668,2.9295715371068662
7012.700000000001,3.768175373567718,0.04663468102970911
7014.700000000001,3.793706503360305,-0.9372174859373111
7016.700000000001,3.809893376892751,-1.4562598262509792
7018.700000000001,3.6754680769298225,4.378915258016093
7020.700000000001,3.3389231191837743,17.88872395305292
7022.700000000001,3.774510405288849,-1.0700557735076643
7024.700000000001,3.777764517127204,-1.0612077213532678
7026.700000000001,3.780090010356241,-1.0200632359164035
7028.700000000001,3.7833790869390755,-1.0225518271743796
7030.700000000001,3.7854358505750842,-0.9733563545610576
7032.700000000001,3.7508982958383514,0.5625881328370729
7034.700000000001,3.7348169484606366,1.2339220136018845
7036.700000000001,3.7388676804935805,1.0413003613680156
7038.700000000001,3.7868721566832844,-0.966586711826678
7040.700000000001,3.7631226310845842,0.14931163255568922
7042.700000000001,3.7535243284345787,0.5677373366148831
7044.700000000001,3.7511498670953163,0.6694982745588695
7046.700000000001,3.7371545849749888,1.2550348349430713
7048.700000000001,3.740532536227714,1.0751492503343376
7050.700000000001,3.740484394891345,1.0653688732112843
7052.700000000001,3.763777158487787,0.05060181715298066
7054.700000000001,3.7826264532309186,-0.6575422992827887
7056.700000000001,3.7709565325130923,-0.10318718420591426
7058.700000000001,3.771960658177856,-0.09745916757020978
7060.700000000001,3.790949469750527,-0.8314687263354567
7062.700000000001,3.7917266061837633,-0.7704761942863751
7064.700000000001,3.767470949773953,0.3284767889582376
7066.700000000001,3.788762954130513,-0.5544930775446129
7068.700000000001,3.773518305468646,0.13621248842207137
7070.700000000001,3.7720457840705652,0.20946647255853712
7072.700000000001,3.7688013990389972,0.3558036979214964
7074.700000000001,3.7692814173366282,0.3330342594361356
7076.700000000001,3.7859230400293717,-0.3708890565438266
7078.700000000001,3.8073295048322455,-1.205609915022399
7080.700000000001,3.792116552184698,-0.47676574109291014
7082.700000000001,3.79133378334503,-0.39932642959759423
7084.700000000001,3.8116179353665856,-1.198895887608782
7086.700000000001,3.7828554845945312,0.0669398908163565
7088.700000000001,3.7767320989845605,0.32200612935277473
7090.700000000001,3.7896955578132983,-0.24123596552693596
7092.700000000001,3.7801924604152592,0.17520665674283076
7094.700000000001,3.7868120228082747,-0.09137248764106393
7096.700000000001,3.7871858976325457,-0.09215322781057199
7098.700000000001,3.7891313946283556,-0.1557908215589603
7100.700000000001,3.7974017046788844,-0.48727367351768563
7102.700000000001,3.7956526587621964,-0.3754025356782531
7104.700000000001,3.7923362868374673,-0.2000000000000012
7106.700000000001,3.787942144521498,8.612832232353456e-15
7108.700000000001,3.7584429101121635,1.228433652775494
7110.700000000001,3.71881751529057,2.7928330803895776
7112.700000000001,3.659135067485228,5.0961818650261055
7114.700000000001,3.716956150797325,2.3479946520378627
7116.700000000001,3.7645946141636855,0.28957536712920556
7118.700000000001,3.744067793936681,1.1411872165582173
7120.700000000001,3.7354682634999206,1.4587940699592312
7122.700000000001,3.7434824607025448,1.0649516856234529
7124.700000000001,3.7348743616123037,1.3790192765086875
7126.700000000001,3.7186965458038306,2.011056512601133
7128.700000000001,3.7168533875094427,2.0234208572550605
7130.700000000001,3.73347316126167,1.2678702184604052
7132.700000000001,3.7426915026266507,0.838182826809326
7134.700000000001,3.742862340620989,0.8347843326884258
7136.700000000001,3.738087890756035,1.0412527081330745
7138.700000000001,3.7315249566622755,1.2987670271630944
7140.700000000001,3.731944738361231,1.2587125970266329
7142.700000000001,3.7329579235351638,1.2000344906768041
7144.700000000001,3.7686428067930873,-0.3420506398080837
7146.700000000001,3.776662752241587,-0.6058005992491788
7148.700000000001,3.7772682138306304,-0.5552280764943213
7150.700000000001,3.7513076804937393,0.609304315070199
7152.700000000001,3.7610164654403744,0.19644369600232697
7154.700000000001,3.7665859832818356,-0.01129873939929185
7156.700000000001,3.767348640084172,-0.009392485970863096
7158.700000000001,3.754936823218165,0.5481235985313164
7160.700000000001,3.7568871744852275,0.46179668017886394
7162.700000000001,3.757592077612299,0.4453242946674482
7164.700000000001,3.7574103439644793,0.4452080329429828
7166.700000000001,3.758170763085364,0.4211866794131105
7168.700000000001,3.768373029320185,0.0010678230098220118
7170.700000000001,3.7633419935194046,0.24723030777341196
7172.700000000001,3.758923244072058,0.45200853838255733
7174.700000000001,3.749648231212106,0.8482686598700625
7176.700000000001,3.749261025837377,0.8433328616930229
7178.700000000001,3.7488562573650763,0.8333553106028971
7180.700000000001,3.748473768833338,0.8378273587163474
7182.700000000001,3.7333934462525478,1.4731932852098995
7184.700000000001,3.743576002095312,0.9911352130149844
7186.700000000001,3.7657757713568216,0.01563985939493981
7188.700000000001,3.782612749012415,-0.6615731141920841
7190.700000000001,3.772162741697361,-0.16411125545592492
7192.700000000001,3.7685045342343817,0.029992132368053204
7194.700000000001,3.75404751352296,0.6823118784574075
7196.700000000001,3.74158910548155,1.1893221807997696
7198.700000000001,3.7404200299239223,1.1908293197247086
7200.700000000001,3.7376312253452886,1.2750879753765212
7202.700000000001,3.7363402357749913,1.2894104320530335
7204.700000000001,3.7447736166228127,0.9037089946411153
7206.700000000001,3.7524038617788418,0.5485190663984717
7208.700000000001,3.7523765390951525,0.5565144985324927
7210.700000000001,3.75247463834777,0.5566160884228433
7212.700000000001,3.7384146060554175,1.154850417656006
7214.700000000001,3.7340965509215014,1.3036284626992594
7216.700000000001,3.7418625562635386,0.9376711330910819
7218.700000000001,3.744214170325747,0.8296018254984396
7220.700000000001,3.745535869723885,0.7532689589370625
7222.700000000001,3.7371319521596167,1.137239144015196
7224.700000000001,3.727333557413338,1.5310512761941368
7226.700000000001,3.347175686714769,18.344651968638978
7228.700000000001,3.3297830750778195,18.17825945912706
7230.700000000001,3.757698400584015,-1.088353239832997
7232.700000000001,3.7614003109649174,-1.089151413958644
7234.700000000001,3.763808002738684,-1.0613504795087285
7236.700000000001,3.7665320139325438,-1.048818463031892
7238.700000000001,3.769468717578727,-1.0392486504631409
7240.700000000001,3.8002038355207723,-2.281241862420158
7242.700000000001,3.799472885495926,-2.0865096982322
7244.700000000001,3.78749416941935,-1.4191968794849985
7246.700000000001,3.792275578677147,-1.5078016506613399
7248.700000000001,3.7896723248337696,-1.2822839565306796
7250.700000000001,3.782494329710484,-0.8723234742853531
7252.700000000001,3.8107794471594594,-2.0529938562903003
7254.700000000001,3.729599295801248,1.6130671317952627
7256.700000000001,3.6860889927560074,3.418675010545597
7258.700000000001,3.6506136322860776,4.812349899747589
7260.700000000001,3.6075545047258917,6.424751394593029
7262.700000000001,3.6818128044205642,2.912535830411427
7264.700000000001,3.7725639487260163,-1.0793549464401733
7266.700000000001,3.812221541136709,-2.6860345281458065
7268.700000000001,3.8173972513915646,-2.731654443667984
7270.700000000001,3.8006538709889255,-1.824214020074471
7272.700000000001,3.7738543878924466,-0.5434539701030776
7274.700000000001,3.7763862768981618,-0.6022089437077882
7276.700000000001,3.77501135694992,-0.4958005843912991
7278.700000000001,3.7758678297595574,-0.5006515567990624
7280.700000000001,3.776306193664393,-0.47336908868363536
7282.700000000001,3.7934988266866965,-1.1698067444484543
7284.700000000001,3.7865873310119937,-0.8033168234958781
7286.700000000001,3.7803601701348852,-0.4841803205774188
7288.700000000001,3.7782455799362653,-0.3592286638046911
7290.700000000001,3.780716273289706,-0.4354554448091228
7292.700000000001,3.7797789419647034,-0.3769846126113845
7294.700000000001,3.7813723960483143,-0.42758498512646925
7296.700000000001,3.781064954657161,-0.3885914923268373
7298.700000000001,3.78208853102331,-0.41610415569127646
7300.700000000001,3.795739003843863,-0.9844491460140775
7302.700000000001,3.78119370733054,-0.3064164158108175
7304.700000000001,3.7663164614581444,0.3569632973881501
7306.700000000001,3.766006947973916,0.3527687117964873
7308.700000000001,3.7799850673367543,-0.2738251974499713
7310.700000000001,3.7797578965962253,-0.2514899682469822
7312.700000000001,3.779250217737472,-0.21862125234863822
7314.700000000001,3.773423537922335,0.04836742365366626
7316.700000000001,3.7639458942606883,0.452182175814607
7318.700000000001,3.759504883578968,0.6265786144389021
7320.700000000001,3.758720753587413,0.6171501713722167
7322.700000000001,3.7584970158237265,0.6003955254858506
7324.700000000001,3.737160131978812,1.4907196335626538
7326.700000000001,3.7417337221799616,1.2153958553727544
7328.700000000001,3.745122368104432,1.0147631696678134
7330.700000000001,3.7542427734232895,0.584755761355315
7332.700000000001,3.752835263772092,0.6355682853058372
7334.700000000001,3.7538947972513848,0.5856488888486154
7336.700000000001,3.7548260428435123,0.5293053786037125
7338.700000000001,3.751475908456774,0.6687329671388358
7340.700000000001,3.7484104418479074,0.7783507119585047
7342.700000000001,3.747720942556925,0.779587269148536
7344.700000000001,3.747257232918016,0.7779243962200898
7346.700000000001,3.7463785656024577,0.7883644516925431
7348.700000000001,3.7459530722345122,0.7937340710852884
7350.700000000001,3.745328515608228,0.7900813129527108
7352.700000000001,3.744622064689069,0.7991640052008636
7354.700000000001,3.744283918811009,0.8040149660754943
7356.700000000001,3.742036644211571,0.8846949995400947
7358.700000000001,3.3514578452432056,17.78771127675369
7360.700000000001,3.31719252655303,18.362042606296896
7362.700000000001,3.7521532189895983,-1.152660049374099
7364.700000000001,3.7549127148778276,-1.1118850178475166
7366.700000000001,3.773316418171249,-1.7738188819973306
7368.700000000001,3.759599647043519,-1.01633952412098
7370.700000000001,3.7618893594779332,-0.9940872693524131
7372.700000000001,3.7636860353930577,-0.9462203637842698
7374.700000000001,3.764606400040509,-0.8918439839712137
7376.700000000001,3.7572381713469314,-0.4585561752047357
7378.700000000001,3.7492786998195333,-0.06721948145179098
7380.700000000001,3.731604249628504,0.7570312641946898
7382.700000000001,3.7196236582455686,1.2701550558327301
7384.700000000001,3.7164725626590243,1.3656081887373692
7386.700000000001,3.7539408781883568,-0.3031425195651766
7388.700000000001,3.7530349580636972,-0.1946551931104124
7390.700000000001,3.7433801529517243,0.2826539940173098
7392.700000000001,3.7530591698722215,-0.12805145023353245
7394.700000000001,3.671532389845768,3.4816733414171273
7396.700000000001,3.6827811744148575,2.8182641549916068
7398.700000000001,3.752360332398979,-0.2729997564115077
7400.700000000001,3.7367871188877557,0.4560697924276631
7402.700000000001,3.7360939637995605,0.5058161536022738
7404.700000000001,3.7645019184420727,-0.7422290781506584
7406.700000000001,3.738661548935975,0.4521483040864769
7408.700000000001,3.766917789537203,-0.7727682144278992
7410.700000000001,3.7273505919032894,1.0356649943886158
7412.700000000001,3.700649256632608,2.160759036944989
7414.700000000001,3.690059782331392,2.5194384908651006
7416.700000000001,3.7112771258838,1.4813256469122567
7418.700000000001,3.758085703031248,-0.5731837991179033
7420.700000000001,3.7293283072178682,0.750618254921521
7422.700000000001,3.7418275322740424,0.18900187680745553
7424.700000000001,3.7466175487833033,0.04562589013668002
7426.700000000001,3.734118574262351,0.6280530608787643
7428.700000000001,3.7181790686412137,1.3207395391281431
7430.700000000001,3.712022076319129,1.5431011641950685
7432.700000000001,3.7104799252891847,1.551206415014813
7434.700000000001,3.7439881370049046,0.048472632002945236
7436.700000000001,3.742742498509733,0.1290478908926781
7438.700000000001,3.7416370916549546,0.20292428153298206
7440.700000000001,3.3150036858358525,18.721282185491162
7442.700000000001,3.3071639253664324,18.164496834770837
7444.700000000001,3.8721238173423034,-6.932009549834609
7446.700000000001,3.7803013672810315,-2.4643797263031884
7448.700000000001,3.6894306317789063,1.6688955448455174
7450.700000000001,3.647249486401698,3.5080661942336886
7452.700000000001,3.305763376662007,18.06172969024547
7454.700000000001,3.7348583216315023,-0.9963427450467447
7456.700000000001,3.737251782287616,-0.9627283240123671
7458.700000000001,3.7386872290486357,-0.8911690336875737
7460.700000000001,3.7166080166574664,0.14858713357120665
7462.700000000001,3.7309015910824965,-0.3961121915646088
7464.700000000001,3.6964549497500476,1.1941837013246348
7466.700000000001,3.71845582537899,0.22298174985254185
7468.700000000001,3.728279543114803,-0.1437296221499076
7470.700000000001,3.68646019813239,1.7178460353031924
7472.700000000001,3.6624243495542705,2.7180276401698724
7474.700000000001,3.6597747646781063,2.738982638849077
7476.700000000001,3.6732681983671855,1.9855977965671945
7478.700000000001,3.7180405109061816,0.010383756212426754
7480.700000000001,3.724560010408129,-0.17075174438787438
7482.700000000001,3.7095020708651405,0.5277016079034831
7484.700000000001,3.7125698670124225,0.4274442360043776
7486.700000000001,3.7138434323259046,0.40488768682530957
7488.700000000001,3.7140938649533135,0.42213271192693136
7490.700000000001,3.71481925039465,0.4290122146118218
7492.700000000001,3.7155556531132077,0.418863890104198
7494.700000000001,3.716155256091037,0.4216507020945942
7496.700000000001,3.7414752691898436,-0.6412965031520782
7498.700000000001,3.7409874906337293,-0.5452370728756415
7500.700000000001,3.7406764316215004,-0.472686360867078
7502.700000000001,3.7175434527885733,0.5966479781468312
7504.700000000001,3.7234122836624017,0.35588146869879683
7506.700000000001,3.7272694297728224,0.2170227849192332
7508.700000000001,3.7197147639158556,0.5626680103424608
7510.700000000001,3.73120389871719,0.06817328181656224
7512.700000000001,3.715890830657221,0.7586791195504252
7514.700000000001,3.7230737804476464,0.44170523102501114
7516.700000000001,3.7254766996693407,0.3392088384649473
7518.700000000001,3.7299267636272226,0.15245750109513892
7520.700000000001,3.7430792275291735,-0.4081289437381327
7522.700000000001,3.739608683696478,-0.20220672698532702
7524.700000000001,3.7426946649675545,-0.2964151853180473
7526.700000000001,3.729167496849508,0.3271673108007658
7528.700000000001,3.729072720720422,0.33091589285631556
7530.700000000001,3.718876645073791,0.7665726321099038
7532.700000000001,3.721571539807995,0.6161349669503738
7534.700000000001,3.725856980275706,0.4311168372846519
7536.700000000001,3.7364900667901586,-0.014023986834696415
7538.700000000001,3.726523950516938,0.4204211670919023
7540.700000000001,3.713369217265632,0.9939566762647233
7542.700000000001,3.4322650232969165,13.356074756904203
7544.700000000001,3.741323299243496,-1.0479103062034234
7546.700000000001,3.7911459075032212,-2.9799507463036847
7548.700000000001,3.450374085764914,12.031728421541253
7550.700000000001,3.7367315826339667,-1.275590150062848
7552.700000000001,3.732227059068365,-0.9419658875243797
7554.700000000001,3.8323751047596977,-5.217795037176865
7556.700000000001,3.7749027240362594,-2.4091221505133387
7558.700000000001,3.75080213243348,-1.2332023326240245
7560.700000000001,3.787838311143121,-2.7472846240184325
7562.700000000001,3.697396508919058,1.3263214626124717
7564.700000000001,3.656092324593695,3.0607922034686883
7566.700000000001,3.6504255565456667,3.1693147981190246
7568.700000000001,3.7379115713443167,-0.7001244269453946
7570.700000000001,3.7220644415381057,0.0702607065801924
7572.700000000001,3.7222972887238033,0.08786341001820323
7574.700000000001,3.7395971186107895,-0.6272991226599687
7576.700000000001,3.7414790129363356,-0.6409903774686637
7578.700000000001,3.7421799370646442,-0.6124457170193444
7580.700000000001,3.7397979121056837,-0.44742257573639194
7582.700000000001,3.7402009536847762,-0.41431747744217207
7584.700000000001,3.740552900256537,-0.38973134671188125
7586.700000000001,3.6921537915008242,1.7320758744667086
7588.700000000001,3.6770512813945464,2.3121853555254193
7590.700000000001,3.735546384782133,-0.3130723277919711
7592.700000000001,3.7433408836528175,-0.6136957333189602
7594.700000000001,3.759434399399996,-1.2438632408774448
7596.700000000001,3.744034745290368,-0.505188154730119
7598.700000000001,3.7390988366266655,-0.2397491656718536
7600.700000000001,3.72132323615927,0.5703847587541955
7602.700000000001,3.7144184171510575,0.8521116349247307
7604.700000000001,3.743226776542079,-0.4509818280861705
7606.700000000001,3.7492420834918683,-0.6651127670693032
7608.700000000001,3.782511473640032,-2.078878214359231
7610.700000000001,3.7850937614527753,-2.0657682202342404
7612.700000000001,3.7467010859869583,-0.2925262607213791
7614.700000000001,3.7447610019658617,-0.21130990715132672
7616.700000000001,3.7548128003784984,-0.634211630251627
7618.700000000001,3.7561894307374386,-0.6557921582651133
7620.700000000001,3.7422361280349947,-0.013550868459921766
7622.700000000001,3.7454004032834662,-0.1466679105943001
7624.700000000001,3.734228932972373,0.328647193936391
7626.700000000001,3.7345884055276297,0.2977245097324495
7628.700000000001,3.7533630275681156,-0.5199432478687165
7630.700000000001,3.7536764666827676,-0.4927635460635397
7632.700000000001,3.775008540243836,-1.4116548494178542
7634.700000000001,3.752885891270043,-0.3802293770055999
7636.700000000001,3.679070287878867,2.821757214754733
7638.700000000001,3.317806810835703,18.469944584063818
7640.700000000001,3.7504996795195233,-1.4866203573430192
7642.700000000001,3.8376521639869985,-5.115389512224105
7644.700000000001,3.854494576956936,-5.5188364047803375
7646.700000000001,3.8272649090271873,-4.0128748783558965
7648.700000000001,3.788073754172839,-2.0921248579241842
7650.700000000001,3.7622019117605388,-0.8681658749716128
7652.700000000001,3.771147263786646,-1.2190931448206563
7654.700000000001,3.779698975611944,-1.5615292911507208
7656.700000000001,3.7608377188647917,-0.6329452076485023
7658.700000000001,3.738796157830355,0.3443897037823071
7660.700000000001,3.720227585277296,1.1201281026002132
7662.700000000001,3.7330943210152965,0.47744840208804346
7664.700000000001,3.7508293072339773,-0.3115100820139247
7666.700000000001,3.739106354736298,0.21535857982797882
7668.700000000001,3.741049265696392,0.12310446733279766
7670.700000000001,3.7364318948654143,0.3164830635150898
7672.700000000001,3.735838505076422,0.3213714907818841
7674.700000000001,3.737136568583069,0.24764741153381703
7676.700000000001,3.740782018747391,0.08257612827358977
7678.700000000001,3.752397719853329,-0.41733108293765303
7680.700000000001,3.7468020963746675,-0.1445102035009835
7682.700000000001,3.7452406740742314,-0.07056956764752537
7684.700000000001,3.7518955057899204,-0.3508108478183862
7686.700000000001,3.7492302557231976,-0.210501701579545
7688.700000000001,3.7508639011431444,-0.26319887402923003
7690.700000000001,3.7477777822025704,-0.1113343784350674
7692.700000000001,3.744580053632866,0.027968814363846253
7694.700000000001,3.7328603230763884,0.5441919053794854
7696.700000000001,3.7341087496762393,0.45396527901576295
7698.700000000001,3.7454671409810936,-0.07293724289045155
7700.700000000001,3.75226867054713,-0.3512750358310685
7702.700000000001,3.7358258870891428,0.3988454752738357
7704.700000000001,3.743136062357641,0.04129937207820017
7706.700000000001,3.752490430357001,-0.3451027612555941
7708.700000000001,3.7632898095194824,-0.7483192117966495
7710.700000000001,3.736635079038185,0.4347682069973361
7712.700000000001,3.723947819060048,0.9442620230146986
7714.700000000001,3.745330601547697,-0.0199317577113039
7716.700000000001,3.7461936143396066,-0.05578672294676612
7718.700000000001,3.7486521798861054,-0.15311891499252023
7720.700000000001,3.741661746042815,0.15431606922971217
7722.700000000001,3.7432912573876878,0.07410109458084804
7724.700000000001,3.745363904158579,-0.013854803669782291
7726.700000000001,3.7529574574514397,-0.33634395518696125
7728.700000000001,3.7528597080823403,-0.31169111495824836
7730.700000000001,3.750289545930524,-0.18621418659723857
7732.700000000001,3.747347077647255,-0.04780406368637492
7734.700000000001,3.7438635579033797,0.10941447845450691
7736.700000000001,3.7369232121396867,0.405392428987695
7738.700000000001,3.7367974895974365,0.3929061476409309
7740.700000000001,3.7289405038830505,0.6973263251782003
7742.700000000001,3.72834354045246,0.6891173705163828
7744.700000000001,3.741908814869492,0.07390024012399692
7746.700000000001,3.7474204316707507,-0.16090616264219007
7748.700000000001,3.7388872892651093,0.220806148649684
7750.700000000001,3.751469620071904,-0.3258763162115065
7752.700000000001,3.7510852149190272,-0.2976457986549853
7754.700000000001,3.750521369910063,-0.2500443472531568
7756.700000000001,3.7435849846072067,0.0751810337768145
7758.700000000001,3.717437001093719,1.2070667480506032
7760.700000000001,3.7005741994561916,1.8681103408418371
7762.700000000001,3.750523939872256,-0.36927675720748265
7764.700000000001,3.708596180178212,1.4924021643877992
7766.700000000001,3.339689403821873,17.542439377222244
7768.700000000001,3.7477769039618782,-0.8261477457757412
7770.700000000001,3.7485046399668347,-0.7831305847024346
7772.700000000001,3.7487361071044454,-0.7209745937502723
7774.700000000001,3.7398592899158745,-0.2564457374930724
7776.700000000001,3.7216561589368067,0.5431798124574293
7778.700000000001,3.7192575276574718,0.6398239630279106
7780.700000000001,3.723495114339124,0.4405150814526683
7782.700000000001,3.746433692724866,-0.5368664194258851
7784.700000000001,3.7454197195348473,-0.4411149530929882
7786.700000000001,3.7460450887010235,-0.4261116375178723
7788.700000000001,3.744554811846025,-0.3182636994433904
7790.700000000001,3.744469690117393,-0.27098599444983773
7792.700000000001,3.730457784925119,0.3499206933805703
7794.700000000001,3.7011779621078578,1.5967398794784955
7796.700000000001,3.698674434299633,1.6442050560036943
7798.700000000001,3.6955598470012285,1.701236275692279
7800.700000000001,3.3201577789548704,18.000757344835296
7802.700000000001,3.5804408925648,5.57209318965074
7804.700000000001,3.73208834547036,-1.0547537347624425
7806.700000000001,3.734380718686187,-1.036262884436388
7808.700000000001,3.7372386447131283,-1.0389703961150505
7810.700000000001,3.7384388302064164,-0.9809746135377669
7812.700000000001,3.7412245387074035,-0.983563420495483
7814.700000000001,3.7425937166641496,-0.9567544407110458
7816.700000000001,3.7439224323027105,-0.9107168723657968
7818.700000000001,3.7015778792403724,1.0230168578632948
7820.700000000001,3.6924256157592183,1.4147410686379502
7822.700000000001,3.691407831980562,1.420147671076215
7824.700000000001,3.7334352491958716,-0.4592983130759249
7826.700000000001,3.716030743254488,0.39884285827170596
7828.700000000001,3.6616084068823356,2.7650942762409496
7830.700000000001,3.6310705723197856,3.9590647343164145
7832.700000000001,3.6122492816233756,4.59130075473877
7834.700000000001,3.7380619618242275,-0.9844905416322379
7836.700000000001,3.740135277934709,-0.972342380780966
7838.700000000001,3.7421506994850517,-0.9631429535681607
7840.700000000001,3.7434706535435445,-0.9291368744796848
7842.700000000001,3.7440054975496566,-0.8754527959935899
7844.700000000001,3.744751873015265,-0.8327612663331954
7846.700000000001,3.7456523230370147,-0.8026958412251538
7848.700000000001,3.7466925530812785,-0.7788607731837169
7850.700000000001,3.7944290548420243,-2.8194216598589774
7852.700000000001,3.802301776595802,-2.9912451132569493
7854.700000000001,3.79240883469306,-2.4285924733963693
7856.700000000001,3.7380793255634908,0.05361897691855906
7858.700000000001,3.5977314657254955,6.0881582245525205
7860.700000000001,3.744851819597579,-0.5552772305348342
7862.700000000001,3.7452299635706856,-0.51773650122613
7864.700000000001,3.7444700394229513,-0.4616762247640322
7866.700000000001,3.7442845390147235,-0.4185154057353494
7868.700000000001,3.752709676165262,-0.7447679371967408
7870.700000000001,3.7530356763535293,-0.7191895318522432
7872.700000000001,3.7529064894831503,-0.6630805424241866
7874.700000000001,3.7593725358353276,-0.9000149457215251
7876.700000000001,3.744096880558657,-0.2005565997207076
7878.700000000001,3.7231102607569335,0.7112738072102512
7880.700000000001,3.7156903442714557,1.0006773854389672
7882.700000000001,3.710615533781433,1.1596126618893314
7884.700000000001,3.740116923278701,-0.16616969421276984
7886.700000000001,3.7282473042142112,0.36790698423027607
7888.700000000001,3.717232701719798,0.8081174626731787
7890.700000000001,3.73380444310414,0.06132959114364198
7892.700000000001,3.732548164299344,0.12820784694026913
7894.700000000001,3.732813484155893,0.1162132329523083
7896.700000000001,3.726536957349846,0.3765939801122597
7898.700000000001,3.7213321408118687,0.5911484309147101
7900.700000000001,3.7376619878378663,-0.1442536255339575
7902.700000000001,3.7274179605836917,0.32192458928597323
7904.700000000001,3.701999508275851,1.4132185563727702
7906.700000000001,3.709618995201278,1.0214736871633983
7908.700000000001,3.7204385913131732,0.511773682068317
7910.700000000001,3.7195204770373484,0.5369691011030112
7912.700000000001,3.707214539187869,1.054512611586667
7914.700000000001,3.717955706032773,0.5645419125624761
7916.700000000001,3.7170333786721077,0.5797242987612552
7918.700000000001,3.716959372180515,0.5719166238796521
7920.700000000001,3.717104395338224,0.5530768928497365
7922.700000000001,3.717039435832545,0.5438854116269082
7924.700000000001,3.715986279640232,0.5870385747905997
7926.700000000001,3.6994941001766106,1.2783521400766367
7928.700000000001,3.702732136628486,1.0892597607958991
7930.700000000001,3.6573147036090448,3.030199999301708
7932.700000000001,3.6465108059293825,3.356248928779525
7934.700000000001,3.303420846059048,18.18373452239098
7936.700000000001,3.686364176878827,0.5677914040025931
7938.700000000001,3.7263160837279306,-1.0546223749846169
7940.700000000001,3.850355348198645,-6.2533240191412105
7942.700000000001,3.7350540633272256,-0.8927296126758199
7944.700000000001,3.7361059116292283,-0.8578055431086085
7946.700000000001,3.737687604229447,-0.8441459905849339
7948.700000000001,3.6880755485583068,1.375122743654718
7950.700000000001,3.685348751318725,1.4364300583851926
7952.700000000001,3.7515908165126675,-1.437558552111443
7954.700000000001,3.729345105864106,-0.3901636156232903
7956.700000000001,3.7186744290441696,0.12008134090802017
7958.700000000001,3.7193360712570414,0.10364386783137873
7960.700000000001,3.7382507296428433,-0.6653835479010706
7962.700000000001,3.737331951911552,-0.5835806818427264
7964.700000000001,3.736602310823467,-0.4555482941142938
7966.700000000001,3.693044506413304,1.4528019074489127
7968.700000000001,3.7632758986925983,-1.620303213554944
7970.700000000001,3.748909296558617,-0.8669435252070906
7972.700000000001,3.6432137092247707,3.739431992977379
7974.700000000001,3.658673217359527,2.85350130677272
7976.700000000001,3.6851388861216474,1.5962380686654698
7978.700000000001,3.68431986598397,1.5838357773170295
7980.700000000001,3.7292978068059353,-0.45809780463003563
7982.700000000001,3.7307849217759115,-0.44648159279218935
7984.700000000001,3.7365267089093814,-0.6423568513273267
7986.700000000001,3.72742183033346,-0.20191885708195287
7988.700000000001,3.733757145120684,-0.4292980445730047
7990.700000000001,3.7354054428965644,-0.4703955475982312
7992.700000000001,3.721707273430886,0.1761685744478193
7994.700000000001,3.7350700686634406,-0.4148656708426591
7996.700000000001,3.763491027486554,-1.599691439798328
7998.700000000001,3.7547416364292325,-1.1071102326462563
8000.700000000001,3.7461696242642244,-0.6794789051428108
8002.700000000001,3.7296115836620385,0.06851657859266913
8004.700000000001,3.7300968777096783,0.05
8006.700000000001,3.73009260542168,0.05
8008.700000000001,3.7131065786324156,0.8022060609203868
8010.700000000001,3.678109284700144,2.2774458973892404
8012.700000000001,3.655726399245243,3.1083887866787494
8014.700000000001,3.7289418661187232,-0.18397739925621454
8016.700000000001,3.7279508567692803,-0.11437768286059663
8018.700000000001,3.7325517701577833,-0.2847466316251421
8020.700000000001,3.7458396270324594,-0.8328628602701929
8022.700000000001,3.7551531656063633,-1.182483672580433
8024.700000000001,3.7359394269617727,-0.299648707325756
8026.700000000001,3.728943708404874,0.02499897544375241
8028.700000000001,3.7279112255170537,0.07499999999997105
8030.700000000001,3.7285876833173934,0.05
8032.700000000001,3.728688355098174,0.05
8034.700000000001,3.728785461287787,0.05
8036.700000000001,3.7292761121633022,0.03322014059132213
8038.700000000001,3.727853730160673,0.09757521733214845
8040.700000000001,3.728936338707784,0.05743865750497825
8042.700000000001,3.729848240169804,0.025634871606733528
8044.700000000001,3.73003741706684,0.025
8046.700000000001,3.730185203638429,0.025
8048.700000000001,3.7303039515393968,0.025
8050.700000000001,3.7303977164565714,0.025
8052.700000000001,3.730503239283892,0.025
8054.700000000001,3.730637659634248,0.025
8056.700000000001,3.730745027675654,0.025
8058.700000000001,3.730847775722763,0.025
8060.700000000001,3.729186242200785,0.1018621504058455
8062.700000000001,3.728013263825273,0.14855681099166468
8064.700000000001,3.725483209933879,0.24878741009525815
8066.700000000001,3.7269909611998457,0.1772994268504538
8068.700000000001,3.730566377705325,0.025
8070.700000000001,3.729673193207911,0.07022276559960255
8072.700000000001,3.7296074098023495,0.07500432128648195
8074.700000000001,3.730757429488768,0.028922655232113712
8076.700000000001,3.7308733135457737,0.029021691220550015
8078.700000000001,3.7316566826860953,0.0
8080.700000000001,3.7317844625563374,0.0
8082.700000000001,3.731908102287123,0.0
8084.700000000001,3.732027845653566,0.0
8086.700000000001,3.732143921411833,0.0
8088.700000000001,3.731688182804721,0.025
8090.700000000001,3.7317846594803896,0.025
8092.700000000001,3.731879417720061,0.025
8094.700000000001,3.731942146323118,0.025
8096.700000000001,3.731961517189213,0.025
8098.700000000001,3.73200363649124,0.025
8100.700000000001,3.732076120407264,0.025
8102.700000000001,3.7321473060358,0.025
8104.700000000001,3.732217262592468,0.025
8106.700000000001,3.732286055051149,0.025
8108.700000000001,3.732353744406004,0.025
8110.700000000001,3.732420387917287,0.025
8112.700000000001,3.732486039341973,0.025
8114.700000000001,3.732550749150133,0.025
8116.700000000001,3.732641707604725,0.025
8118.700000000001,3.7327435341223225,0.025
8120.700000000001,3.732818157518608,0.025
8122.700000000001,3.732856904803144,0.025
8124.700000000001,3.732919609214607,0.025
8126.700000000001,3.7329550383174968,0.025
8128.700000000001,3.732997687960609,0.025
8130.700000000001,3.733042677357128,0.025
8132.700000000001,3.733111618092449,0.025
8134.700000000001,3.733199570260744,0.025
8136.700000000001,3.733286969056264,0.025
8138.700000000001,3.733345770377144,0.025
8140.700000000001,3.733379392930056,0.025
8142.700000000001,3.733412529204822,0.025
8144.700000000001,3.7334451989262174,0.025
8146.700000000001,3.733477420633265,0.025
8148.700000000001,3.73350921175239,0.025
8150.700000000001,3.733540588666058,0.025
8152.700000000001,3.7335715667771727,0.025
8154.700000000001,3.733602160569494,0.025
8156.700000000001,3.7336323836643177,0.025
8158.700000000001,3.733662248873665,0.025
8160.700000000001,3.7336917682501753,0.025
8162.700000000001,3.7337346858192064,0.025
8164.700000000001,3.7337819561134857,0.025
8166.700000000001,3.733828912630403,0.025
8168.700000000001,3.733875564825168,0.025
8170.700000000001,3.733921516206892,0.025
8172.700000000001,3.733944900835327,0.025
8174.700000000001,3.734576935704496,0.0
8176.700000000001,3.7346546620552457,0.0
8178.700000000001,3.734730831377965,0.0
8180.700000000001,3.7368094652376946,-0.08817450144779687
8182.700000000001,3.7428011466968414,-0.325
8184.700000000001,3.7433301842475095,-0.325
8186.700000000001,3.7437577405642495,-0.325
8188.700000000001,3.744033847302927,-0.325
8190.700000000001,3.7443664505095446,-0.325
8192.7,3.7449823683599206,-0.325
8194.7,3.7450312098552248,-0.325
8196.7,3.7454337390243087,-0.325
8198.7,3.745873724679627,-0.325
8200.7,3.746157772346141,-0.325
8202.7,3.7464456945198656,-0.325
8204.7,3.7467676553382487,-0.325
8206.7,3.747353429605029,-0.325
8208.7,3.74768283271464,-0.325
8210.7,3.7479724017020746,-0.325
8212.7,3.748206333905715,-0.325
8214.7,3.748459854463978,-0.325
8216.7,3.748712624360941,-0.325
8218.7,3.74874637025226,-0.325
8220.7,3.749269846281933,-0.325
8222.7,3.749291721316152,-0.325
8224.7,3.749513418842602,-0.325
8226.7,3.750057671137361,-0.325
8228.7,3.750267943432852,-0.325
8230.7,3.75040623565398,-0.325
8232.7,3.750440815655054,-0.325
8234.7,3.7506775936275583,-0.325
8236.7,3.75086514452134,-0.325
8238.7,3.751140924904955,-0.325
8240.7,3.751366520985073,-0.325
8242.7,3.7517856262682674,-0.325
8244.7,3.751724911391393,-0.325
8246.7,3.751914955423628,-0.325
8248.7,3.7522382915194537,-0.325
8250.7,3.752299442023909,-0.325
8252.7,3.7525255481702606,-0.325
8254.7,3.7527379533528,-0.325
8256.7,3.7532209571242903,-0.325
8258.7,3.753009189726234,-0.325
8260.7,3.753475819892923,-0.325
8262.7,3.753749767263367,-0.325
8264.7,3.7539340745893632,-0.325
8266.7,3.753919447719993,-0.325
8268.7,3.754208887316553,-0.325
8270.7,3.754299419701221,-0.325
8272.7,3.7544468592108218,-0.325
8274.7,3.754504413241882,-0.325
8276.7,3.75484284056514,-0.325
8278.7,3.755140314941893,-0.325
8280.7,3.755212896784637,-0.325
8282.7,3.755484715682074,-0.325
8284.7,3.7556509722138975,-0.325
8286.7,3.755651354460771,-0.325
8288.7,3.643806905250981,4.4692522678379465
8290.7,3.651557104192416,3.8919036432124985
8292.7,3.71210745664696,1.1062352029359612
8294.7,3.716516615862384,0.8864675081379756
8296.7,3.70919460150616,1.1612070494158806
8298.7,3.724987428926465,0.425790096449225
8300.7,3.732491109176841,0.0959155952796
8302.7,3.735285293620172,-0.012216005715177
8304.7,3.734880624984963,0.0208119737525305
8306.7,3.73486766127092,0.0346588863532808
8308.7,3.718522729727933,0.7529620962506193
8310.7,3.728475659351033,0.299848907974981
8312.7,3.7297851262149897,0.2309694283448262
8314.7,3.726934960656203,0.3589187083189583
8316.7,3.726943877198556,0.3525736109196777
8318.7,3.726631174910984,0.3629218177160109
8320.7,3.734184755594064,0.02827089603363
8322.7,3.7338398292635584,0.0549491982260086
8324.7,3.733804298532417,0.0665459571920077
8326.7,3.722247652820346,0.5810420840484565
8328.7,3.7224485920713817,0.5669189338390591
8330.7,3.733688864278542,0.0525840901621757
8332.7,3.7336617618892425,0.0642904407100153
8334.7,3.734282682476346,0.0457569223693053
8336.7,3.763803378984128,-1.189945966864718
8338.7,3.679840840059776,2.521365611777373
8340.7,3.6824736777652793,2.2366436763069237
8342.7,3.7541404117706474,-0.9458425885564627
8344.7,3.75786908579554,-1.0137328719309588
8346.7,3.711243231644171,1.059643393630059
8348.7,3.679979313605122,2.346591491476774
8350.7,3.681687452371851,2.1522815531855137
8352.7,3.7065191332658793,0.9802235932022372
8354.7,3.7281963394011504,0.0399328881680424
8356.7,3.728467192320019,0.0473146787211991
8358.7,3.728615724841459,0.0590364690430549
8360.7,3.72894621565265,0.0613660672838117
8362.7,3.771286101422562,-1.753920651289037
8364.7,3.7569304527567056,-1.0173620070045355
8366.7,3.745448199591924,-0.4706366863438297
8368.7,3.734043140779954,0.0556881993024073
8370.7,3.734093626460768,0.0599089816335663
8372.7,3.7344892229938416,0.0485371482937838
8374.7,3.73455540035424,0.051150027901543
8376.7,3.7344116227557143,0.0636583155474575
8378.7,3.73446966563858,0.0663915283626215
8380.7,3.734712949120736,0.058783374842743
8382.7,3.73517969923678,0.0422246998944021
8384.7,3.734890923297245,0.0617474173371161
8386.7,3.7348093674299863,0.0742141735398938
8388.7,3.735350875132297,0.0590568610336477
8390.7,3.752942524303428,-0.6992068942718805
8392.7,3.736237575784146,0.0666725329934847
8394.7,3.7384255882948505,-0.0273234221863846
8396.7,3.7366353932377354,0.0585991966763073
8398.7,3.728515399354381,0.4186942688638921
8400.7,3.7281356441426543,0.4196383799232647
8402.7,3.728064682899382,0.4158449831925123
8404.7,3.727238341323575,0.424707808519592
8406.7,3.7355640112820314,0.0542105363079389
8408.7,3.736057625690401,0.0365844222954915
8410.7,3.735909512118873,0.0472222000884701
8412.7,3.736002973695341,0.0470034358799658
8414.7,3.7360633009867183,0.0481274498835201
8416.7,3.728658169491799,0.3740612283785847
8418.7,3.721343122369159,0.676113284072514
8420.7,3.7203984700342856,0.6825185178935143
8422.7,3.719794921323228,0.6753394286220544
8424.7,3.722201926533168,0.5428978346713491
8426.7,3.726486173828916,0.3493547627097196
8428.7,3.725289079774921,0.3980118314661177
8430.7,3.71879634609099,0.66276740595211
8432.7,3.717985187229718,0.6694473130105948
8434.7,3.718589087704656,0.6333928406748882
8436.7,3.706446417283401,1.1234646197331022
8438.7,3.705197911671047,1.1330121317252289
8440.7,3.712708993180392,0.7526694158186239
8442.7,3.7289802927773135,0.0450804986938445
8444.7,3.722852991038986,0.3171951503142286
8446.7,3.72868305835077,0.0697254483854876
8448.7,3.7288001725632944,0.0753713919335226
8450.7,3.7292392512932673,0.0721514156339644
8452.7,3.729688014561351,0.0684597688475394
8454.7,3.730386674280431,0.0529719813138162
8456.7,3.7304340668251,0.0634629509872388
8458.7,3.7304975394492175,0.0651957324646984
8460.7,3.7306713243183456,0.0600916892309052
8462.7,3.730765954530096,0.0628558895533766
8464.7,3.731323521917184,0.0504701734325093
8466.7,3.731482361552769,0.0531045285895435
8468.7,3.731566465288607,0.0571939837010718
8470.7,3.7319239820741448,0.0500696520813228
8472.7,3.732329917823789,0.041078454911311
8474.7,3.732476959111533,0.0432960014531499
8476.7,3.727584485243663,0.2679255907537674
8478.7,3.7257230783604314,0.3429005864601654
8480.7,3.7252697556855967,0.3535712705245309
8482.7,3.715654870252286,0.7460017746720745
8484.7,3.715303648945908,0.736857194701199
8486.7,3.717047935596777,0.630827372912536
8488.7,3.7207287732860914,0.4527745993838351
8490.7,3.720712482801196,0.4552352132659479
8492.7,3.721583164969525,0.4050016860380073
8494.7,3.720252302857888,0.4495958580595321
8496.7,3.7199542810850073,0.4485071738860254
8498.7,3.729066640117077,0.0525432938115833
8500.7,3.7228024681869543,0.3390731675415005
8502.7,3.721096773994777,0.4051189456719903
8504.7,3.720248366509097,0.4386879535114795
8506.7,3.715505254431664,0.6303039656757928
8508.7,3.713996760293096,0.6822544955129253
8510.7,3.724773226908473,0.2002269733746459
8512.7,3.728202776762598,0.05631674740646
8514.7,3.728663133349695,0.0452768386844586
8516.7,3.728730932662542,0.0512397830614438
8518.7,3.72232002009185,0.3407953574410577
8520.7,3.7153981743040863,0.6367876758797772
8522.7,3.7148756935122513,0.637205789315842
8524.7,3.7142227847915454,0.6524349567572613
8526.7,3.7134548558765306,0.6670659865962822
8528.7,3.720874304523044,0.3204805261593854
8530.7,3.7160988730018425,0.5315798922010876
8532.7,3.717500633620743,0.4622103792194291
8534.7,3.714196062449876,0.5858479368036881
8536.7,3.7169966020874825,0.4631716607166793
8538.7,3.703832855963294,1.0310459992788312
8540.7,3.691342833142524,1.5214142341744905
8542.7,3.702526601118388,0.978685527386013
8544.7,3.701648575030923,0.9771461506438625
8546.7,3.707523547766747,0.7074992909889257
8548.7,3.707276222280009,0.703861366929699
8550.7,3.707205103490001,0.7023194192763443
8552.7,3.702864863976008,0.8689784967986585
8554.7,3.703480288430585,0.8226289382892734
8556.7,3.6954043463793895,1.15082247508678
8558.7,3.7063735718334727,0.6564790644985943
8560.7,3.719166834534844,0.0997610962576215
8562.7,3.719861775629635,0.0891848805717767
8564.7,3.7200875771982007,0.0975464645199971
8566.7,3.7077308554717057,0.6239923179448228
8568.7,3.5687342605192764,6.601357040643165
8570.7,3.3027547674068267,17.72724627281927
8572.7,3.694014749257265,-0.0879546213595442
8574.7,3.6961099667964574,-0.0959700873541904
8576.7,3.69749090718495,-0.0777279847973625
8578.7,3.698783413976619,-0.0664276653417296
8580.7,3.69972854430674,-0.0444401891608742
8582.7,3.7007600309676048,-0.028981697244284
8584.7,3.70252647116242,-0.0489195855077699
8586.7,3.703502296591109,-0.0350882514769869
8588.7,3.7043360511842143,-0.0202621952665771
8590.7,3.703997064234227,0.041316545475026
8592.7,3.705154811533116,0.0336848766323892
8594.7,3.706318941138447,0.0245371280999573
8596.7,3.742508350792893,-1.4951767326545629
8598.7,3.731902980809284,-0.9062198527331952
8600.7,3.7369153779792312,-1.0500476593613484
8602.7,3.737490938567592,-0.9855619312547468
8604.7,3.759350659684967,-1.8771392323677007
8606.7,3.7863407218787737,-2.877739983409937
8608.7,3.755396898160229,-1.3769863107258644
8610.7,3.72827560268378,-0.1368634528940568
8612.7,3.723524081789892,0.075
8614.7,3.724112261335363,0.05
8616.7,3.724735892000581,0.025
8618.7,3.7248045663098734,0.025
8620.7,3.700142450295945,1.0985124579546628
8622.7,3.679672489874342,1.894366867712333
8624.7,3.575912885040861,6.326813848076933
8626.7,3.3067117276396094,17.461643488552347
8628.7,3.6815058472664015,0.4532676470684177
8630.7,3.674714353731837,0.7877566985657835
8632.7,3.6880050193721474,0.2229823173480881
8634.7,3.693673200356972,0.0377412578520284
8636.7,3.676931211187865,0.8150985306343956
8638.7,3.6788972846264474,0.7372095423528606
8640.7,3.679180419268656,0.7349166250237864
8642.7,3.674865011940476,0.9434085415636458
8644.7,3.6702130663099024,1.1409203093545863
8646.7,3.670459690538108,1.1122662730528106
8648.7,3.679779457004625,0.6875365290988706
8650.7,3.690718743426889,0.2406472510975608
8652.7,3.6924920935266927,0.1993186925339805
8654.7,3.6792031676361336,0.8019481169258965
8656.7,3.7006268516871135,-0.1251042958015812
8658.7,3.698740716905897,0.0020244194357378
8660.7,3.69951067342272,0.0093630831262255
8662.7,3.7001376786159,0.0205864355762149
8664.7,3.7009951117060433,0.0193674499954535
8666.7,3.701612415555065,0.0266804469929706
8668.7,3.702389980133772,0.0249186441026535
8670.7,3.7031768072756384,0.0202629395235444
8672.7,3.7037470868541567,0.0234689275795059
8674.7,3.704181549222089,0.0307045116530827
8676.7,3.704324237320007,0.0476352775112067
8678.7,3.749394816184234,-1.878688550555483
8680.7,3.7452022829759226,-1.575775475923062
8682.7,3.744535891575663,-1.4405056735504886
8684.7,3.752672685841615,-1.712266174029477
8686.7,3.7512792972048863,-1.547475895887959
8688.7,3.755685106960633,-1.6523262172893112
8690.7,3.719381684761208,-0.0020494723107533
8692.7,3.719951781698186,-0.0296945288198327
8694.7,3.7174799979585114,0.0876184463284498
8696.7,3.6084352755272486,4.748416021958006
8698.7,3.4611564101524936,10.86238980688086
8700.7,3.485106721790783,9.222117624984133
8702.7,3.683980624634151,0.331657700164249
8704.7,3.6856965390544034,0.2865506226497299
8706.7,3.68657305203266,0.2779349372954503
8708.7,3.687060468556073,0.2884945435595379
8710.7,3.687097422641018,0.3165801492090242
8712.7,3.6872787074002993,0.3367175746203235
8714.7,3.687022354354893,0.3582252143702376
8716.7,3.6865207680872376,0.4010863305503873
8718.7,3.695396664697492,0.0363859644289784
8720.7,3.6964384293465247,0.0255957804192738
8722.7,3.696330502685192,0.0756659202227018
8724.7,3.697378260748783,0.0578427558369893
8726.7,3.697934761035477,0.0610812817979584
8728.7,3.698365032836924,0.0683330450548266
8730.7,3.692258453233582,0.3596978939824034
8732.7,3.681146305312385,0.8364002988941353
8734.7,3.68064948962325,0.8348338090578842
8736.7,3.6919661204561054,0.3224431010769494
8738.7,3.692450210846741,0.3110358867046658
8740.7,3.6979396909412343,0.0916543780033454
8742.7,3.699340507143614,0.0525530452803161
8744.7,3.699586488296836,0.0628186656288315
8746.7,3.700339384927665,0.04946132432655
8748.7,3.72192549309156,-0.8641286019657363
8750.7,3.7335161711516553,-1.3006976584720946
8752.7,3.72910578840709,-1.0306618781919012
8754.7,3.724283601259688,-0.7550813217955924
8756.7,3.709905521379479,-0.078414485268091
8758.7,3.692086424842732,0.698084325852209
8760.7,3.6736422941287534,1.4600449498092554
8762.7,3.6696507359116057,1.5571235828044998
8764.7,3.6654683993167465,1.6668813010586327
8766.7,3.660930364966053,1.7983093217065278
8768.7,3.653124401680704,2.0528754308310684
8770.7,3.6474197989360384,2.1999018808161983
8772.7,3.658531557202679,1.6312177453028298
8774.7,3.686268973326975,0.3761190101822277
8776.7,3.6862972680904806,0.3793173325081388
8778.7,3.6874841489890193,0.342181957316778
8780.7,3.6939625351041134,0.0845800499837457
8782.7,3.6946942084911742,0.076971368008389
8784.7,3.7198548469763337,-0.9760470410224048
8786.7,3.7196733699243785,-0.8806224949591815
8788.7,3.7110612563601983,-0.4389818752577457
8790.7,3.682017408741501,0.8484940832111704
8792.7,3.674613383884352,1.1439689395674542
8794.7,3.6736898301170617,1.1413761488703915
8796.7,3.6725237716896233,1.1454040018527876
8798.7,3.6819447578500935,0.6920055428598619
8800.7,3.6967294754223583,0.044956755361311
8802.7,3.696430881624394,0.0769601879936903
8804.7,3.7181885515002,-0.8287412551189369
8806.7,3.714017374012847,-0.58662203734621
8808.7,3.717778667334992,-0.6988127024943289
8810.7,3.7111582429783514,-0.3497467426134599
8812.7,3.721359261920788,-0.7662821677572538
8814.7,3.728312328372593,-1.0046285446487748
8816.7,3.726528128338148,-0.869042439596635
8818.7,3.715848287993095,-0.3540386388525394
8820.7,3.707025454197844,0.0393998127706594
8822.7,3.6982029772623872,0.4274373795061372
8824.7,3.677879029347144,1.2698855101931117
8826.7,3.659982905711931,1.9715935275330565
8828.7,3.6458267324512295,2.481543793706394
8830.7,3.63539563568728,2.807190534232455
8832.7,3.6334741562514816,2.752420372075397
8834.7,3.692912720296412,0.091261303568051
8836.7,3.6938773426325735,0.0709227204581904
8838.7,3.694074092157664,0.083940502423851
8840.7,3.695257799427243,0.0543831416326528
8842.7,3.695507849150156,0.0656303526760067
8844.7,3.69585969793728,0.0713894420705266
8846.7,3.686932842611159,0.4632850296966421
8848.7,3.680912550830743,0.7188803882253941
8850.7,3.680469815147052,0.7201394453247374
8852.7,3.679698516714022,0.737510303776283
8854.7,3.674115871679605,0.9481689498170712
8856.7,3.6735177778914014,0.9591461214988394
8858.7,3.677289285813212,0.750269536095808
8860.7,3.6727809442969392,0.9481197869451318
8862.7,3.671188517245033,0.9979775552631852
8864.7,3.670328301378587,1.0017355123507277
8866.7,3.670071504366936,0.990008631388148
8868.7,3.631014851111235,2.675040180486401
8870.7,3.628182920694674,2.7033273438716963
8872.7,3.624961597243175,2.736161515647662
8874.7,3.622512677678341,2.75920638876087
8876.7,3.671419587287175,0.5002174509427731
8878.7,3.6768248366710026,0.3042666341830057
8880.7,3.677486091961547,0.3121263295481848
8882.7,3.6780275369829063,0.3279355219013697
8884.7,3.686032531884486,0.0175390141263562
8886.7,3.686789011618549,0.0303812587220128
8888.7,3.687853191263747,0.0263708071647501
8890.7,3.6886090196455914,0.0324477492851131
8892.7,3.696023127030319,-0.2618672312616428
8894.7,3.709005405290347,-0.7685007285103648
8896.7,3.709686783523486,-0.7280685694082492
8898.7,3.728200094891818,-1.455146111249758
8900.7,3.72937831018362,-1.399797169540514
8902.7,3.7379694235161214,-1.689720279545592
8904.7,3.730953973881913,-1.2592400297778157
8906.7,3.715069703064136,-0.5009683897554026
8908.7,3.704031229875638,1.081092394181023e-06
8910.7,3.698777776643367,0.2298588583703925
8912.7,3.677759583343284,1.1260649361085666
8914.7,3.688573703454773,0.570921887310951
8916.7,3.688564904804964,0.5511941202436865
8918.7,3.669958598188531,1.3242752904056578
8920.7,3.649878276613859,2.1536187894340872
8922.7,3.653143644264433,1.89436466432028
8924.7,3.676358860431811,0.7706198506890443
8926.7,3.6775528102746926,0.725863459796697
8928.7,3.665681946060011,1.2339694237826615
8930.7,3.639342945413561,2.3489163426604422
8932.7,3.626830148097512,2.798336435220064
8934.7,3.622134864018277,2.887823937093091
8936.7,3.649241239368824,1.5669348901108189
8938.7,3.656388865227052,1.2212468420272833
8940.7,3.6561957147928537,1.2041894872474317
8942.7,3.672810436332405,0.4764982564267555
8944.7,3.6941588834613728,-0.4467859897933406
8946.7,3.6733421067204968,0.5562679694898197
8948.7,3.6565173966039417,1.318634856473314
8950.7,3.65559747717654,1.3250041052850372
8952.7,3.650773222801467,1.5059830959332732
8954.7,3.650019921159779,1.500892496947008
8956.7,3.6497714859717663,1.476772098079978
8958.7,3.689122686556576,-0.2905744902282002
8960.7,3.689885877117772,-0.2557163235171363
8962.7,3.665536851342288,0.8474298540005055
8964.7,3.6741136571459223,0.4827403705592421
8966.7,3.664296694251233,0.9390522255555436
8968.7,3.652445476759003,1.4325534317650104
8970.7,3.663092354117852,0.92425080947353
8972.7,3.6628972408042366,0.9160593086980804
8974.7,3.662683200324379,0.925
8976.7,3.654129849160086,1.2805122505772404
8978.7,3.702174131837293,-0.8848680526333783
8980.7,3.685040675931925,-0.0417813387312107
8982.7,3.704139696858743,-0.8235674024453002
8984.7,3.7050552445746994,-0.7940757552230626
8986.7,3.705171812714752,-0.7369318862252223
8988.7,3.705550442707758,-0.682312226141822
8990.7,3.7053533140233625,-0.6213895012545925
8992.7,3.71673254324239,-1.0759838830894848
8994.7,3.723173247324056,-1.2986093482837404
8996.7,3.732059084176616,-1.6219394095052828
8998.7,3.72179067236157,-1.068957131158667
9000.7,3.7106698491418406,-0.5232413955210368
9002.7,3.699052000044055,0.0052009301971475
9004.7,3.697970837228017,0.0496664345581746
9006.7,3.6978674418700206,0.05
9008.7,3.697792782184308,0.05
9010.7,3.6977487238472375,0.05
9012.7,3.6976479372674222,0.05
9014.7,3.6975247492674823,0.05
9016.7,3.6974128137988815,0.05
9018.7,3.6973262187950144,0.05
9020.7,3.697377512876128,0.05
9022.7,3.697436827372493,0.05
9024.7,3.6977753254106807,0.0375496198695802
9026.7,3.697721199257879,0.0402453487728888
9028.7,3.697759141428768,0.0373961217058149
9030.7,3.6960107389601,0.1143082352625338
9032.7,3.673707725665381,1.084418982017127
9034.7,3.6670262159487166,1.3109658030117957
9036.7,3.682831844484086,0.575057850718006
9038.7,3.655151069703043,1.7880920243052216
9040.7,3.628042618795902,2.873760773207093
9042.7,3.604987601370625,3.747939159198759
9044.7,3.5919050884119663,4.155393657166759
9046.7,3.626192148231263,2.448029949626976
9048.7,3.645314101250578,1.5406656574760182
9050.7,3.644783249590733,1.531497139659764
9052.7,3.6906685454992942,-0.5443465335551725
9054.7,3.686404323245308,-0.2677882851049956
9056.7,3.657028448110931,1.0776942284352176
9058.7,3.6514749928843417,1.304729165762025
9060.7,3.6358251602519145,1.9821393967351668
9062.7,3.612383491620785,2.924262068190377
9064.7,3.6217056421173335,2.4131920253216643
9066.7,3.627777470640301,2.059667195445676
9068.7,3.626893804101519,2.042795432003524
9070.7,3.658219155354881,0.6086535279772732
9072.7,3.6802916506834458,-0.3156766637431741
9074.7,3.698090547659925,-1.023717668265872
9076.7,3.6997114847022488,-0.995122865538794
9078.7,3.701503757246578,-0.9774406476020572
9080.7,3.687575227194744,-0.2818648937783908
9082.7,3.688515957993008,-0.2818691694138691
9084.7,3.6884896260969473,-0.2374717847741596
9086.7,3.689680545467504,-0.2453418367442667
9088.7,3.689769229127526,-0.2097106830818645
9090.7,3.7012254991474105,-0.6923997475330685
9092.7,3.703968896966893,-0.7426790603183301
9094.7,3.704457896579581,-0.7127546181412863
9096.7,3.7077496122367646,-0.8070275582342804
9098.7,3.7048295073258415,-0.6362101586764457
9100.7,3.704765344123951,-0.592870293189027
9102.7,3.705293049125213,-0.5689164679013106
9104.7,3.682968740362521,0.4642026981143262
9106.7,3.686858490547974,0.2669832008280638
9108.7,3.7040056470015017,-0.4851044221702706
9110.7,3.6973835611676313,-0.1659054613924238
9112.7,3.6857726158615502,0.3489562037152531
9114.7,3.6850132235546247,0.3622018241884748
9116.7,3.685553317639117,0.3127864250517234
9118.7,3.6882488575671166,0.1840633563552935
9120.7,3.6927567169056426,-0.0205373592489598
9122.7,3.694359869452085,-0.0832023229049387
9124.7,3.6943319639541214,-0.0759882423471798
9126.7,3.691037460000098,0.0789539868276503
9128.7,3.6900781370458255,0.1231523267927437
9130.7,3.689908036327416,0.1253095825088685
9132.7,3.6891362565881742,0.1575958691020099
9134.7,3.689476877854062,0.1418963154554321
9136.7,3.689185204102617,0.1499859021545388
9138.7,3.689033261674577,0.1540534381567017
9140.7,3.698222186250072,-0.2434198778400575
9142.7,3.6974447306030287,-0.1924008180079534
9144.7,3.694245177629,-0.0382639969331197
9146.7,3.685948375095836,0.3351811986226409
9148.7,3.688805832985832,0.1970606631182717
9150.7,3.686796362054349,0.2822385638438546
9152.7,3.655534296326069,1.631054540812062
9154.7,3.604189204209869,3.8212542983135065
9156.7,3.602847124784387,3.7401341119628335
9158.7,3.579226968454277,4.580932116919618
9160.7,3.574405570164733,4.586619088795888
9162.7,3.57980452285072,4.143513486093711
9164.7,3.63782831648189,1.4550144473044722
9166.7,3.6395029867947217,1.3576716088063343
9168.7,3.676247868803596,-0.2531929069709936
9170.7,3.677156207223856,-0.2258187568756638
9172.7,3.691936021791223,-0.8178092443748646
9174.7,3.695778707810903,-0.9067466885385144
9176.7,3.699342552928593,-0.964789217153001
9178.7,3.700180978658187,-0.9174701930530968
9180.7,3.70063119348823,-0.8634935925603333
9182.7,3.719770772346537,-1.6072103879546256
9184.7,3.701827678669639,-0.7350163302162391
9186.7,3.70064481135588,-0.6279417093176263
9188.7,3.699436306348019,-0.5194611495460795
9190.7,3.680587255480056,0.3520107396764494
9192.7,3.680739969583369,0.334521931437299
9194.7,3.680843456136676,0.3210052101586724
9196.7,3.689065500641191,-0.0390843415800871
9198.7,3.688859701869192,-0.0190935848632849
9200.7,3.688804733862924,-0.0076207484008035
9202.7,3.688749927085997,0.0029003379721465
9204.7,3.6822860290021335,0.2982418704250051
9206.7,3.6823873657258495,0.2762340359046984
9208.7,3.682455095767424,0.2673985264875057
9210.7,3.682707004243437,0.2513067860938511
9212.7,3.6772666270351775,0.4909636579702686
9214.7,3.676148608868605,0.5231133749253409
9216.7,3.674366403422578,0.5794039897680445
9218.7,3.674760312380432,0.5317644436329604
9220.7,3.67488968657476,0.5150153470052464
9222.7,3.673109316135609,0.5867473583876798
9224.7,3.6559817816325375,1.3097205573172277
9226.7,3.6420508808831142,1.8611346276018303
9228.7,3.639930388400489,1.8790477072020988
9230.7,3.67074471024812,0.4184106116650622
9232.7,3.695836188297393,-0.6485954126738005
9234.7,3.695793959426824,-0.5896944342603991
9236.7,3.694490835713438,-0.4412967842163549
9238.7,3.6656495352965206,0.8638013482828045
9240.7,3.637451952336431,2.0477558417093897
9242.7,3.642357016756731,1.7313917543621842
9244.7,3.684578414353072,-0.1606424152907825
9246.7,3.6635759686846567,0.7908965870497121
9248.7,3.62736004703684,2.359238552363335
9250.7,3.621747535268583,2.507095216514696
9252.7,3.62086538780164,2.431129506583777
9254.7,3.6836269379055655,-0.3814737289711093
9256.7,3.684446134283696,-0.3669325244926195
9258.7,3.6738230282727695,0.14732713753373
9260.7,3.6847024083992417,-0.3190443878024425
9262.7,3.695157288301403,-0.7249591073523941
9264.7,3.7126559756904167,-1.4306833969392485
9266.7,3.7258339494403274,-1.9126363989013035
9268.7,3.694477794028936,-0.4132804885007598
9270.7,3.6513619480551145,1.5315787931481704
9272.7,3.5961819289018155,3.8652274172582737
9274.7,3.594892626656294,3.720788984852529
9276.7,3.671551543396304,0.2117502685055969
9278.7,3.6836505554318166,-0.2902887818487624
9280.7,3.6672577133783744,0.461732989561353
9282.7,3.6669561304384497,0.4745132976985576
9284.7,3.664010485584496,0.624009854754545
9286.7,3.675674662416379,0.1054567118948698
9288.7,3.675612123589653,0.1228428368622667
9290.7,3.666491712819025,0.522493502414582
9292.7,3.675132560713788,0.1367247727830368
9294.7,3.6688055288853576,0.4453801685327851
9296.7,3.667749844601856,0.4829621507130354
9298.7,3.667689464897817,0.490440068766093
9300.7,3.683305509867949,-0.1935670408160404
9302.7,3.67769707236037,0.0729360292405074
9304.7,3.67918738912172,0.0233930222066096
9306.7,3.679175492185572,0.0390773209349775
9308.7,3.666235776948019,0.6185086458201002
9310.7,3.661919539523905,0.7887767294949037
9312.7,3.678108154261918,0.0670317315273117
9314.7,3.665237249605765,0.6527404468321041
9316.7,3.6538302891453593,1.1358554528422249
9318.7,3.676126711550611,0.0974388613675326
9320.7,3.6860498187650736,-0.3062910730811716
9322.7,3.674385463811448,0.2260371891213262
9324.7,3.689253662298989,-0.4104153768350921
9326.7,3.694003804280114,-0.5846562162086096
9328.7,3.6849390213150257,-0.1501524565854897
9330.7,3.684745997526465,-0.1210253268943205
9332.7,3.685397741717279,-0.125324673069398
9334.7,3.6908596194856953,-0.3520256934799567
9336.7,3.690132744179893,-0.2995173514027777
9338.7,3.6931479769556494,-0.414192345640281
9340.7,3.700084240300823,-0.6989700908672717
9342.7,3.7086751903210975,-1.0216188193386482
9344.7,3.705408637810812,-0.8197052377428709
9346.7,3.6964069390488015,-0.3689852167579747
9348.7,3.6870231468964696,0.0510905223914755
9350.7,3.686927267882172,0.0528621920037961
9352.7,3.6868635223332,0.05
9354.7,3.6867325250018568,0.05
9356.7,3.68661173651724,0.05
9358.7,3.6865003912368177,0.05
9360.7,3.686397779784957,0.05
9362.7,3.684663407670012,0.1210114242176541
9364.7,3.686073151903574,0.0506665935472646
9366.7,3.686001556577464,0.0499666116699875
9368.7,3.686519017418755,0.025
9370.7,3.686491516406513,0.025
9372.7,3.686467991979105,0.025
9374.7,3.6864431800482222,0.025
9376.7,3.686435642012836,0.025
9378.7,3.686445030006493,0.025
9380.7,3.6864570507698415,0.025
9382.7,3.6864714945443353,0.025
9384.7,3.686387386568416,0.0290941198831766
9386.7,3.6864549217176,0.0256695747395331
9388.7,3.686494320131701,0.025
9390.7,3.685981651649559,0.0500074176355325
9392.7,3.68478171425891,0.1
9394.7,3.6847117715185953,0.1
9396.7,3.685362148815301,0.075
9398.7,3.684805737854688,0.1
9400.7,3.6859400776673343,0.05
9402.7,3.685068656789213,0.0895500691099699
9404.7,3.685367709330852,0.075
9406.7,3.684029565138733,0.125
9408.7,3.684460001486417,0.1
9410.7,3.6856442993963134,0.05
9412.7,3.685063584684928,0.075
9414.7,3.685576168741297,0.0497460369385084
9416.7,3.6861759049390623,0.025
9418.7,3.686787464818579,-0.0
9420.7,3.6868749357004784,-0.0
9422.7,3.686959231793215,-0.0
9424.7,3.687040568252108,-0.0
9426.7,3.6871191446275753,-0.0
9428.7,3.6871951460025496,-0.0
9430.7,3.6866874410416632,0.025
9432.7,3.686743270118343,0.025
9434.7,3.686843674009124,0.025
9436.7,3.6869430823581744,0.025
9438.7,3.687041967699917,0.025
9440.7,3.687140353398788,0.025
9442.7,3.687238261190263,0.025
9444.7,3.687261404313502,0.025
9446.7,3.6872827332835136,0.025
9448.7,3.687326405110844,0.025
9450.7,3.687369671928973,0.025
9452.7,3.6879862444310914,-0.0
9454.7,3.688052555935049,-0.0
9456.7,3.688116979235257,-0.0
9458.7,3.688179636938665,-0.0
9460.7,3.6882406427928816,-0.0
9462.7,3.688300102331475,-0.0
9464.7,3.6883581134722423,-0.0
9466.7,3.688414767071873,-0.0
9468.7,3.688470147440189,-0.0
9470.7,3.6885243328169217,-0.0
9472.7,3.688577395813724,-0.0
9474.7,3.6886294038239775,-0.0
9476.7,3.6886804194027434,-0.0
9478.7,3.688730500618997,-0.0
9480.7,3.688779701382231,-0.0
9482.7,3.688828071745222,-0.0
9484.7,3.688875658184753,-0.0
9486.7,3.688922503861869,-0.0
9488.7,3.6889686488631703,-0.0
9490.7,3.689014130424528,-0.0
9492.7,3.689058983138477,-0.0
9494.7,3.68910323914652,-0.0
9496.7,3.689146928317397,-0.0
9498.7,3.689190078412383,-0.0
9500.7,3.689232715238519,-0.0
9502.7,3.6892748627906986,-0.0
9504.7,3.689316543383384,-0.0
9506.7,3.689357777772732,-0.0
9508.7,3.689398585269825,-0.0
9510.7,3.689438983845637,-0.0
9512.7,3.689059648015133,0.0188445044888831
9514.7,3.6895153691787943,-0.0
9516.7,3.68955484579861,-0.0
9518.7,3.68959395871762,-0.0
9520.7,3.6896327216322007,-0.0
9522.7,3.689671147305808,-0.0
9524.7,3.689709247636641,-0.0
9526.7,3.68974703372037,-0.0
9528.7,3.6897845159082983,-0.0
9530.7,3.6898217038612833,-0.0
9532.7,3.6898586065997314,-0.0
9534.7,3.689895232549953,-0.0
9536.7,3.689931589587135,-0.0
9538.7,3.689967685075189,-0.0
9540.7,3.690003525903692,-0.0
9542.7,3.690039118522144,-0.0
9544.7,3.690074468971718,-0.0
9546.7,3.69010958291471,-0.0
9548.7,3.6901444656618367,-0.0
9550.7,3.6901791221975504,-0.0
9552.7,3.6902135572035046,-0.0
9554.7,3.6902477750803153,-0.0
9556.7,3.690281779967739,-0.0
9558.7,3.690315575763377,-0.0
9560.7,3.69034916614002,-0.0
9562.7,3.690382554561732,-0.0
9564.7,3.690415744298764,-0.0
9566.7,3.690448738441376,-0.0
9568.7,3.690481539912661,-0.0
9570.7,3.690514151480431,-0.0
9572.7,3.669020079341278,0.9426461012185454
9574.7,3.68810024880053,0.0683556365657079
9576.7,3.709605695658709,-0.8964085396812539
9578.7,3.715066740130698,-1.0778698114067014
9580.7,3.731385764144821,-1.7121088572023695
9582.7,3.6918011605595633,0.1126041536813498
9584.7,3.6702236715796417,1.0414740921874102
9586.7,3.682330032598743,0.4617334805550406
9588.7,3.688760760247019,0.1490642226215818
9590.7,3.6787882189767247,0.5779684509844024
9592.7,3.664732448306266,1.154556438790888
9594.7,3.6444811934195793,1.9768380927717328
9596.7,3.647987681014405,1.7197731198166395
9598.7,3.6502464451015872,1.541957474631955
9600.7,3.6492612915846574,1.5323577127055292
9602.7,3.674919677398554,0.3472338586787994
9604.7,3.680801078078772,0.0957725845458507
9606.7,3.6810508955157535,0.0933158610633921
9608.7,3.667048344719557,0.7294874955987081
9610.7,3.622742727627328,2.635899164972037
9612.7,3.647674640261347,1.402776199628287
9614.7,3.657724518036813,0.9268403613375188
9616.7,3.656897894439944,0.9390833046938548
9618.7,3.652088392412414,1.134531016982447
9620.7,3.663465584165536,0.5906422990426919
9622.7,3.675593577340629,0.0661781711495166
9624.7,3.676197780632152,0.0675216134236872
9626.7,3.6774132717633727,0.0396300560615126
9628.7,3.694326786830336,-0.6899921670500266
9630.7,3.6987113379408174,-0.8099546078794437
9632.7,3.681143617219116,0.0314870877425617
9634.7,3.680688119020801,0.0657831100541163
9636.7,3.68150563425685,0.0451198794401775
9638.7,3.6824202752394655,0.0188585668668783
9640.7,3.6813382876860143,0.0812184916268944
9642.7,3.681778606647249,0.0693075207805658
9644.7,3.682170285962037,0.0597677082010595
9646.7,3.6888277323547465,-0.2283025633168771
9648.7,3.690560112552569,-0.2867867891884316
9650.7,3.6863446551204753,-0.0854266138715561
9652.7,3.69271551335707,-0.3438247904951546
9654.7,3.6857143739507503,-0.0127472352226128
9656.7,3.695232142830711,-0.4209680716057661
9658.7,3.6942779778015056,-0.3386643949194922
9660.7,3.6645583593422697,0.9804413431222928
9662.7,3.660144546245086,1.1250867028298688
9664.7,3.6836547272342823,0.0611856393084996
9666.7,3.683712231625046,0.0602462003578904
9668.7,3.6838359188963774,0.0586332018264518
9670.7,3.6713942210502615,0.5980028911879001
9672.7,3.68313666801693,0.0542184230513387
9674.7,3.683069145731668,0.0630229243512348
9676.7,3.7000884931566698,-0.6780307330600206
9678.7,3.69885930226334,-0.5744200403925096
9680.7,3.684029104764619,0.1266352540938901
9682.7,3.6510781852202334,1.5710450261877873
9684.7,3.624860857660188,2.622135064156649
9686.7,3.607130380271803,3.2679339697824856
9688.7,3.593014273814088,3.7380711282136447
9690.7,3.653395136416579,0.9661411516093438
9692.7,3.667848376908113,0.2999834362266864
9694.7,3.673014403444159,0.0949090497725398
9696.7,3.646780894013894,1.3053662230852805
9698.7,3.601118864598396,3.2399833355891685
9700.7,3.596840980030861,3.2810764971237134
9702.7,3.5852188524423783,3.6446924006610657
9704.7,3.6452331223618986,0.9039932250796678
9706.7,3.6371535217222792,1.250572275824608
9708.7,3.63989722905721,1.104371970584648
9710.7,3.6315028357827313,1.4612570353756238
9712.7,3.615386454564262,2.118382325059736
9714.7,3.626308955611134,1.5712946923780704
9716.7,3.6348865290985857,1.166540421974254
9718.7,3.661263601085676,-0.0012122152821827
9720.7,3.661795946848034,0.0240712629706606
9722.7,3.650677008977137,0.54260373583195
9724.7,3.6413955639762943,0.959299913739144
9726.7,3.634418946783625,1.2574380045524072
9728.7,3.65943669432272,0.1502581296395078
9730.7,3.660325212086761,0.1410630922987845
9732.7,3.6597009989864304,0.2000574341580681
9734.7,3.659762045539129,0.2241284169959795
9736.7,3.664596156626229,0.041372023203033
9738.7,3.688162516143682,-0.9536473617329586
9740.7,3.692957547814778,-1.0828592460961766
9742.7,3.694790645537723,-1.0809806287926365
9744.7,3.6921804865300976,-0.8864210333320113
9746.7,3.675111488108888,-0.0782171645744862
9748.7,3.672720259084817,0.0446386256245392
9750.7,3.67271083180012,0.0569740809312341
9752.7,3.6723416532344895,0.0819664864206733
9754.7,3.67236629090825,0.0860106677767546
9756.7,3.672483711817031,0.0852811336148137
9758.7,3.65867751786245,0.6974957777183246
9760.7,3.6721397200138575,0.0752119673327222
9762.7,3.6721328230358887,0.085724386343057
9764.7,3.6727581655373935,0.0675537343247208
9766.7,3.6732813291769104,0.0503158809969547
9768.7,3.6730315959277,0.0668441864778289
9770.7,3.673105790011853,0.0682969785062426
9772.7,3.6735084886252354,0.0562490577797382
9774.7,3.673384807992659,0.0684146646540397
9776.7,3.682864258551073,-0.3472263471059049
9778.7,3.696222100971644,-0.8940787894405812
9780.7,3.68887114397433,-0.5210696089324747
9782.7,3.6888250389847577,-0.4813036436487389
9784.7,3.68169287474041,-0.1476475351178748
9786.7,3.685594866944191,-0.3056210064047953
9788.7,3.651183858051208,1.213893666361909
9790.7,3.645214479088073,1.4023617011091127
9792.7,3.6614345500977983,0.6283765093565653
9794.7,3.674077911030348,0.0650041569720186
9796.7,3.667289206676632,0.3600378362426578
9798.7,3.665280308334905,0.4393378744156719
9800.7,3.663981868772287,0.487291337926749
9802.7,3.661967407741428,0.553582777593333
9804.7,3.6613646168763823,0.5557443200884831
9806.7,3.660885103928847,0.5554132846661093
9808.7,3.671725031458377,0.0724267242099511
9810.7,3.6595398392188576,0.6108123677721334
9812.7,3.657147977951094,0.7017707774268175
9814.7,3.655558962500242,0.7368077435488922
9816.7,3.662349734537792,0.4111048011086771
9818.7,3.665020444761196,0.3054409933185426
9820.7,3.665700521523304,0.2685608595014578
9822.7,3.670579903579808,0.0575451445136298
9824.7,3.657941831725452,0.6297488175779552
9826.7,3.650675930031723,0.9212980030227268
9828.7,3.665002587536989,0.2406377382328139
9830.7,3.6692752920670944,0.0633542168927002
9832.7,3.640581313892286,1.330506542523683
9834.7,3.647077770236829,0.9850488350811712
9836.7,3.649951606177321,0.8359207588724853
9838.7,3.70880163692178,-1.7965856203580042
9840.7,3.5982562290015125,3.1811836518607874
9842.7,3.591034688136323,3.315580498110402
9844.7,3.6609844260676594,0.151179293672502
9846.7,3.663454159800249,0.0652104155930799
9848.7,3.663636499389567,0.0811495651331527
9850.7,3.656573088182475,0.4167503488445071
9852.7,3.649681120222618,0.7109308704907507
9854.7,3.6501445209615153,0.6774488805903437
9856.7,3.64884528007553,0.7232153842486188
9858.7,3.6499916962011687,0.6499673500733609
9860.7,3.637493047927346,1.188403413292305
9862.7,3.638602206616277,1.1020382510169395
9864.7,3.646822960197092,0.7146403654610688
9866.7,3.6456728537065497,0.7582015500155138
9868.7,3.651955561010394,0.4804085664323777
9870.7,3.632851818930925,1.2958276227586083
9872.7,3.638072733720279,1.0184204298423232
9874.7,3.653166318005376,0.3409900504435972
9876.7,3.659314770207037,0.0883540587984628
9878.7,3.654536086285564,0.2970770260987795
9880.7,3.647473136335873,0.6292531329216863
9882.7,3.630601986643465,1.3554518447760535
9884.7,3.6344815620290927,1.13679571515314
9886.7,3.621631990506677,1.6566578128250886
9888.7,3.6209365339482527,1.6395683842850937
9890.7,3.621568049343268,1.5429707089936628
9892.7,3.608613704274684,2.067653267162239
9894.7,3.6161326497616,1.6620257351570384
9896.7,3.6315653376192927,0.932767926024384
9898.7,3.684038638770776,-1.3888113022945323
9900.7,3.6565074199524217,-0.039780222781949
9902.7,3.655708539728995,0.0279995235518681
9904.7,3.655762191847072,0.0554612668192434
9906.7,3.627982835319232,1.2865849167214622
9908.7,3.6178267107144766,1.6835709855902146
9910.7,3.606469512738855,2.1185981661451128
9912.7,3.5953217145527674,2.527908994385866
9914.7,3.590560947487863,2.638473224239058
9916.7,3.5903034214300686,2.540210835971353
9918.7,3.6050586137361775,1.8231815635183075
9920.7,3.62568957477371,0.8614859503186205
9922.7,3.670673507228664,-1.085642541553609
9924.7,3.646556605414115,0.082376071828801
9926.7,3.5897317103417024,2.5871264348183702
9928.7,3.585769934741757,2.6600992704985087
9930.7,3.5839580101279385,2.6327155918565164
9932.7,3.6199484170069702,1.0013929920305025
9934.7,3.642444551399281,0.0255294860145713
9936.7,3.6420036327448297,0.0743802024132934
9938.7,3.630715137225223,0.6065762668293166
9940.7,3.6071244085339607,1.6343297037665452
9942.7,3.5999654820944893,1.897943623955839
9944.7,3.598547903212141,1.9043363265836009
9946.7,3.641180610672704,0.0072730920944647
9948.7,3.641413130913462,0.0415130394796692
9950.7,3.606934864402157,1.5701676880130182
9952.7,3.597731316463502,1.9348410031666845
9954.7,3.5961059695647632,1.9379335482351945
9956.7,3.594823863914819,1.9369618943239952
9958.7,3.589977981113916,2.0909016694238245
9960.7,3.589151621436205,2.067899470812149
9962.7,3.607519999722616,1.2228088610665009
9964.7,3.631670722352257,0.161597606852736
9966.7,3.61586225492906,0.8851513033533438
9968.7,3.6248729610156025,0.4907087395005332
9970.7,3.634701906948207,0.0922827455369571
9972.7,3.6362230641738655,0.068223842809797
9974.7,3.6629133938999874,-1.0639268394159056
9976.7,3.694086366448379,-2.317089122039917
9978.7,3.641959325564458,0.0971906711197185
9980.7,3.600557117858343,1.9267893094680013
9982.7,3.5907597961217386,2.28422256606208
9984.7,3.594308013070545,2.0414780497953173
9986.7,3.601089612977142,1.6741656411849846
9988.7,3.636573430188792,0.0942827579392252
9990.7,3.65479388391226,-0.653607156368364
9992.7,3.683119807020568,-1.8084576646465864
9994.7,3.678713340108164,-1.5016599697423056
9996.7,3.665967866923829,-0.8256801428151082
9998.7,3.6377720081087936,0.4408462803481318
10000.7,3.63910799960463,0.3675944484533547
10002.7,3.635496930148564,0.5234723331972201
10004.7,3.6470067760013785,0.0296545861949866
10006.7,3.6704318565245138,-0.9605014955567296
10008.7,3.656897337582018,-0.3007272244444168
10010.7,3.6610315228276127,-0.4600852414596486
10012.7,3.6624516866545216,-0.4719898504347262
10014.7,3.663645073724374,-0.501151157415362
10016.7,3.663496101359717,-0.458013468826974
10018.7,3.652390908110055,0.0559047685674831
10020.7,3.639465545693879,0.6080872044931684
10022.7,3.6439919985660287,0.3999382394694604
10024.7,3.6442223783473993,0.3656348226870013
10026.7,3.651724609240368,0.0301155595391391
10028.7,3.6515838507634752,0.0480353665891434
10030.7,3.671327175852313,-0.8238324816265383
10032.7,3.660254085600562,-0.2790309415178095
10034.7,3.623682342545473,1.3188548786639829
10036.7,3.668394458774802,-0.6495343144913447
10038.7,3.6539179791071073,0.0245533727662427
10040.7,3.6540072498785454,0.0277727996027688
10042.7,3.575754012179672,3.403699343712833
10044.7,3.5475321807228077,4.473435967585652
10046.7,3.538841832951361,4.607660826013675
10048.7,3.5337043982236813,4.609069161027255
10050.7,3.5341213318345077,4.3890448860996125
10052.7,3.632900142272333,-0.1039613300419733
10054.7,3.631623469873588,0.001390536347928
10056.7,3.632566572704232,0.0051629393810532
10058.7,3.648736797054147,-0.6682480409461216
10060.7,3.670961823537657,-1.5475653477693354
10062.7,3.6762775727671686,-1.6678385005914358
10064.7,3.69118556604091,-2.186835592877006
10066.7,3.640020889703364,0.1630946503567032
10068.7,3.6005466280856337,1.8586423508775325
10070.7,3.5874080792386422,2.350028192300329
10072.7,3.636161053249401,0.1129613846731417
10074.7,3.6380393270313895,0.058995114962672
10076.7,3.638717948192439,0.0567888551714851
10078.7,3.639985058482137,0.0239779835439111
10080.7,3.640121477558167,0.0408971467629247
10082.7,3.64087620838076,0.0308766728588104
10084.7,3.641334036679339,0.0330300895055955
10086.7,3.694294515916968,-2.199915944386794
10088.7,3.670804424405192,-1.0585737239841642
10090.7,3.703192983101344,-2.4165125108952275
10092.7,3.7006701653406617,-2.164590541165585
10094.7,3.681945944007048,-1.2351302333413112
10096.7,3.681617107003937,-1.1667158569682812
10098.7,3.6372394833615567,0.8123607995091694
10100.7,3.607836623536037,2.0430811333918184
10102.7,3.5960931301587946,2.444108973505788
10104.7,3.6153989649016234,1.4663103772445538
10106.7,3.64643980959073,0.0680189108298654
10108.7,3.684234316183611,-1.5387419088326646
10110.7,3.696096011490073,-1.9649016921278588
10112.7,3.703428791288138,-2.1749475641050164
10114.7,3.6794571646537593,-1.0367669207659125
10116.7,3.667799617031806,-0.4650323312252264
10118.7,3.640814234469712,0.730508374116222
10120.7,3.614953597419456,1.8153452741837224
10122.7,3.585486128124342,2.988090511587971
10124.7,3.556428690558581,4.08321175975653
10126.7,3.577878941647949,2.927376650787693
10128.7,3.609178028677772,1.4546856381138986
10130.7,3.636521290602691,0.2343786592624344
10132.7,3.621138581519763,0.9008899106556368
10134.7,3.6396259768877663,0.0726835857801492
10136.7,3.6240997359033664,0.7712388192644812
10138.7,3.616117472819969,1.0906967283145328
10140.7,3.635644889777096,0.2040361382521526
10142.7,3.626901281857041,0.5918389932094004
10144.7,3.627236875945703,0.5683925581991732
10146.7,3.628140711416521,0.5284729490225856
10148.7,3.6392809969558377,0.0482829021498031
10150.7,3.640023040296674,0.0325719474751164
10152.7,3.677708030921037,-1.5632477397651123
10154.7,3.641650461062557,0.1088262082685836
10156.7,3.6016708361928447,1.8434472445651275
10158.7,3.5809229101862057,2.6455509109194493
10160.7,3.638412519127572,0.0572289510400074
10162.7,3.6723424068243458,-1.4040196211668712
10164.7,3.690680143122039,-2.1065395388072674
10166.7,3.61976791558872,1.089748115007688
10168.7,3.5702501839671403,3.1631682000430072
10170.7,3.618092129231103,0.9732766511292018
10172.7,3.617644927239121,0.9596009602167476
10174.7,3.591061185480586,2.100773673347765
10176.7,3.5891488771996576,2.0982783948496686
10178.7,3.6002384303925994,1.5163054034410988
10180.7,3.6330121353791274,0.0550004130332777
10182.7,3.634279135676005,0.0271891067221164
10184.7,3.631057190525572,0.1982701438295491
10186.7,3.6017896696049974,1.4707484713801864
10188.7,3.5988308500552533,1.5528502008637983
10190.7,3.600385346107072,1.4201563748032235
10192.7,3.6330642756144007,-0.0156447310656533
10194.7,3.632648461803632,0.0345056251963932
10196.7,3.66041388174967,-1.146944064417541
10198.7,3.634981758344144,0.0775692750019399
10200.7,3.671425656560792,-1.479508778996476
10202.7,3.6597933939023912,-0.8579723116819526
10204.7,3.6465926446309433,-0.2350578748615019
10206.7,3.641162157305641,0.0267898837094631
10208.7,3.639837926965643,0.0956633307994926
10210.7,3.645749829211491,-0.1539029042491301
10212.7,3.6586503620503255,-0.711189310987068
10214.7,3.662142071663807,-0.7899754572274458
10216.7,3.660525530160989,-0.6924212200037532
10218.7,3.6450847820187393,0.0324863415929234
10220.7,3.657143231626799,-0.4754798611171758
10222.7,3.6454598013709214,0.0654514867268902
10224.7,3.645700430363204,0.0523669116548153
10226.7,3.645380236323035,0.0659755744276422
10228.7,3.634735152119855,0.5314805443003799
10230.7,3.6452684666644313,0.056323687477723
10232.7,3.65217581524486,-0.2454188649923746
10234.7,3.6532053235496855,-0.2684698128667215
10236.7,3.648225453417302,-0.035077383928823
10238.7,3.648518023823365,-0.0419056455498337
10240.7,3.6467475415507935,0.040145466193187
10242.7,3.646516386623356,0.0526758179345577
10244.7,3.658871913433045,-0.4930697642250597
10246.7,3.6502177770913216,-0.0902140707522456
10248.7,3.661562657142575,-0.5806416477530643
10250.7,3.647858680665548,0.0505361443840935
10252.7,3.648352231226384,0.0284331229454234
10254.7,3.650102628672917,-0.0482067243383204
10256.7,3.6504355116324807,-0.058559088618103
10258.7,3.654630961453344,-0.2235962935884181
10260.7,3.6501478416191255,-0.0176063780312319
10262.7,3.650267041934353,-0.0211522380035983
10264.7,3.648080084527084,0.0749017990080539
10266.7,3.637753752506278,0.5166164800157599
10268.7,3.6452838007493487,0.1578261755563448
10270.7,3.6379723171270153,0.4765162653248062
10272.7,3.646913805041813,0.0687837542351022
10274.7,3.6474464327845766,0.0440187080897999
10276.7,3.6375993352479696,0.4763290613164462
10278.7,3.6192157561580056,1.244447253203448
10280.7,3.610248868305392,1.5719266919296864
10282.7,3.607558280613596,1.6178316638044603
10284.7,3.607928283662035,1.5365250446845578
10286.7,3.621361769063286,0.8805950508331286
10288.7,3.614321192683944,1.1510203708365507
10290.7,3.626303872660764,0.5901691315679548
10292.7,3.61709107224298,0.9860164393202078
10294.7,3.615033655899114,1.0302012159622822
10296.7,3.638097196558372,0.0050227119857615
10298.7,3.614196410896878,1.0594286817158485
10300.7,3.612296985737627,1.1044158492516831
10302.7,3.61108731184132,1.111611570697625
10304.7,3.63255395252102,0.1339434753867726
10306.7,3.6351980464985503,0.0429669599111936
10308.7,3.603122827302535,1.437848211235886
10310.7,3.6262255591015786,0.3975292668201747
10312.7,3.622075146679237,0.5788275836863168
10314.7,3.5891085006964163,2.020256055863887
10316.7,3.5993810203465526,1.494199348922339
10318.7,3.64980231518133,-0.7201112949658229
10320.7,3.6439952154701913,-0.4246933348870481
10322.7,3.655291820165337,-0.8755618105654597
10324.7,3.636137980697539,4.11328135682875e-05
10326.7,3.635891611317309,0.0302242821532798
10328.7,3.6157443938396567,0.9276064064688136
10330.7,3.62184729939006,0.6492100831034312
10332.7,3.6180489334091703,0.7876944363525332
10334.7,3.634250642636546,0.0831219667039837
10336.7,3.658446305529748,-0.9214872670607456
10338.7,3.6190975974416912,0.8374467435200563
10340.7,3.557660778652196,3.482941264905299
10342.7,3.486589790346913,6.379027934952043
10344.7,3.4834443566096165,6.196782449731221
10346.7,3.5044848181457127,5.009501389862705
10348.7,3.5791368320034413,1.609806538495151
10350.7,3.597988030186903,0.7363169106153182
10352.7,3.599841069487488,0.6759353855471899
10354.7,3.6006855753941305,0.6589743097224425
10356.7,3.598132072967707,0.7821818726736647
10358.7,3.6127057557951936,0.1560308918068067
10360.7,3.617788570936445,-0.0220200480406586
10362.7,3.618361399326703,-0.0006564577241449
10364.7,3.6192968031870825,0.0017274521290756
10366.7,3.619554472429617,0.0313831621655684
10368.7,3.666478580547926,-1.978473472907972
10370.7,3.6613536822070447,-1.6187623780309734
10372.7,3.68749005798352,-2.61162599997127
10374.7,3.675676831483945,-1.9635065290469127
10376.7,3.658311105755113,-1.0762672900771235
10378.7,3.612470280654407,0.9690895720436964
10380.7,3.603321963007033,1.31655737223248
10382.7,3.631508295931947,0.0440783517592832
10384.7,3.6315172538224303,0.0587457895228498
10386.7,3.633702557661429,-0.0225409910822727
10388.7,3.634519064672762,-0.0437501972246759
10390.7,3.634807024925762,-0.0398021065756139
10392.7,3.6327374350860655,0.0672436624158102
10394.7,3.6079793460007368,1.1565065289591687
10396.7,3.5792906292826547,2.36762806892603
10398.7,3.570718543889891,2.541494965780576
10400.7,3.59810466737087,1.3049448185534076
10402.7,3.457840920198833,7.24890256086608
10404.7,3.4490448891318835,7.287595974421643
10406.7,3.5403537390724287,2.934311463063884
10408.7,3.642072351380953,-1.510189459096384
10410.7,3.620867486377045,-0.456322152075629
10412.7,3.6566946858645424,-1.917755013720265
10414.7,3.614645797025328,0.0488969229976273
10416.7,3.5908529637046067,1.1395264297377048
10418.7,3.59294356291192,1.0243551404313227
10420.7,3.5498392246624326,2.8239290798049583
10422.7,3.5601788044745595,2.2829060879838625
10424.7,3.4949922999067256,5.071816973831769
10426.7,3.54922009922234,2.51686961585511
10428.7,3.6076570863027424,-0.0730750220872817
10430.7,3.608972842749204,-0.0752241687197846
10432.7,3.4936953974143363,5.055957971356977
10434.7,3.431256804149017,7.458691367632788
10436.7,3.5218406738312007,3.2426323891284574
10438.7,3.54992729401734,1.9373664315233663
10440.7,3.559190559612479,1.505065390798552
10442.7,3.5518593826785367,1.7926884005853083
10444.7,3.4207133949115027,7.401516052044816
10446.7,3.4302168483458173,6.701899834581771
10448.7,3.457536148386735,5.281990853518296
10450.7,3.5470871483190654,1.2623136895235976
10452.7,3.5822102265002145,-0.1989867572846149
10454.7,3.5331912418878915,2.0761764339495588
10456.7,3.5836847683570165,-0.1747469299604778
10458.7,3.670403186583005,-3.8983100216417297
10460.7,3.644488745309877,-2.476568448574452
10462.7,3.635712251468657,-1.903612106537965
10464.7,3.382531691207232,9.301970874140226
10466.7,3.3984372952834,8.311835274644332
10468.7,3.444005923641971,6.050694048920368
10470.7,3.581676027873986,-0.1869046801874567
10472.7,3.55994082294736,0.9602613529995484
10474.7,3.55033664920014,1.4506524844313249
10476.7,3.531524628424569,2.3265005667087406
10478.7,3.537652208519169,2.048149230522196
10480.7,3.548674214004705,1.557549770775431
10482.7,3.5576558156522884,1.1878904317292462
10484.7,3.572009415744501,0.60180323358195
10486.7,3.5540495575720192,1.479310405023637
10488.7,3.55178469380744,1.5960683227653232
10490.7,3.554054825054719,1.5114086195524208
10492.7,3.5559698338861847,1.456036157323909
10494.7,3.556906070125663,1.4150382405488495
10496.7,3.5416966086183765,2.115174234696469
10498.7,3.567901216445712,0.90582380125551
10500.7,3.555358750308098,1.518730351593509
10502.7,3.5541056338028514,1.5837490682978337
10504.7,3.536412290628652,2.372256553028295
10506.7,3.525157961495504,2.8233983962537943
10508.7,3.55736703186298,1.3142737025581137
10510.7,3.560286596017236,1.2066008923366156
10512.7,3.559675987110405,1.248815855931015
10514.7,3.591961261896538,-0.1614390759685738
10516.7,3.5937714103603025,-0.1614543739884552
10518.7,3.5953579762215,-0.1472841204436404
10520.7,3.596854968367751,-0.1437196779962186
10522.7,3.637495788800584,-1.9169378597737732
10524.7,3.672372066509068,-3.323999472697075
10526.7,3.6753627325720446,-3.2362352595385007
10528.7,3.691672945634848,-3.745984216046289
10530.7,3.6679416445541033,-2.498244304231411
10532.7,3.662776360970486,-2.164126083645076
10534.7,3.6368570049297104,-0.9117282488420032
10536.7,3.645688549903567,-1.2784179303672716
10538.7,3.6194929734723416,-0.0491400692471165
10540.7,3.6170696416581873,0.0486438593496294
10542.7,3.616028618614766,0.0807857287791904
10544.7,3.616494559184993,0.0452662923948825
10546.7,3.616126177615113,0.0512036803945539
10548.7,3.612159450562943,0.2241938055862928
10550.7,3.6092397282788062,0.3237672887021018
10552.7,3.615484923195855,0.0241065830605735
10554.7,3.615324173904889,0.0302273440074726
10556.7,3.615568861606677,0.0190299744812667
10558.7,3.6274303444664167,-0.5261807263050869
10560.7,3.6317574211152257,-0.6882032426103989
10562.7,3.616426826558696,0.0293509626237866
10564.7,3.623216325687841,-0.280866471409041
10566.7,3.6161610799323975,0.0472583693721456
10568.7,3.5600084942778967,2.558629052317451
10570.7,3.5266086650221258,3.937361942257396
10572.7,3.5851138031878547,1.147106253659358
10574.7,3.5917638406451853,0.809016104259101
10576.7,3.5882116746407218,0.989569975894093
10578.7,3.6102582511268095,-0.0064709071464792
10580.7,3.553523475551005,2.5763665229303805
10582.7,3.4654078350660384,6.374148762794346
10584.7,3.4566986543888785,6.448215019653783
10586.7,3.4664794940150503,5.706422224656608
10588.7,3.4925488852483726,4.3329105859894685
10590.7,3.488002608786238,4.38778110063736
10592.7,3.547920144754328,1.5474891634465842
10594.7,3.586847737188493,-0.167897938556873
10596.7,3.5888727183653493,-0.1509468451781094
10598.7,3.5905613439416686,-0.1324392846981135
10600.7,3.5921238587645425,-0.1245944454547011
10602.7,3.5937374064080267,-0.1273176787051108
10604.7,3.5891818854041424,0.1540412486268411
10606.7,3.572801803245062,0.9278079360271958
10608.7,3.5806975055082133,0.5659054590949962
10610.7,3.5329588521570146,2.773549133884541
10612.7,3.5292272774083555,2.819462996648036
10614.7,3.55484539108066,1.6340231738874784
10616.7,3.5580092422455536,1.4561920268400308
10618.7,3.565693750566347,1.129232634631054
10620.7,3.5690598254090125,0.9787514290581024
10622.7,3.563080688311245,1.2483738038712748
10624.7,3.54636821016153,2.0045349887318022
10626.7,3.549328890687404,1.821581195094987
10628.7,3.535527391594264,2.4005674035507725
10630.7,3.53264184865826,2.457295563180822
10632.7,3.56523873875021,0.9376893259355172
10634.7,3.589504000195529,-0.1207039028349739
10636.7,3.528026484924002,2.681392299382681
10638.7,3.525270789845694,2.724303162130655
10640.7,3.540287355241792,1.955580781632058
10642.7,3.5563113364437515,1.219265224101466
10644.7,3.549080123075538,1.562079189475209
10646.7,3.530438716258597,2.370018306977834
10648.7,3.514082718043182,3.038955666490033
10650.7,3.5247557046077107,2.4743276025377425
10652.7,3.554763742196973,1.0984219850405672
10654.7,3.555787754545066,1.069223675464952
10656.7,3.521197173894812,2.593696090525384
10658.7,3.4984092780094262,3.541949896044359
10660.7,3.4936704952928817,3.633968599398552
10662.7,3.4911674513255395,3.630773918515877
10664.7,3.491759473460103,3.507717901442716
10666.7,3.535203953037356,1.543372057371192
10668.7,3.51118803278238,2.5943836707996377
10670.7,3.515993457275345,2.33255626886271
10672.7,3.538239624372911,1.322166798446321
10674.7,3.550736392438436,0.8021694324776218
10676.7,3.508755999500796,2.664641427874701
10678.7,3.505069401076022,2.773502107622301
10680.7,3.523275399940208,1.8934100238277405
10682.7,3.55726012107016,0.3551645692666755
10684.7,3.5713766384377927,-0.192123998111831
10686.7,3.5759459562900555,-0.3092599563179126
10688.7,3.59597606612704,-1.0782935199293475
10690.7,3.5943940496875344,-0.8772336829184774
10692.7,3.5789508901719818,-0.0811101573562952
10694.7,3.5812072009761096,-0.1237788539453119
10696.7,3.556617328773437,1.0297065738584157
10698.7,3.552445453102368,1.2054294579137728
10700.7,3.5519721680738363,1.2064390219389334
10702.7,3.551621230232618,1.1936577557594874
10704.7,3.551114870142488,1.2007153000061144
10706.7,3.574874219900687,0.1171316481495709
10708.7,3.568265664083856,0.4657794915438024
10710.7,3.5815747677824983,-0.0951100041756388
10712.7,3.5823543525111905,-0.084847305167297
10714.7,3.5828875222441776,-0.0682631106433416
10716.7,3.58370070602216,-0.0671790353947232
10718.7,3.584523455843204,-0.0657321955665087
10720.7,3.585361116029925,-0.0674379705165219
10722.7,3.5854072141663624,-0.0358251371418218
10724.7,3.628511076454494,-1.913710757522608
10726.7,3.589547674528032,-0.0884864360730667
10728.7,3.599065859991736,-0.4742239156670754
10730.7,3.5907971488030044,-0.065628057813212
10732.7,3.599486878136496,-0.4306378785284342
10734.7,3.5909756148286847,-0.020949889124983
10736.7,3.589961009585092,0.0371776124731416
10738.7,3.589960590002891,0.0460874168651241
10740.7,3.590132878422533,0.0462830356520027
10742.7,3.590230593491698,0.0508664698201685
10744.7,3.590273514490965,0.0582603103374305
10746.7,3.5904024041004066,0.0600429427685618
10748.7,3.586531935276498,0.2227061288177933
10750.7,3.583456061740223,0.357801160862752
10752.7,3.571475426208425,0.8901997634888279
10754.7,3.5705794874349754,0.9007171505241125
10756.7,3.567215181339218,1.019751257003795
10758.7,3.555105639011325,1.514494934763143
10760.7,3.55333756570476,1.5291293945590547
10762.7,3.5117218836850803,3.3143851757251084
10764.7,3.4987204552819837,3.7312110679195256
10766.7,3.536841718210325,1.8759997453216084
10768.7,3.510865564058878,2.960132357063994
10770.7,3.526864272932124,2.150191085506437
10772.7,3.540011285884114,1.53902182820277
10774.7,3.538276675677668,1.5750160170445218
10776.7,3.5439441362337485,1.2418649858966222
10778.7,3.5490021897723163,1.0120848124161106
10780.7,3.5226088901797064,2.1882208629695183
10782.7,3.508260908908017,2.75451624790357
10784.7,3.527149293144648,1.8392388137732856
10786.7,3.5261743897589,1.8500071969647407
10788.7,3.5285917889240395,1.720052826314613
10790.7,3.5479037712615678,0.8216426457454945
10792.7,3.5476922590863857,0.8680675099578593
10794.7,3.544359242632303,1.023908559025862
10796.7,3.542579493581296,1.1133406720369878
10798.7,3.541713328410044,1.1478214524643362
10800.7,3.569344757583476,-0.0585961667016979
10802.7,3.5698703239165943,-0.0303047935012085
10804.7,3.5710810386038503,-0.0379059099390194
10806.7,3.540298042956896,1.3870711793120671
10808.7,3.567565689009637,0.1711380148022477
10810.7,3.513447718044145,2.5954808024106115
10812.7,3.509570535078466,2.681798025064931
10814.7,3.5064137965916986,2.7296038208611657
10816.7,3.568063559980399,-0.0460757745396555
10818.7,3.543481341978276,1.0846098453260362
10820.7,3.568872014043589,-0.026483463361091
10822.7,3.569873748765201,-0.0202977605169229
10824.7,3.564204539936718,0.2794225222199356
10826.7,3.5668703729155795,0.1747834757396301
10828.7,3.548979287443172,0.978065639323277
10830.7,3.5637232175027336,0.3045596222079464
10832.7,3.56525667781451,0.2663149749723251
10834.7,3.524077215085004,2.1155761356857807
10836.7,3.5377133776421723,1.4149496701345314
10838.7,3.523090800204097,2.030705442211262
10840.7,3.5232986955332826,1.974120245266327
10842.7,3.523036939505596,1.9224977896151791
10844.7,3.564582416058413,0.0366158924488584
10846.7,3.56756756540573,-0.0411242359630194
10848.7,3.5737766520571954,-0.2699064231605086
10850.7,3.5948696673160643,-1.1143741137799217
10852.7,3.587708130069723,-0.707257855041971
10854.7,3.587406516712138,-0.6229447760329277
10856.7,3.5744329635597247,-0.0060783430100783
10858.7,3.5736664087825094,0.035171183413717
10860.7,3.5636182430457266,0.5021942356011538
10862.7,3.5496619225936543,1.108277423523202
10864.7,3.5610140733471964,0.5902353843200087
10866.7,3.5621205060299843,0.5329301583545911
10868.7,3.573690055165355,0.0211730469082766
10870.7,3.5735805560589,0.0503394481210722
10872.7,3.524224405190814,2.2076813116116787
10874.7,3.5212928902254204,2.251913325193692
10876.7,3.518326699258829,2.295649854586608
10878.7,3.545347978156228,0.9973731163133166
10880.7,3.5060549241533656,2.684644493942281
10882.7,3.511317841319654,2.3493917080083317
10884.7,3.5656365425481664,-0.0420775914109256
10886.7,3.566869730051668,-0.049670229366424
10888.7,3.5675241070746417,-0.0349975185253919
10890.7,3.568312601392396,-0.029410346794653
10892.7,3.5688606864387813,-0.0154860212067006
10894.7,3.5694611080074536,-0.0063266553960065
10896.7,3.570094260782975,-0.0013474499031399
10898.7,3.609060992634466,-1.6780122024090158
10900.7,3.5713619838836337,0.105233598376477
10902.7,3.5734567285401027,0.0339248673852711
10904.7,3.5948955061023744,-0.8675787589165971
10906.7,3.605222518612848,-1.253060559962584
10908.7,3.5775736566899003,0.0343940487095605
10910.7,3.5535031385028595,1.1055500399441112
10912.7,3.5238358457203134,2.356735902727986
10914.7,3.57340011175103,0.0951857232693033
10916.7,3.5461591047328294,1.2832371714682944
10918.7,3.535558386565596,1.7169172268096198
10920.7,3.4908683958348408,3.606803875854052
10922.7,3.5270890812138016,1.8962383450710605
10924.7,3.5344850505618104,1.493190445814604
10926.7,3.530951141512612,1.6038429247100978
10928.7,3.54694345626201,0.864473665208004
10930.7,3.566261401363153,0.0200648213217987
10932.7,3.5491499821427688,0.7896809963724313
10934.7,3.566454561318481,0.0420196224278702
10936.7,3.595551547768259,-1.2269816876179376
10938.7,3.5686765222586168,0.0399792866739487
10940.7,3.5689870213588453,0.0528376709643893
10942.7,3.569570710457334,0.0499198897821319
10944.7,3.563398140595361,0.3380435859867375
10946.7,3.5641839752254705,0.3203869289284831
10948.7,3.570703740864228,0.0507106177509141
10950.7,3.5495026404803505,0.985981583421261
10952.7,3.5380549366234075,1.4725500666227256
10954.7,3.562118646641484,0.3511746371546769
10956.7,3.5416146907838386,1.2838880419430236
10958.7,3.5270633772664644,1.878938808721144
10960.7,3.5679057092476705,0.0521747763268971
10962.7,3.5790128511864605,-0.3907064309204694
10964.7,3.557726994642349,0.5618302714010582
10966.7,3.5170857807231566,2.311849481253162
10968.7,3.4871985986088427,3.541992548583869
10970.7,3.4729465532237755,4.001723097105748
10972.7,3.468845015706338,4.007072432046712
10974.7,3.526286528416044,1.3625214071483964
10976.7,3.50525280417465,2.266493810419163
10978.7,3.539160657847264,0.7237134701456305
10980.7,3.557261560417205,-0.0358318901476085
10982.7,3.558208535648033,-0.0259684685632703
10984.7,3.53443872760278,1.0528556920412329
10986.7,3.507220908509334,2.246799500568296
10988.7,3.5132293886672774,1.908264075351496
10990.7,3.5248828337690306,1.32150762965294
10992.7,3.5561686302832323,-0.022118344401708
10994.7,3.530467705636355,1.153625971048601
10996.7,3.5047043414347505,2.271268556413618
10998.7,3.4926248052623365,2.725631033657205
11000.7,3.5549078856536127,-0.0319234894196446
11002.7,3.555196773309962,-0.0245922525744785
11004.7,3.5556804982697856,0.0015531851555286
11006.7,3.544253301566773,0.5385019197750796
11008.7,3.538426755607132,0.8338778188439775
11010.7,3.538192277493615,0.839304404659454
11012.7,3.489550003184568,2.956411339393688
11014.7,3.486678290138784,2.982771736055132
11016.7,3.4614666326948,3.993696028653156
11018.7,3.5062727678278405,1.902749307693054
11020.7,3.550681586303184,-0.0385411764303692
11022.7,3.48693599247561,2.800110189142771
11024.7,3.4657990860417023,3.610365184611795
11026.7,3.4681717385137176,3.3711919349404678
11028.7,3.4778732484094186,2.877834734251135
11030.7,3.4668027633623963,3.271293586670935
11032.7,3.488325730316485,2.295611041997871
11034.7,3.5129775329965804,1.1851094887252305
11036.7,3.49420155358542,1.995205006751384
11038.7,3.5031782921253685,1.466814565787382
11040.7,3.497655777588048,1.7020768184037298
11042.7,3.4415786560301687,4.122224612269836
11044.7,3.536197848091207,-0.1027097320297275
11046.7,3.5379870476276265,-0.1054185211206797
11048.7,3.5395948516033826,-0.1061162140569025
11050.7,3.4778974966767024,2.586177629097362
11052.7,3.476834403621312,2.554345402017961
11054.7,3.477209723666645,2.485443115859435
11056.7,3.530444982463877,0.176520804899101
11058.7,3.5380551916225644,-0.09532406477545
11060.7,3.538888593752938,-0.0645615525921956
11062.7,3.565745887863448,-1.1674629772189085
11064.7,3.5966936411534007,-2.368783626936976
11066.7,3.547500631880138,-0.0878260866962958
11068.7,3.5987464079887403,-2.2128402439693264
11070.7,3.551502654307729,-0.051022441518879
11072.7,3.5571015628659084,-0.2398535265676093
11074.7,3.552732367195329,-0.0068193390814841
11076.7,3.553061817108831,0.0078563510294755
11078.7,3.5153738936302643,1.6748647108855086
11080.7,3.518054512488657,1.5010336198694747
11082.7,3.553178443707643,-0.0340299985644352
11084.7,3.553088703559771,-0.0007288554994269
11086.7,3.5291384444771507,1.065602721530016
11088.7,3.500517174955744,2.2797854927144976
11090.7,3.4988329859012364,2.263425563380957
11092.7,3.516742110270587,1.381474549323399
11094.7,3.526671225365052,0.9412546712052002
11096.7,3.5494216447418463,-0.051258599722065
11098.7,3.550444657545861,-0.0609991041823921
11100.7,3.552002266764529,-0.0917634115338504
11102.7,3.519811128857256,1.3089011186438837
11104.7,3.5122826775470983,1.6465765387160445
11106.7,3.508030994338052,1.7804398846791922
11108.7,3.4961313861824475,2.2201579192107115
11110.7,3.5163987245757435,1.271939659415171
11112.7,3.513665345742254,1.393180168032934
11114.7,3.354601795406294,8.244455701827588
11116.7,3.27366338115135,11.327015012387324
11118.7,3.4861478216415,1.6455402805049324
11120.7,3.493960891846279,1.2957953957557375
11122.7,3.4650667226540453,2.529843759734098
11124.7,3.4375839748570414,3.68095641839202
11126.7,3.3964124281064194,5.313508179846751
11128.7,3.3945751284411205,5.2103526428511895
11130.7,3.437232358951384,3.1602287708813317
11132.7,3.4530707804175136,2.427469754912821
11134.7,3.437525540307308,3.029226208081694
11136.7,3.4668097794441675,1.759477470991478
11138.7,3.4604097062286576,2.035146596120939
11140.7,3.4493672205186194,2.577532064624692
11142.7,3.473288565961962,1.5183848371888646
11144.7,3.49653991702063,0.5666292596404388
11146.7,3.510955706687441,0.0435052146414877
11148.7,3.487939749910631,1.1607634888989249
11150.7,3.4887452730236137,1.177917268420932
11152.7,3.4960143591943345,0.9186642058849426
11154.7,3.514931829541012,0.1571102498751844
11156.7,3.525090686425369,-0.1854217312109302
11158.7,3.5077100458263923,0.6875619915612559
11160.7,3.492649734553348,1.414717820732749
11162.7,3.49271500524388,1.4342233349239826
11164.7,3.498585825792048,1.183857521776417
11166.7,3.499752218628738,1.1733225028083554
11168.7,3.499793278136889,1.1991674134117951
11170.7,3.480767936493566,2.0663669028789844
11172.7,3.4632394945746308,2.85412964753487
11174.7,3.456000061968308,3.100007385983303
11176.7,3.4768312560692,2.113996609899135
11178.7,3.433996745168294,4.051941215691285
11180.7,3.437977695237662,3.7312032561506983
11182.7,3.4346408402735125,3.783550226365023
11184.7,3.4365975847654826,3.599152103224173
11186.7,3.4195022850239805,4.280504132219354
11188.7,3.427794322262088,3.791455492483356
11190.7,3.427355714635216,3.704896280789188
11192.7,3.4268250127837203,3.636716501304548
11194.7,3.4347736157509186,3.1986290807955986
11196.7,3.404828623088823,4.432625563250304
11198.7,3.4114518402353573,4.023524794861944
11200.7,3.408806806820514,4.026471397499721
11202.7,3.4654538395777417,1.4145635564446293
11204.7,3.483730938042347,0.6461401600001435
11206.7,3.483433804368537,0.7660115101591329
11208.7,3.4441889196222104,2.5547542267150924
11210.7,3.4479593476465844,2.3533948200885773
11212.7,3.4668197539678456,1.507413748814333
11214.7,3.475346178603614,1.1307677859074683
11216.7,3.500715123297819,0.0560652779791422
11218.7,3.489217787457663,0.65181786225444
11220.7,3.5094810292229384,-0.1738374728072112
11222.7,3.510823223764743,-0.1379935204675066
11224.7,3.512406962493633,-0.1290759363256767
11226.7,3.5141513573081387,-0.1225733607178244
11228.7,3.5276935644922114,-0.6581489366276841
11230.7,3.536530987627259,-0.8985286326290746
11232.7,3.520911628099598,-0.1010351011705751
11234.7,3.5221494539790963,-0.1141757183847838
11236.7,3.523110138870508,-0.1098691995274954
11238.7,3.514063416784923,0.3461921078334932
11240.7,3.525926879841374,-0.1742981098895488
11242.7,3.5250125607289893,-0.0990608338861223
11244.7,3.5499828247515324,-1.192554088471255
11246.7,3.498315731634026,1.2595115606695433
11248.7,3.5212455434345875,0.1936840698795267
11250.7,3.502827609528356,1.0262114309278312
11252.7,3.474153634113517,2.2736459550813697
11254.7,3.434748628841352,3.962441025378078
11256.7,3.4560721293705527,2.7337982791796867
11258.7,3.4813247341745366,1.548346875110974
11260.7,3.4698729479094284,2.026362605614966
11262.7,3.471761528537346,1.8790439974563955
11264.7,3.4713851355684,1.833490393354921
11266.7,3.49520145748789,0.7172917381727939
11268.7,3.57927203661806,-2.985252418441425
11270.7,3.5532296616707084,-1.6610725568959892
11272.7,3.553709147767107,-1.5256969720811584
11274.7,3.4999870396460997,0.9391599562899604
11276.7,3.448874196709312,3.1618402586940557
11278.7,3.481939809225472,1.4386194723358667
11280.7,3.516368141891661,-0.1030409762833841
11282.7,3.502767505534857,0.5658813603366335
11284.7,3.498528591859409,0.7607780342638624
11286.7,3.4875627805524947,1.254532544887874
11288.7,3.463142196857957,2.2947860198863728
11290.7,3.4818687518378204,1.3750325534908678
11292.7,3.494718169223433,0.7732015411025064
11294.7,3.5034991348385667,0.4150846694894856
11296.7,3.49156661441449,0.9676523570890988
11298.7,3.5088691906635194,0.2131718241535315
11300.7,3.4730265572329158,1.8308243666884243
11302.7,3.4565734668639228,2.501209760137586
11304.7,3.42512718729803,3.8462195667481054
11306.7,3.4743949642712635,1.4426549442686052
11308.7,3.44888123369677,2.652718652124116
11310.7,3.3945664808951617,4.882726448449873
11312.7,3.3895674902943327,4.900551208518047
11314.7,3.499649989319415,-0.1344617534318611
11316.7,3.501222938990052,-0.1191664088784884
11318.7,3.471356522866432,1.273167101832005
11320.7,3.470379884146379,1.325
11322.7,3.4700824436428235,1.32529688682659
11324.7,3.4292652881087253,3.115129039313895
11326.7,3.397532167852616,4.352789174891493
11328.7,3.401902723209344,3.96899596344835
11330.7,3.3450997861955964,6.275010316001714
11332.7,3.430897307341348,2.3526825539764964
11334.7,3.4878151029489675,-0.1550129883767597
11336.7,3.564246218940525,-3.4352773455691845
11338.7,3.588235719508377,-4.205007907031002
11340.7,3.5641807192557304,-2.841628954619916
11342.7,3.5065903934441867,-0.0664619844727703
11344.7,3.4923674582148254,0.6078409280342284
11346.7,3.458700744943211,2.109463759703263
11348.7,3.40662479398953,4.252614889840621
11350.7,3.481988820829777,0.8106251205317536
11352.7,3.502342933128393,-0.0926992580359724
11354.7,3.5038354362902573,-0.1078158808857738
11356.7,3.516580371958764,-0.5636718860292641
11358.7,3.507065600166763,-0.0785645231431081
11360.7,3.507255462966764,-0.0454646984940449
11362.7,3.508593197142886,-0.0619552657783072
11364.7,3.4869744960411047,0.9129121829959166
11366.7,3.497304911490159,0.4253054330186028
11368.7,3.508390678551353,-0.0384503474740765
11370.7,3.4820362536702034,1.1619697123766264
11372.7,3.456825117467189,2.245044769835302
11374.7,3.4509683870129617,2.400264833243796
11376.7,3.41919018175972,3.689289136332367
11378.7,3.4950495149519045,0.1465177476958379
11380.7,3.501794179171689,-0.1045119496280338
11382.7,3.425901713014136,3.283379549504661
11384.7,3.428853688337191,3.008457865634528
11386.7,3.445238216174564,2.205382760697492
11388.7,3.4488226903180204,1.9615368295640567
11390.7,3.428470015904394,2.802806542290866
11392.7,3.41947274423231,3.1064675647024504
11394.7,3.392640170430094,4.151088743856917
11396.7,3.388958604702851,4.143119366062141
11398.7,3.446059782757984,1.4707129000519483
11400.7,3.4827677361339218,-0.1263510662173457
11402.7,3.523667839285443,-1.8460188614066235
11404.7,3.5082272584321434,-0.984189969484506
11406.7,3.4892556720704917,-0.0671204127844875
11408.7,3.490307113777986,-0.0531480331686872
11410.7,3.493528579054137,-0.1471198515717426
11412.7,3.462528032828728,1.2900894223111554
11414.7,3.4586111632483254,1.40729252894043
11416.7,3.477767641906198,0.5780341179616271
11418.7,3.491598398071463,0.0095367678881893
11420.7,3.347305770774856,6.3334644597655805
11422.7,3.3334942558763387,6.615522391896141
11424.7,3.32995593157039,6.4618626679237705
11426.7,3.432208077323347,1.8450444098631231
11428.7,3.4768926535978872,-0.1078589505862548
11430.7,3.478995811366441,-0.1193182330636429
11432.7,3.524503951851945,-2.023668518303149
11434.7,3.5852162855225456,-4.456970076176279
11436.7,3.5649191012097425,-3.3015763552234128
11438.7,3.560099018937513,-2.881793822069143
11440.7,3.5576055434221616,-2.579068763788611
11442.7,3.499926328154068,0.0883058204944406
11444.7,3.498174637665973,0.175997694723264
11446.7,3.4800229557940883,0.9669148911409292
11448.7,3.4745782676740244,1.1628064558747335
11450.7,3.44196362837434,2.545255944666835
11452.7,3.329967126254218,7.37300390627392
11454.7,3.326005387338648,7.147360118038027
11456.7,3.3916414859425097,3.9596743540575168
11458.7,3.447950232455759,1.343822767747861
11460.7,3.4037766525948,3.246834717370981
11462.7,3.3603986589793062,5.045978824268968
11464.7,3.392917891056709,3.4236586835912703
11466.7,3.467817063684058,0.075
11468.7,3.46950089532158,0.075
11470.7,3.4710856821695164,0.075
11472.7,3.472598762465109,0.075
11474.7,3.474035543607656,0.075
11476.7,3.4753679195579217,0.075
11478.7,3.4765564343112363,0.075
11480.7,3.4777211796773697,0.075
11482.7,3.47886407756974,0.075
11484.7,3.4799125397300585,0.075
11486.7,3.4807992386167848,0.075
11488.7,3.481626296273792,0.075
11490.7,3.482343185582929,0.075
11492.7,3.48138376004794,0.1469357478913433
11494.7,3.4815300111014658,0.1700906926288292
11496.7,3.48199746198742,0.175
11498.7,3.4855522458156405,0.05
11500.7,3.486270268089337,0.05
11502.7,3.4869050604543137,0.05
11504.7,3.4875043718737824,0.05
11506.7,3.488070579727664,0.05
11508.7,3.4886058996011444,0.05
11510.7,3.489112396322877,0.05
11512.7,3.489591994248942,0.05
11514.7,3.4900464868442067,0.05
11516.7,3.490482239612952,0.05
11518.7,3.490896950847848,0.05
11520.7,3.491316152738162,0.05
11522.7,3.491610278494947,0.05
11524.7,3.4919730875673163,0.05
11526.7,3.4923452174685456,0.05
11528.7,3.4926693080340296,0.05
11530.7,3.492961249732284,0.05
11532.7,3.4932584038827006,0.05
11534.7,3.4934847421958617,0.05
11536.7,3.4937166825558834,0.05
11538.7,3.493959039468742,0.05
11540.7,3.4942106552432457,0.05
11542.7,3.494452263315508,0.05
11544.7,3.494661095608242,0.05
11546.7,3.4948490405807275,0.05
11548.7,3.4950287431997262,0.05
11550.7,3.495201492401311,0.05
11552.7,3.495376157660691,0.05
11554.7,3.495566558451909,0.05
11556.7,3.4957508511586584,0.05
11558.7,3.4959294181272766,0.05
11560.7,3.496102615879184,0.05
11562.7,3.4964891874644204,0.0405243769545753
11564.7,3.4966929977806656,0.0393018403708734
11566.7,3.496863122764104,0.0394258646124082
11568.7,3.496969604236916,0.0420110777212416
11570.7,3.4971234894482937,0.0421351046201911
11572.7,3.497265861047904,0.0400074296741428
11574.7,3.4973269219623115,0.04089268960046
11576.7,3.497549599735567,0.0353629070454522
11578.7,3.4976742375642127,0.0367321489031429
11580.7,3.497864827160292,0.0350017143262685
11582.7,3.4980140801957376,0.0349996569373901
11584.7,3.498129269513351,0.0363455908245049
11586.7,3.4983053623778173,0.035010930301132
11588.7,3.4984171694389627,0.0364096129386245
11590.7,3.498512584412264,0.0383325915086847
11592.7,3.498669557782379,0.037375622750633
11594.7,3.498769707523502,0.0389701205227946
11596.7,3.4990075356592176,0.0349927970531769
11598.7,3.499113887194875,0.0363689637606868
11600.7,3.499184612979265,0.0376545911290962
11602.7,3.499325558995796,0.0357765484693101
11604.7,3.499381979893009,0.0375186897830462
11606.7,3.49947506597322,0.0375002481745049
11608.7,3.4994262771844333,0.0436164092554196
11610.7,3.4995099400330925,0.0437499659670748
11612.7,3.49959117588389,0.0435552595821176
11614.7,3.4995825317886,0.0469826907457721
11616.7,3.499571084542505,0.05
11618.7,3.4996262479908067,0.05
11620.7,3.499680900307668,0.05
11622.7,3.499794097896328,0.05
11624.7,3.499933621647325,0.05
11626.7,3.5000228934388544,0.05
11628.7,3.500086482131357,0.05
11630.7,3.5001722610882404,0.05
11632.7,3.500237426527193,0.05
11634.7,3.500331863456441,0.05
11636.7,3.5004351179671547,0.05
11638.7,3.500547685651807,0.05
11640.7,3.5006246191904253,0.05
11642.7,3.500665689281546,0.05
11644.7,3.5007578575728795,0.05
11646.7,3.5008495851661547,0.05
11648.7,3.50094087601311,0.05
11650.7,3.5010126409771325,0.05
11652.7,3.501066909327553,0.05
11654.7,3.5011207519444207,0.05
11656.7,3.5012018823080497,0.05
11658.7,3.501312229481463,0.05
11660.7,3.501378698679081,0.05
11662.7,3.5014497308303096,0.05
11664.7,3.5015376541964285,0.05
11666.7,3.501657759099167,0.05
11668.7,3.5016885221912246,0.05
11670.7,3.50171888410857,0.05
11672.7,3.501799114233606,0.05
11674.7,3.501982261995295,0.05
11676.7,3.5021650164522886,0.05
11678.7,3.5022617100237925,0.05
11680.7,3.5023624212635025,0.05
11682.7,3.50242729618389,0.05
11684.7,3.5024810769216805,0.05
11686.7,3.502616914598343,0.0464046374117235
11688.7,3.502680064488141,0.0464521230083945
11690.7,3.5028738611730645,0.0406480135238085
11692.7,3.5028745949208124,0.0434045164608754
11694.7,3.5030527382948,0.0381844474061922
11696.7,3.5031203295547244,0.0375499177099985
11698.7,3.5031628524330616,0.0380556659345764
11700.7,3.503157095538666,0.0408905861613845
11702.7,3.5033409376051643,0.0367215707576155
11704.7,3.503475071705316,0.0338751863894375
11706.7,3.5034610185189408,0.037499751825495
11708.7,3.5035267248868225,0.0375002481745049
11710.7,3.503589053286968,0.0374998558676434
11712.7,3.503604906699478,0.0395460897866157
11714.7,3.5037330049851625,0.0375284275279124
11716.7,3.503764666094896,0.0385758673062857
11718.7,3.503879663816452,0.0374714891214931
11720.7,3.504097929900779,0.0325093575725829
11722.7,3.504091441559752,0.0374821424474764
11724.7,3.504284260689704,0.0336066258722496
11726.7,3.5043080891478118,0.0371467123244912
11728.7,3.504413625307921,0.0370828522401551
11730.7,3.504671822895052,0.0301910220229934
11732.7,3.504755810575899,0.0299946762665463
11734.7,3.504776669361257,0.0315461693241573
11736.7,3.504790318760067,0.0333043906226209
11738.7,3.504828340269381,0.0335269406761011
11740.7,3.5048772050313355,0.0336484009032599
11742.7,3.5048490774551118,0.0370331632378553
11744.7,3.504958828683415,0.034221059620397
11746.7,3.504927800541584,0.0375001621223534
11748.7,3.5050344039237737,0.0375001631217977
11750.7,3.505117343800232,0.0374255344736348
11752.7,3.505104766726591,0.0379131713253193
11754.7,3.5051891386650715,0.0388992641554764
11756.7,3.505155614999595,0.0418561003596411
11758.7,3.505176908239311,0.0418941891292188
11760.7,3.5052098365551947,0.0427311673863753
11762.7,3.5052694764907275,0.0428549038431828
11764.7,3.505436037468164,0.0401209537262743
11766.7,3.5054727426004617,0.0427811240957133
11768.7,3.505471500075619,0.0449997000121852
11770.7,3.505563718930224,0.0428332453801345
11772.7,3.505395162616068,0.0448318502149369
11774.7,3.505458843052609,0.0463594060737333
11776.7,3.5056312370066025,0.0430815129148856
11778.7,3.505572392918665,0.05
11780.7,3.505669049516994,0.05
11782.7,3.50576596256248,0.05
11784.7,3.5058630961259074,0.05
11786.7,3.5059604167804816,0.05
11788.7,3.5064487305489407,0.0328145618558112
11790.7,3.506537748891533,0.0333821304283157
11792.7,3.506657457613341,0.0325645244651028
11794.7,3.506620255230632,0.037499751825495
11796.7,3.506683903473716,0.0366210285135189
11798.7,3.5066562384935,0.0396194816176632
11800.7,3.5067253041454443,0.0384252409140438
11802.7,3.506758546016365,0.0387625706505618
11804.7,3.506687450121285,0.0435664980476902
11806.7,3.5068198830546704,0.0393550644124582
11808.7,3.5069549787919745,0.0358598254018298
11810.7,3.5070080835768422,0.0378971430206992
11812.7,3.5071159254089324,0.0375001951040142
11814.7,3.5071635111727124,0.0375001961034585
11816.7,3.5073478492254844,0.031327787447107
11818.7,3.507405636585123,0.0311909793317156
11820.7,3.507481494993073,0.0307251516815741
11822.7,3.5075546885456843,0.0311288922622388
11824.7,3.5076294940314336,0.0314380918217596
11826.7,3.5077335459321857,0.0303741310357728
11828.7,3.50775503839474,0.0312504196129775
11830.7,3.507793081458633,0.0312498670130907
11832.7,3.5077822233585256,0.0336653434530209
11834.7,3.507780295929616,0.037499751825495
11836.7,3.507921486716672,0.0352292577183247
11838.7,3.507964773373602,0.0366668270305464
11840.7,3.50797690826926,0.0374997909037659
11842.7,3.508094085191313,0.0335610767225575
11844.7,3.50816361840298,0.0317438237492034
11846.7,3.5080985939244744,0.0359809567588518
11848.7,3.508252193431043,0.0306670838429848
11850.7,3.508353019983617,0.0277461279357609
11852.7,3.508308491759211,0.0312504041346347
11854.7,3.5083551784232654,0.0307121578469887
11856.7,3.5083916245975413,0.0314730761937297
11858.7,3.508475877239258,0.0307043654335015
11860.7,3.5085473259427378,0.0304842839029661
11862.7,3.508609251180558,0.0307230784680769
11864.7,3.508664593751772,0.0311875123089676
11866.7,3.508727208046397,0.0312503951056014
11868.7,3.508650646216867,0.0374598542115084
11870.7,3.5087128191244035,0.037407034116212
11872.7,3.509615487055465,1.3014496449265825e-06
11874.7,3.5097069085887056,-0.0
11876.7,3.50979601887341,-0.0
11878.7,3.509882983662302,-0.0
11880.7,3.509967930287323,-0.0
11882.7,3.5100509776512654,-0.0
11884.7,3.5101322367898447,-0.0
11886.7,3.510211811396275,-0.0
11888.7,3.5102897983108474,-0.0
11890.7,3.510366287977851,-0.0
11892.7,3.51044136487201,-0.0
11894.7,3.510515107896473,-0.0
11896.7,3.5105875907542465,-0.0
11898.7,3.510658882294863,-0.0
11900.7,3.507868755981563,0.1249813529063002
11902.7,3.5082640799461893,0.1
11904.7,3.510498186927088,-0.0
11906.7,3.5105764201021903,-0.0
11908.7,3.510653006894739,-0.0
11910.7,3.510728042258269,-0.0
11912.7,3.5108016148757395,-0.0
11914.7,3.51087380757745,-0.0
11916.7,3.510944697731087,-0.0
11918.7,3.51043483560792,0.025
