time,voltage,current,temperature
0.2,4.160355462064174,0.9623647582194442,22.296697092075277
2.2,4.1543029022383,1.00164580902343,22.29439218619598
4.2,4.15165492187811,1.00164580902343,22.292081930609523
6.2,4.1493852339365755,1.00164580902343,22.289772664779125
8.200000000000001,4.14825037570071,1.00164580902343,22.287463947062097
10.200000000000001,4.146358959575776,1.00164580902343,22.28515619022832
12.200000000000001,4.1450349678120855,0.99946357414538,22.282849295100803
14.200000000000001,4.14371098079752,1.00164580902343,22.280543656289588
16.2,4.142197855502467,1.00164580902343,22.27823897006719
18.2,4.15108768932042,0.7528666069897608,22.2761332907551
20.200000000000003,4.150520444096798,0.752871032926105,22.274397191710943
22.200000000000003,4.149952404190026,0.752871032926105,22.27266131980744
24.200000000000003,4.149384580801062,0.752871032926105,22.270925680805448
26.200000000000003,4.148628848829953,0.752871032926105,22.269190304992033
28.200000000000003,4.148439328228436,0.752871032926105,22.267455197261082
30.200000000000003,4.147457682030718,0.752871032926105,22.265749134144293
32.2,4.14673724406631,0.752871032926105,22.264014511899013
34.2,4.14635896115772,0.752871032926105,22.262280807325663
36.2,4.145640410055261,0.752871032926105,22.260546756851006
38.2,4.144996953086994,0.752871032926105,22.25881288824585
40.2,4.14427840516042,0.752871032926105,22.257079267313113
42.2,4.143748998993069,0.752871032926105,22.255345896158857
44.2,4.143559856591794,0.752871032926105,22.253612752547426
46.2,4.142803287285704,0.752871032926105,22.25187987926253
48.2,4.14219784916312,0.752871032926105,22.2501472145857
50.2,4.141668442052139,0.752871032926105,22.248414797897844
52.2,4.14125214189162,0.752871032926105,22.246682631175315
54.2,4.140646703132838,0.752871032926105,22.24495067921077
56.2,4.139966168640225,0.752871032926105,22.24321889331623
58.2,4.139625903290579,0.752871032926105,22.24148735010328
60.2,4.139020508918098,0.752871032926105,22.239755992371762
62.2,4.138755072935688,0.752871032926105,22.238024900720585
64.2,4.137885612641384,0.752871032926105,22.23629433545404
66.2,4.137620439872724,0.752871032926105,22.23456361460518
68.2,4.107888022075051,1.49919536121807,22.23194117685752
70.2,4.105429099190882,1.5007209138037811,22.228518972719478
72.2,4.103669912784495,1.50137759609612,22.225098091271473
74.2,4.102231991442186,1.49919536121807,22.221678009628842
76.2,4.100643872987031,1.50137759609612,22.21825950437807
78.2,4.099205810024949,1.5007207729986807,22.214841742933245
80.2,4.09812789031129,1.49919536121807,22.21142383777276
82.2,4.096690052876956,1.49919536121807,22.20801012566922
84.2,4.154019000625314,0.0021822348780466,22.206415138608854
86.2,4.156667360643085,0.0021822348780466,22.206410387912616
88.2,4.1584640142329,0.0021822348780466,22.206405653073436
90.2,4.15940972150439,0.0021822348780466,22.206400646258597
92.2,4.160261048270366,0.0021822348780466,22.206395696182582
94.2,4.161396022655464,0.0021822348780466,22.206391014888013
96.2,4.162151971766284,0.0010876466409151426,22.206387013695185
98.2,4.16262512622749,0.0021822348780466,22.206382870491314
100.2,4.163381316340734,0.0021822348780466,22.2063780763048
102.2,4.163759596090218,0.0021822348780466,22.206373427000084
104.2,4.164043497703638,0.0021822348780466,22.206368489921555
106.2,4.16470568222478,0.0021822348780466,22.20636378190359
108.2,4.16489482367908,0.0021822348780466,22.206359306076592
110.2,4.165367301671049,0.0021822348780466,22.206354256328787
112.2,4.165934568065685,0.0021822348780466,22.206349206185514
114.2,4.166030436513537,0.0021822348780466,22.206344155711594
116.2,4.166124434945515,0.0021822348780466,22.206339104862653
118.2,4.166691856135159,0.0021822348780466,22.206334053662857
120.2,4.166880996797464,0.0021822348780466,22.206329002089458
122.2,4.166880430916636,0.0021822348780466,22.206323967965375
124.2,4.16716452113068,0.0021822348780466,22.20631891576072
126.2,4.16773194549358,0.0021822348780466,22.206313863355565
128.20000000000002,4.16773194549358,0.0021822348780466,22.206308810701966
130.20000000000002,4.168299743972249,0.0021822348780466,22.206303881512884
132.20000000000002,4.16792108694788,0.0021822348780466,22.206298828418255
134.20000000000002,4.168298990991867,0.0021822348780466,22.206293863484962
136.20000000000002,4.168205131729229,0.0021822348780466,22.206288845385735
138.20000000000002,4.16877258031363,0.0021822348780466,22.20628380940573
140.20000000000002,4.168678039549686,0.0021822348780466,22.206278955095588
142.20000000000002,4.16886679421938,0.0021822348780466,22.206273994532125
144.20000000000002,4.1689611747244575,0.0021822348780466,22.206268975619757
146.20000000000002,4.16905593567368,0.0021822348780466,22.206264032514095
148.20000000000002,4.169434597448213,0.0021822348780466,22.206258977833876
150.20000000000002,4.1693398372874215,0.0021822348780466,22.206253923156172
152.20000000000002,4.169717738946807,0.0021822348780466,22.206248868224176
154.20000000000002,4.169718885613738,0.0021822348780466,22.206243813220382
156.20000000000002,4.16962336003658,0.0021822348780466,22.20623875804063
158.20000000000002,4.169718118611786,0.0021822348780466,22.20623370272803
160.20000000000002,4.169906881989141,0.0021822348780466,22.20622864732512
162.20000000000002,4.069416592935047,2.5008411702415,22.201048057174397
164.20000000000002,4.064006959961868,2.5008411702415,22.195397244912623
166.20000000000002,4.05980764239376,2.5008411702415,22.189753586760343
168.20000000000002,4.056781379442345,2.5008411702415,22.184114934620425
170.20000000000002,4.053604181240942,2.5008411702415,22.178480760123676
172.20000000000002,4.0701731343519905,2.00088913491518,22.173370883922008
174.20000000000002,4.068981012594512,2.00110938316881,22.16884656614298
176.20000000000002,4.067695208179921,2.00110938316881,22.164323738027406
178.20000000000002,4.066143890941056,1.9991474421763165,22.159804082499726
180.20000000000002,4.06481990361055,1.99892714829076,22.155287523260803
182.20000000000002,4.063155811845757,2.00110938316881,22.150770920499998
184.20000000000002,4.06219101399435,2.00110938316881,22.146254508939965
186.20000000000002,4.06086702381426,2.00110938316881,22.141739153466773
188.20000000000002,4.05958122937018,2.00110938316881,22.13722529194307
190.20000000000002,4.05842726946759,2.00110938316881,22.13271271605883
192.20000000000002,4.1320978692567305,-0.007427617352425488,22.129220228898667
194.20000000000002,4.1359180136353695,0.0021822348780466,22.129216246920993
196.20000000000002,4.13841502007713,0.0021822348780466,22.12921198864507
198.20000000000002,4.100946661537291,1.0009889711987392,22.127449603555036
200.20000000000002,4.10039758776289,0.99946357414538,22.12517114719428
202.20000000000002,4.099754998669025,1.000121081992793,22.12289145472024
204.20000000000002,4.09945188049139,1.00164580902343,22.120613117538294
206.20000000000002,4.099205807641061,1.00164580902343,22.1183344428657
208.20000000000002,4.09888445612849,1.000989013248268,22.11605623653254
210.20000000000002,4.080653972064045,1.4895458983691665,22.113592324935066
212.20000000000002,4.07864632051843,1.5000729857155404,22.110195191212746
214.20000000000002,4.07720901540165,1.49919536121807,22.106798465134943
216.20000000000002,4.076263310980591,1.49919536121807,22.10340219610622
218.20000000000002,4.07524177434103,1.49919536121807,22.10000682920885
220.20000000000002,4.0748265052399555,1.49919536121807,22.096612680760487
222.20000000000002,4.07403109909233,1.49919536121807,22.093219348635948
224.20000000000002,4.07316121834374,1.5000702231224894,22.08982616641185
226.20000000000002,4.072367163487563,1.5000702122423555,22.0864326591328
228.20000000000002,4.071535146303531,1.5004984203153457,22.083040414114645
230.20000000000002,4.071043178374864,1.49919536121807,22.079648034018323
232.20000000000002,4.070286611283139,1.49919536121807,22.076256696885547
234.20000000000002,4.06975667216634,1.500502748800679,22.07286560224386
236.20000000000002,4.0691132282379,1.50137759609612,22.06947528807456
238.20000000000002,4.06862182344054,1.49919536121807,22.06608541367307
240.20000000000002,4.068356571559067,1.5000734914480343,22.062696567022854
242.20000000000002,4.06767611616905,1.49919536121807,22.059307692951876
244.20000000000002,4.06710869180615,1.49919536121807,22.05591893365646
246.20000000000002,4.02795623321827,2.5008411702415,22.050457877927684
248.20000000000002,4.02549757186022,2.5008411702415,22.044863568260574
250.20000000000002,4.02379529877152,2.5008411702415,22.039272176991325
252.20000000000002,4.02266045004572,2.5008411702415,22.03368284992232
254.20000000000002,4.020769390595316,2.5008411702415,22.028095362592392
256.2,4.0194452228717905,2.5008411702415,22.022509801626516
258.2,4.01868847950543,2.5008411702415,22.01692586400802
260.2,4.01736448932533,2.5008411702415,22.0113434431691
262.2,4.01641878205383,2.5008411702415,22.005762582473935
264.2,4.108076391240538,0.0021822348780466,22.0022456742354
266.2,4.112559213969232,0.0021822348780466,22.002240830200567
268.2,4.114885487099753,0.0021822348780466,22.002235860202738
270.2,4.1164564627008895,0.0021822348780466,22.002230878460686
272.2,4.11855516737566,0.0021822348780466,22.002225986178708
274.2,4.119860410812144,0.0021822348780466,22.002221023783584
276.2,4.12082486482726,0.0021822348780466,22.002216028623817
278.2,4.12177057209876,0.0021822348780466,22.00221108463557
280.2,4.122545884186316,0.0021822348780466,22.002206122062496
282.2,4.123132051653766,0.0021822348780466,22.00220118108089
284.2,4.124399807617151,0.0021822348780466,22.002196181631415
286.2,4.124626440338631,0.0021822348780466,22.002191181439194
288.2,4.12555340118475,0.0021822348780466,22.002186267955363
290.2,4.125912939567745,0.0021822348780466,22.002181266210012
292.2,4.126480363455682,0.0021822348780466,22.00217626383354
294.2,4.127047789408144,0.0021822348780466,22.002171295888374
296.2,4.12744481572775,0.0021822348780466,22.00216629238255
298.2,4.12763395718205,0.0021822348780466,22.002161305901026
300.2,4.12820138154495,0.0021822348780466,22.002156301318365
302.2,4.128560926867299,0.0021822348780466,22.002151296332997
304.2,4.1285984094495065,0.0021822348780466,22.002146401020045
306.2,4.129165834617104,0.0021822348780466,22.002141447777557
308.20000000000005,4.12952537172504,0.0021822348780466,22.002136441502763
310.20000000000005,4.12990365463364,0.0021822348780466,22.00213143494376
312.20000000000005,4.13009279608794,0.0021822348780466,22.002126428010985
314.20000000000005,4.130452348905777,0.0021822348780466,22.00212168878463
316.20000000000005,4.130489811786808,0.0021822348780466,22.00211675143966
318.20000000000005,4.130830627687703,0.0021822348780466,22.0021117436246
320.20000000000005,4.131019758203182,0.0021822348780466,22.00210673554955
322.20000000000005,4.131057245503007,0.0021822348780466,22.002101727215038
324.20000000000005,4.13141678626804,0.0021822348780466,22.00209671865754
326.20000000000005,4.13141678626804,0.0021822348780466,22.0020917098709
328.20000000000005,4.131624672251211,0.0021822348780466,22.002086700870247
330.20000000000005,4.131832390578334,0.0021822348780466,22.002081698617257
332.20000000000005,4.1318138072936685,0.0021822348780466,22.00207685753467
334.20000000000005,4.132002958645011,0.0021822348780466,22.002071848008878
336.20000000000005,4.13236249353954,0.0021822348780466,22.00206683816223
338.20000000000005,4.132532891581293,0.0021822348780466,22.002061828183894
340.20000000000005,4.132911171477257,0.0021822348780466,22.002056817939973
342.20000000000005,4.132759522877065,0.0021822348780466,22.00205182683573
344.20000000000005,4.133289454698796,0.0021822348780466,22.00204710025714
346.20000000000005,4.132948665755312,0.0021822348780466,22.002042089647297
348.20000000000005,4.13315654935171,0.0021822348780466,22.002037096387713
350.20000000000005,4.133326946920883,0.0021822348780466,22.002032085515957
352.20000000000005,4.13349734226534,0.0021822348780466,22.00202707446066
354.20000000000005,4.133289459437927,0.0021822348780466,22.002022063169797
356.20000000000005,4.13349734226534,0.0021822348780466,22.00201706943759
358.20000000000005,4.133894345885419,0.0021822348780466,22.002012058000965
360.20000000000005,4.133856882875571,0.0021822348780466,22.00200705513905
362.20000000000005,4.133705230145703,0.0021822348780466,22.002002157484636
364.20000000000005,4.134405566510465,0.0021822348780466,22.00199714565331
366.20000000000005,4.134027491604364,0.0021822348780466,22.001992133650752
368.20000000000005,4.13425390808254,0.0021822348780466,22.00198712158766
370.20000000000005,4.13425390808254,0.0021822348780466,22.0019821094265
372.20000000000005,4.13444304953684,0.0021822348780466,22.00197709715252
374.20000000000005,4.1346134474215654,0.0021822348780466,22.001972212522542
376.20000000000005,4.134272657209066,0.0021822348780466,22.0019673929855
378.20000000000005,4.13463219099113,0.0021822348780466,22.00196238047674
380.20000000000005,4.134461651138846,0.0021822348780466,22.00195736783593
382.20000000000005,4.13463219099113,0.0021822348780466,22.001952763648582
384.20000000000005,4.134613445993645,0.0021822348780466,22.001947856128766
386.20000000000005,4.134650932976604,0.0021822348780466,22.001942843303464
388.20000000000005,4.13482133244543,0.0021822348780466,22.00193784785327
390.20000000000005,4.13501047389973,0.0021822348780466,22.001932894285414
392.20000000000005,4.1350292201707575,0.0021822348780466,22.001928037273366
394.20000000000005,4.13518087336789,0.0021822348780466,22.00192302409002
396.20000000000005,4.13501047389973,0.0021822348780466,22.001918010822212
398.20000000000005,4.13501047389973,0.0021822348780466,22.001913428800876
400.20000000000005,4.135370011965209,0.0021822348780466,22.00190841544896
402.20000000000005,4.135559150877579,0.0021822348780466,22.00190340196536
404.20000000000005,4.135218361777891,0.0021822348780466,22.00189838840694
406.20000000000005,4.135559153578937,0.0021822348780466,22.001893374828846
408.20000000000005,4.135426247113358,0.0021822348780466,22.001888361217922
410.20000000000005,4.135407498476976,0.0021822348780466,22.001883417682368
412.20000000000005,4.135748299316607,0.0021822348780466,22.001878403866662
414.20000000000005,4.135559154692183,0.0021822348780466,22.00187338996756
416.20000000000005,4.135785785829195,0.0021822348780466,22.001868446243044
418.20000000000005,4.13576703971693,0.0021822348780466,22.001863951195
420.20000000000005,4.13595618117123,0.0021822348780466,22.00185906489421
422.20000000000005,4.13595618117123,0.0021822348780466,22.00185410345923
424.20000000000005,4.135785780112629,0.0021822348780466,22.001849304819935
426.20000000000005,4.13595618117123,0.0021822348780466,22.00184429064697
428.20000000000005,4.13595618117123,0.0021822348780466,22.001839602492833
430.20000000000005,4.13614532262553,0.0021822348780466,22.001834645963644
432.20000000000005,4.135974924584438,0.0021822348780466,22.00182977190835
434.20000000000005,4.13614532262553,0.0021822348780466,22.001824757494383
436.20000000000005,4.135974926165649,0.0021822348780466,22.001819813147158
438.20000000000005,4.13614532262553,0.0021822348780466,22.001814798647192
440.20000000000005,4.136315774640377,0.0021822348780466,22.001809784045392
442.20000000000005,4.13633446407983,0.0021822348780466,22.001804769400263
444.20000000000005,4.136504963581099,0.0021822348780466,22.001799838603475
446.20000000000005,4.136504871055128,0.0021822348780466,22.001795131124595
448.20000000000005,4.136182809444062,0.0021822348780466,22.00179114195496
450.20000000000005,4.136883148045489,0.0021822348780466,22.00178612709111
452.20000000000005,4.136396948448561,0.0021822348780466,22.0017813980798
454.20000000000005,4.077795557265192,1.5002821717805936,21.998494204043013
456.20000000000005,4.0752421040807985,1.500288380856761,21.995098454983484
458.20000000000005,4.073066812480508,1.49919536121807,21.991704286885927
460.20000000000005,4.0715536792647,1.49919536121807,21.988312130930872
462.20000000000005,4.069851077230297,1.49919536121807,21.98492126655232
464.20000000000005,4.0686225274600725,1.49919536121807,21.98153173270109
466.20000000000005,4.1253262909918496,0.0021822348780466,21.981013931775916
468.20000000000005,4.126839419445643,0.0021822348780466,21.981008929446
470.20000000000005,4.0921136343684665,0.9806810448426535,21.98064500370819
472.20000000000005,4.08923824195921,0.99946357414538,21.978373096223432
474.20000000000005,4.088217012537423,0.99946357414538,21.97610046123463
476.20000000000005,4.08715768596191,1.0003349207332337,21.973828526809076
478.20000000000005,4.08640112014472,0.99946357414538,21.97155691531193
480.20000000000005,4.086061003320289,0.99946357414538,21.96928572308681
482.20000000000005,4.123757048106502,0.0,21.9686873681541
484.20000000000005,4.12498597682185,0.0021822348780466,21.96868407543263
486.20000000000005,4.12574254263905,0.0021822348780466,21.96867981943263
488.20000000000005,4.12668824991055,0.0021822348780466,21.96867534003342
490.20000000000005,4.1269715874297574,0.0021822348780466,21.96867052946376
492.20000000000005,4.1275397011192405,0.0010947479043860828,21.96866556317733
494.20000000000005,4.12801224009065,0.0021822348780466,21.968660684146283
496.20000000000005,4.0697951618014265,1.49919536121807,21.965499790863742
498.20000000000005,4.067714605801782,1.49919536121807,21.96211032294823
500.20000000000005,4.065935354090245,1.49919536121807,21.958722894700813
502.20000000000005,4.06446071144595,1.49919536121807,21.955336621494617
504.20000000000005,4.06313672126585,1.49919536121807,21.951950967390914
506.20000000000005,4.062267998957261,1.49919536121807,21.948566615077624
508.20000000000005,4.061283964741859,1.49919536121807,21.94518283730924
510.20000000000005,4.060527230568019,1.5009335184931631,21.941800017941667
512.2,4.059693682606191,1.49919536121807,21.938416683132775
514.2,4.05878646781696,1.49919536121807,21.935035715576465
516.2,4.057690108401232,1.49919536121807,21.931654484002756
518.2,4.057234844026207,1.49919536121807,21.928273930757108
520.2,4.0564046031310905,1.49919536121807,21.92489486062348
522.2,4.055798692300094,1.49919536121807,21.921515717350612
524.2,4.05519278018527,1.50137759609612,21.91813656835043
526.2,4.08280743251302,0.752871032926105,21.915788277567433
528.2,4.08394228123882,0.752871032926105,21.914080394998596
530.2,4.08394228123882,0.752871032926105,21.91237228808635
532.2,4.08432056414742,0.752871032926105,21.910664113610327
534.2,4.084319917374096,0.752871032926105,21.90895580784702
536.2,4.084510353942647,0.752871032926105,21.907247433651026
538.2,4.084321226684223,0.752871032926105,21.90553904774599
540.2,4.084321854514664,0.752871032926105,21.90383062703139
542.2,4.08469884705602,0.752871032926105,21.90212222190842
544.2,4.084322683680277,0.752871032926105,21.90041380413898
546.2,4.084509057259251,0.752871032926105,21.89870543763568
548.2,4.084698184513389,0.752871032926105,21.89699708035665
550.2,4.084132066291583,0.752871032926105,21.895288751578157
552.2,4.084319914233796,0.752871032926105,21.893580456483672
554.2,4.08432056414742,0.752871032926105,21.89187215732814
556.2,4.084508453237632,0.752871032926105,21.890163979085
558.2,4.08375313978452,0.752871032926105,21.888455809273136
560.2,4.083753756454439,0.752871032926105,21.886747701747918
562.2,4.084130793377777,0.752871032926105,21.88503957561557
564.2,4.08356399833022,0.752871032926105,21.88333152374777
566.2,4.08337548616951,0.752871032926105,21.881623507493558
568.2,4.08318571542162,0.752871032926105,21.87991557029399
570.2,4.112199198440617,0.0021822348780466,21.87980269301062
572.2,4.1132197551429375,0.0021822348780466,21.87979799116104
574.2,4.113712333242032,0.0021822348780466,21.879793143653476
576.2,4.023893868967233,2.4960033381553077,21.878502757261746
578.2,4.018047008820779,2.5008411702415,21.872917131718243
580.2,4.015037244304305,2.5008411702415,21.867337008336225
582.2,4.012693497367101,2.5008411702415,21.86176035015781
584.2,4.011007726196046,2.5008411702415,21.85618668498864
586.2,4.009362999918335,2.5008411702415,21.850615350161583
588.2,4.007586680787026,2.5008411702415,21.84504566326314
590.2,4.006451853634983,2.5008411702415,21.839478272575242
592.2,4.005563660848045,2.5008411702415,21.83391249453733
594.2,4.004182133507888,2.5008411702415,21.828348282062482
596.2,4.003121332546114,2.5008411702415,21.8227856962557
598.2,4.002290719864298,2.5008411702415,21.81722411962018
600.2,4.00109832425556,2.5008411702415,21.81166360493717
602.2,4.0006049506250765,2.5008411702415,21.806104604536568
604.2,4.0362786347553,1.49919536121807,21.801242848074427
606.2,4.037584600073035,1.49919536121807,21.797878898596608
608.2,4.03798090784399,1.49919536121807,21.79451481474633
610.2,4.0381520284390255,1.50116967896994,21.79115045947182
612.2,4.03817004929829,1.49919536121807,21.787786241481275
614.2,4.038323140735154,1.49919536121807,21.78442248452637
616.2,4.038377217350854,1.50137759609612,21.781058369232262
618.2,4.0381880717449725,1.49919536121807,21.777694720031224
620.2,4.0379989301370705,1.4994032948870184,21.774330881280743
622.2,4.037962880114457,1.50137759609612,21.77096676711329
624.2,4.03780978868344,1.49919536121807,21.767603030001563
626.2,4.037809789965341,1.50137759609612,21.764239027832307
628.2,4.056099805221256,1.00164580902343,21.761501358356885
630.2,4.056817740398001,1.00164580902343,21.759244524172235
632.2,4.05708419472826,1.001199814742903,21.756989628781803
634.2,4.057234685470894,0.9999095098677837,21.75473281753163
636.2,4.05765161909116,1.00164580902343,21.75247565785061
638.2,4.05765161909116,1.0011998625320027,21.75021824128252
640.2,4.057501131194457,1.00164580902343,21.74796021353161
642.2,4.05765161909116,1.0011998807814662,21.74570344406623
644.2,4.05784076054546,1.00164580902343,21.743446610442604
646.2,4.05802990199976,1.00164580902343,21.74118865022451
648.2,4.058180387987465,1.00164580902343,21.738930908234853
650.2,4.058369531997866,1.00164580902343,21.736673069795195
652.2,4.05821904345406,0.99946357414538,21.734415838253838
654.2,4.058369532612549,1.00164580902343,21.732158678867098
656.2,4.057879412190513,1.00164580902343,21.72990116190925
658.2,4.057879412516358,1.00164580902343,21.727644415373597
660.2,4.057918070177581,0.99946357414538,21.7253877125534
662.2,4.057879494898925,1.00164580902343,21.723131135941763
664.2,4.0943450612253,0.0006449182079195885,21.721611595250437
666.2,4.0962364757683,0.0021822348780466,21.7216066894725
668.2,4.0975604659484,0.0021822348780466,21.721601739942574
670.2,4.098450273917762,0.0021822348780466,21.721596771702988
672.2,4.09945188049139,0.0021822348780466,21.721591802428637
674.2,4.09983016339999,0.0021822348780466,21.721586872158188
676.2,4.100531002572233,0.0021822348780466,21.72158190122222
678.2,4.10115415358009,0.0021822348780466,21.721576929631816
680.2,4.10153243648869,0.0021822348780466,21.721571957398567
682.2,4.1019666161047486,0.0021822348780466,21.72156698464406
684.2,4.10228900230589,0.0021822348780466,21.721562525879264
686.2,4.10285642666879,0.0021822348780466,21.72155755207577
688.2,4.103178813159162,0.0021822348780466,21.721552577917485
690.2,4.103290602357426,0.0021822348780466,21.721547620780452
692.2,4.10399127539459,0.0021822348780466,21.72154264593199
694.2,4.103913927719463,0.0021822348780466,21.721537757601823
696.2,4.104425287469692,0.0021822348780466,21.72153279925321
698.2,4.104502879956153,0.0021822348780466,21.72152826326535
700.2,4.104691949082061,0.0021822348780466,21.721523286994962
702.2,4.105048774563232,0.0021822348780466,21.721518310404278
704.2,4.105182019241927,0.0021822348780466,21.721513333624884
706.2,4.1053710150765745,0.0021822348780466,21.721509003972447
708.2,4.105371077798159,0.0006439380576250261,21.721504526741676
710.2,4.105560298868558,0.0021822348780466,21.721499606548857
712.2,4.105938322940892,0.0021822348780466,21.72149516141614
714.2,4.106205087955137,0.0021822348780466,21.721490413109134
716.2,4.106127585650169,0.0021822348780466,21.721485663285527
718.2,4.10645011430048,0.0021822348780466,21.721480684967094
720.2,4.10663925575478,0.0021822348780466,21.721475885318945
722.2,4.10663925575478,0.0021822348780466,21.72147108419344
724.2,4.10663925575478,0.0021822348780466,21.721466164708428
726.2,4.0618396177063305,2.288060429141393,21.721384014233678
728.2,4.01206852860494,2.5008411702415,21.715826209658523
730.2,4.0084191525847945,2.5008411702415,21.71025447214
732.2,4.00563771915875,2.5008411702415,21.70468733267111
734.2,4.00355716316145,2.5008411702415,21.699123225336532
736.2,4.00185489007275,2.5008411702415,21.693561702494232
738.2,4.000019149733667,2.5008411702415,21.68800196021752
740.2,3.998695172522393,2.5008411702415,21.682444840789778
742.2,3.997582397022197,2.502380871133599,21.676890004206236
744.2,3.996314096339374,2.5008411702415,21.671336812379593
746.2,3.9953462723133204,2.5008411702415,21.66578507402819
748.2,3.99423354444661,2.5008411702415,21.66023468829889
750.2,3.99315438317497,2.5008411702415,21.654685765748667
752.2,3.99239781735777,2.5008411702415,21.649138280257798
754.2,3.99183039299487,2.5008411702415,21.643591779220223
756.2,3.99088468572337,2.5008411702415,21.638046511404756
758.2,3.99012811990617,2.50302340511954,21.63250198025793
760.2,3.989315883139055,2.5008411702415,21.626958301064363
762.2,3.9887484541134883,2.5008411702415,21.621415691390315
764.2,3.9881253563790735,2.5008411702415,21.61587353487298
766.2,3.98748013954598,2.5008411702415,21.61033203133106
768.2,3.98672357372878,2.5008411702415,21.604792007415497
770.2,3.98615614936588,2.5008411702415,21.599253274545088
772.2,3.9860447962756824,2.5008411702415,21.59371516289378
774.2,3.9850769762501224,2.5008411702415,21.58817740623999
776.2,3.98502130064008,2.5014833159309537,21.582640221170358
778.2,3.98426473482288,2.5008411702415,21.57710380014054
780.2,3.98369731045999,2.5008411702415,21.571568203242695
782.2,3.98331902755139,2.5008411702415,21.56603260496829
784.2,3.9830185311383484,2.5008411702415,21.560497228157967
786.2,3.982239837002859,2.5008411702415,21.554963258761738
788.2,3.9820728565293653,2.5008411702415,21.54943053507378
790.2,4.019064606514602,1.49919536121807,21.545999725359753
792.2,4.01982332823123,1.499207852705267,21.542650901695655
794.2,4.02039182737879,1.4992077616334218,21.539300423219792
796.2,4.02095817695702,1.50137759609612,21.535950177283635
798.2,4.021149461718853,1.5013652318038218,21.532599542025046
800.2,4.021337540955843,1.49919536121807,21.529248105324903
802.2,4.02171474277422,1.49919536121807,21.525896161579432
804.2,4.021715825422979,1.49919536121807,21.5225451459712
806.2,4.02190388422852,1.49919536121807,21.519192227818333
808.2,4.02190495587462,1.50137759609612,21.51584000705425
810.2,4.022280011227533,1.4992077982089766,21.512488121032845
812.2,4.022468065280451,1.49919536121807,21.509134703801386
814.2,4.02209302568282,1.49919536121807,21.505783100547017
816.2,4.022094100619998,1.49919536121807,21.5024305437185
818.2,4.07675490597543,0.0021822348780466,21.50118121637719
820.2,4.07951751253501,0.0021822348780466,21.50117627204882
822.2,4.080990531061125,0.0021822348780466,21.50117132521759
824.2,4.082280667657831,0.0021822348780466,21.50116641121969
826.2,4.02890211803761,1.5000559244150493,21.498942777098343
828.2,4.0268615259012215,1.50137759609612,21.49558581090369
830.2,4.02606499622311,1.50137759609612,21.492229236946983
832.2,4.0254229830627315,1.50137759609612,21.48887406709114
834.2,4.025193879332699,1.50137759609612,21.485519427616897
836.2,4.024666420417691,1.50137759609612,21.48216426327312
838.2,4.02417358168012,1.5005170218190684,21.478810004399975
840.2,4.023869889152869,1.5000559537959814,21.47545589310501
842.2,4.023680744526714,1.5005170401137387,21.472102125964287
844.2,4.023566192873203,1.49919536121807,21.468750126933852
846.2,4.077546541893951,0.0021822348780466,21.46720006420103
848.2,4.0804253699679975,0.0021822348780466,21.467195118867494
850.2,4.1079999363723845,-0.748506563170012,21.467572008308448
852.2,4.1112151866509805,-0.750688798048058,21.469285667290826
854.2,4.000820181547533,2.4844101504045657,21.46968266418372
856.2,3.9926292363482925,2.5008411702415,21.464132123504708
858.2,3.989691982995704,2.5008411702415,21.458587083085956
860.2,3.987159711736725,2.5008411702415,21.45304478722245
862.2,3.985646585606606,2.5008411702415,21.44750608415748
864.2,3.98407559336858,2.5008411702415,21.44196839542564
866.2,3.982983008969937,2.50302340511954,21.436432331836023
868.2,3.982242033444879,2.5008411702415,21.43089768039103
870.2,3.9810337477391946,2.502355921076825,21.425364656672265
872.2,3.9807444752782457,2.5023558789371094,21.419832491344792
874.2,3.97972533991969,2.5015086628892864,21.414301706617753
876.2,3.99655892935236,1.998259969592236,21.409109685535075
878.2,3.9969950421295994,2.00110938316881,21.40466818098173
880.2,3.9969950419993108,2.00110938316881,21.400224530145973
882.2,3.9968793834898584,2.00110938316881,21.395781011447582
884.2,3.99687938252349,1.99892714829076,21.391341512844853
886.2,3.996616759219611,1.99892714829076,21.386903106950196
888.2,3.99674807080666,1.99892714829076,21.3824649938233
890.2,3.9961071642021824,1.99892714829076,21.37802702703781
892.2,3.99561322208087,1.99892714829076,21.373589403104585
894.2,3.995481911952281,2.00110938316881,21.36914774190303
896.2,3.995292769040842,2.00110938316881,21.364705903276352
898.2,3.9951036260030324,2.00110938316881,21.36026423694856
900.2,3.9947831733216765,2.00110938316881,21.355822854518884
902.2,3.9947988270112598,2.00110938316881,21.351381719261155
904.2,3.9766433613153973,2.5008411702415,21.346571145337474
906.2,3.9753750864708,2.5014820289753796,21.341046271136754
908.2,3.9743515476981166,2.5008411702415,21.33552327448065
910.2,3.973750526029955,2.5008411702415,21.330001720530827
912.2,3.9729162475649,2.5008411702415,21.32448099332794
914.2,3.972348823202,2.5008411702415,21.318961206284737
916.2,3.971725822781085,2.5008411702415,21.31344149963275
918.2,3.9712696281469446,2.5008411702415,21.307923076058547
920.2,3.97083569156761,2.5008411702415,21.302405700225602
922.2,3.9707242614624056,2.5014839871822394,21.296888920961813
924.2,3.970134846397627,2.5008411702415,21.29137265945606
926.2,3.9695672216708044,2.5008411702415,21.28585703695068
928.2,3.9689999549320567,2.5008411702415,21.28034192625007
930.2,3.9686774277661674,2.5014840076323335,21.274827495981462
932.2,3.968510276172902,2.5023805548293563,21.26931254866683
934.2,3.968131993451811,2.5008411702415,21.263798542720856
936.2,3.96762028684451,2.5008411702415,21.258285473674686
938.2,3.96724200393591,2.501483230636085,21.25277251898396
940.2,4.085982821061762,-0.750688798048058,21.253373981445762
942.2,4.091298792536462,-0.750688798048058,21.255079258210365
944.2,4.094892404904797,-0.750688798048058,21.256786331668657
946.2,4.097918743773455,-0.750688798048058,21.258494723028615
948.2,4.100188402704027,-0.750688798048058,21.260203897220567
950.2,4.10153243648869,-0.750688798048058,21.261914173574176
952.2,4.10342385103169,-0.750688798048058,21.263625208053462
954.2,4.105274997270434,-0.750688798048058,21.26533689939119
956.2,4.10643011013068,-0.750688798048058,21.267049184509702
958.2,4.10758496302628,-0.750688798048058,21.268761994360688
960.2,4.10853067029778,-0.750688798048058,21.270475292063203
962.2,4.110023790840409,-0.750688798048058,21.272189040122655
964.2,4.11098950920367,-0.750688798048058,21.273903241929982
966.2,4.08469884705602,0.0021822348780466,21.274512077900855
968.2,4.08413142269312,0.0021822348780466,21.274507126248167
970.2,4.08394228123882,0.0021822348780466,21.27450217488475
972.2,4.0840946726799,0.0021822348780466,21.274497223615814
974.2,4.083979010891472,0.0021822348780466,21.274492272385853
976.2,4.084546456940322,0.0021822348780466,21.274487320910975
978.2,3.9965231986509444,2.5008411702415,21.272536640180412
980.2,3.9906776779275677,2.5008411702415,21.266988309201814
982.2,3.98729099809168,2.5008411702415,21.261445547431293
984.2,3.98483215918578,2.50302340511954,21.255906300048327
986.2,3.98294074464279,2.5008411702415,21.250370044370882
988.2,3.98104933009979,2.50302340511954,21.244835207013452
990.2,3.9797074766021336,2.5008411702415,21.239303714580988
992.2,3.97821220828529,2.5008411702415,21.233775440996467
994.2,3.9772307648590988,2.501047324633948,21.228248794139123
996.2,3.9757712388902378,2.5008411702415,21.22272356136491
998.2,3.9748255274623716,2.5008411702415,21.217200219681985
1000.2,3.9734836719278,2.5008411702415,21.211678096333976
1002.2,3.9728983810726604,2.5008411702415,21.206157370215443
1004.2,3.972348823202,2.5008411702415,21.20063813187018
1006.2,3.97121397447621,2.5008411702415,21.19511999293598
1008.2,3.9701148529835684,2.5008411702415,21.189602968912762
1010.2,3.969529566737578,2.5008411702415,21.184086935127045
1012.2,3.9692870197075596,2.5010461943602875,21.178571994125686
1014.2,4.022167577972786,1.00164580902343,21.175116214633206
1016.2,4.02493014749732,1.00164580902343,21.17287772648022
1018.2,4.026557869211658,0.99946357414538,21.170639459173213
1020.2,4.02738898640321,1.00164580902343,21.16839932563876
1022.2,4.028071000222633,1.00164580902343,21.166158129768537
1024.2,4.028638423959149,1.00164580902343,21.163916937231644
1026.2,4.028976670371868,1.00164580902343,21.16167573766404
1028.2,4.0293949903983295,1.00164580902343,21.15943412737525
1030.2,4.06947984546256,-0.932088211357388,21.15727683619825
1032.2,4.094304985149565,-0.750688798048058,21.158996842831673
1034.2,4.0976349951323465,-0.750688798048058,21.160705202614942
1036.2,4.10020844630859,-0.750688798048058,21.162414707607624
1038.2,4.102025329462108,-0.750688798048058,21.164125029711396
1040.2,4.1033837685184755,-0.750688798048058,21.165836066314505
1042.2,4.10493698266608,-0.750688798048058,21.16754747814387
1044.2,4.10607183139188,-0.750688798048058,21.16925956147648
1046.2,4.006527936635514,1.99892714829076,21.16504479096835
1048.2,4.002744982432915,1.99892714829076,21.16059597113054
1050.2,4.00015261698406,2.00110938316881,21.15614896771801
1052.2,3.998583844148926,2.00110938316881,21.151702789447988
1054.2,3.9968815700336604,2.00110938316881,21.147259374881006
1056.2,3.99580236353516,2.00110938316881,21.142816818083876
1058.2,3.99485665626367,1.99892714829076,21.138377365024652
1060.2,4.06710869180615,0.0021822348780466,21.137910465304923
1062.2,4.06994581362064,0.0021822348780466,21.13790553255179
1064.2,4.071798261056985,0.0021822348780466,21.137900597191113
1066.2,4.07297207688944,0.0021822348780466,21.13789566013855
1068.2,4.073878817054946,0.0021822348780466,21.137890721816216
1070.2,4.074785551535801,0.0021822348780466,21.13788578242522
1072.2,4.07543091579533,0.0021822348780466,21.137880842105886
1074.2,4.076109547957139,0.0021822348780466,21.137875900982507
1076.2,4.076415779054704,0.0021822348780466,21.13787095924738
1078.2,4.07694404742973,0.0021822348780466,21.137866120505773
1080.2,4.077361298049178,0.0021822348780466,21.13786117742395
1082.2,4.077850708301065,0.0021822348780466,21.137856233810844
1084.2,4.07826803760983,0.0021822348780466,21.137851289755243
1086.2,4.07864632051843,0.0021822348780466,21.137846345276575
1088.2,4.07902460342703,0.0021822348780466,21.137841400320607
1090.2,4.079252712640145,0.0021822348780466,21.137836454925047
1092.2,4.079631078677458,0.0021822348780466,21.137831578410495
1094.2,4.0798923714512245,0.0021822348780466,21.137826632311395
1096.2,4.080009402024951,0.0021822348780466,21.13782168590182
1098.2,4.080459791988802,0.0021822348780466,21.137816739214312
1100.2,4.08072687651572,0.0021822348780466,21.137811849207004
1102.2,4.08072687651572,0.0021822348780466,21.13780690187885
1104.2,4.080954989176409,0.0021822348780466,21.137802201764334
1106.2,4.08129430087862,0.0021822348780466,21.137797253958457
1108.2,4.08148344233292,0.0021822348780466,21.137792305898607
1110.2,4.0817448144179505,0.0021822348780466,21.13778735752639
1112.2,4.081711637800823,0.0021822348780466,21.137782409005037
1114.2,4.082201041975596,0.0021822348780466,21.13777746032981
1116.2,4.08205086669582,0.0021822348780466,21.137772511477706
1118.2,4.08242914960442,0.0021822348780466,21.137767654229375
1120.2,4.08239018506184,0.0021822348780466,21.137762705091937
1122.2,4.082468197265358,0.0021822348780466,21.137757807758504
1124.2,4.082468118292917,0.0021822348780466,21.137752858216807
1126.2,4.08280743251302,0.0021822348780466,21.13774790859006
1128.2,4.08280743251302,0.0004495824020717299,21.137743207728953
1130.2,4.083068799830063,0.0017325938362388342,21.137738824113036
1132.2,4.083146671416035,0.0021822348780466,21.13773425922827
1134.2,4.0833358878588,0.0021822348780466,21.1377293305433
1136.2,4.08318571542162,0.0021822348780466,21.13772438022284
1138.2,4.08337485687592,0.0021822348780466,21.137719486803284
1140.2,4.08337485687592,0.0021822348780466,21.137714536267673
1142.2,4.083603043142768,0.0021822348780466,21.137709711904755
1144.2,4.083714172352512,0.0021822348780466,21.137704761134312
1146.2,4.083602965765264,0.0021822348780466,21.13770039707756
1148.2,4.08375313978452,0.0021822348780466,21.137695727766605
1150.2,4.08386434134246,0.0021822348780466,21.137690776759083
1152.2,4.08394228123882,0.0021822348780466,21.137686551699215
1154.2,4.0842426242524725,0.0021822348780466,21.137681669749018
1156.2,4.08413142269312,0.0021822348780466,21.137676845396243
1158.2,4.08413142269312,0.0021822348780466,21.13767297106067
1160.2,4.08413142269312,0.0021822348780466,21.137668197849035
1162.2,4.08413142269312,0.0021822348780466,21.137663402253406
1164.2,4.08432056414742,0.0021822348780466,21.137658450659266
1166.2,4.084470737237656,0.0021822348780466,21.137653620275643
1168.2,4.084470740733117,0.0021822348780466,21.137650704227152
1170.2,4.084659874260149,0.0021822348780466,21.137645979702963
1172.2,4.084359624293598,0.0021822348780466,21.137641570337685
1174.2,4.08469884705602,0.0021822348780466,21.137636912924044
1176.2,4.084659879623178,0.0021822348780466,21.137632121884955
1178.2,4.084659878365897,0.0021822348780466,21.13762720451371
1180.2,4.084999199578171,0.0004495640788996654,21.137622404748747
1182.2,4.084848942436857,0.0021822348780466,21.137618221956515
1184.2,4.084999199476361,0.0021822348780466,21.13761356934248
1186.2,4.08469884705602,0.0021822348780466,21.13760884669853
1188.2,4.085038161274406,0.0021822348780466,21.1376038943099
1190.2,4.08526627141892,0.0021822348780466,21.137599449357193
1192.2,4.084848729646911,0.0021822348780466,21.13759461816683
1194.2,4.08488798851032,0.0021822348780466,21.137590155907596
1196.2,4.085038047153206,0.0021822348780466,21.13758548059603
1198.2,4.085416444181639,0.0021822348780466,21.137581367437637
1200.2,4.0853385084676175,0.0021822348780466,21.13757641486242
1202.2,4.08507712996462,0.0021822348780466,21.13757151416748
1204.2,4.085416445765904,0.0021822348780466,21.137567425116885
1206.2,4.085416446095084,0.0021822348780466,21.137562558900665
1208.2,4.085416442500514,0.0021822348780466,21.137558133436272
1210.2,4.08545541287322,0.0021822348780466,21.137553264187716
1212.2,4.085605490798529,0.0021822348780466,21.13754855861959
1214.2,4.085494381563298,0.0021822348780466,21.137543605557866
1216.2,4.08579467927652,0.0021822348780466,21.137539061207413
1218.2,4.0855666137756605,0.0021822348780466,21.137534373190842
1220.2,4.08526627141892,0.0004496469816182955,21.137530096949163
1222.2,4.08579465266002,0.0021822348780466,21.137525952287717
1224.2,4.085494378724032,0.0004495716658721178,21.137522226747663
1226.2,4.08545541287322,0.0021822348780466,21.13751845004634
1228.2,4.085794729604873,0.0004495754286734967,21.137513981362037
1230.2,4.085794724849138,0.0021822348780466,21.137509880933482
1232.2,4.08564455432752,0.0021822348780466,21.137505331253774
1234.2,4.08583369578182,0.0021822348780466,21.137500573029318
1236.2,4.08583369578182,0.0021822348780466,21.137496166971818
1238.2,4.085755751867705,0.0021822348780466,21.13749131753971
1240.2,4.085983873627138,0.0021822348780466,21.137486537394267
1242.2,4.085794642111369,0.0021822348780466,21.137482240292293
1244.2,4.08564455432752,0.0021822348780466,21.137477986933494
1246.2,4.08583369578182,0.0017326486872186343,21.137474041951016
1248.2,4.08587266321444,0.0021822348780466,21.137469536742856
1250.2,4.086173008740689,0.0021822348780466,21.13746486038842
1252.2,4.086172937686895,0.00045043874628242176,21.137460507033573
1254.2,4.08621197869041,0.0021822348780466,21.137456634250057
1256.2,4.08621197869041,0.0021822348780466,21.137452227805017
1258.2,4.08602283723611,0.0017326014060026855,21.1374477304512
1260.2,4.08621197869041,0.0021822348780466,21.137443645611686
1262.2,4.11307006520097,-0.750688798048058,21.138303077216293
1264.2,4.11439405538107,-0.750240839631379,21.140015231998582
1266.2,4.08829253468771,0.0021822348780466,21.140718726669526
1268.2,4.0878784836336095,0.0021822348780466,21.140714214132593
1270.2,4.08753596887051,0.0019759159289581786,21.140709270508083
1272.2,4.087364686485425,0.0021822348780466,21.140704647588905
1274.2,4.078310421033945,0.3285237001888871,21.14067158404911
1276.2,4.050353272198438,1.0010056369339795,21.138442782951067
1278.2,4.04857282928478,1.00164580902343,21.136190318775938
1280.2,4.047193230731391,1.00164580902343,21.133939191462574
1282.2,4.046414347279999,1.0010042304019573,21.13168953296336
1284.2,4.04549095251118,1.001004163698702,21.12943944930673
1286.2,4.04441171729018,1.0001042235008495,21.12719148397864
1288.2,4.0441114038068395,0.99946357414538,21.124943232351324
1290.2,4.04346601001869,0.99946357414538,21.12269558138433
1292.2,4.042842973924932,1.0010041841656965,21.12044675400243
1294.2,4.04233116129289,1.00164580902343,21.118200091922983
1296.2,3.9874622523018384,2.5008411702415,21.113985450196434
1298.2,3.98407559336858,2.5008411702415,21.108447815625162
1300.2,3.9815988672176674,2.5008411702415,21.102914355015752
1302.2,3.9796896946570572,2.5008411702415,21.097383854230618
1304.2,3.9781764337939243,2.5008411702415,21.091855767742608
1306.2,3.9767392168175055,2.5008411702415,21.086330069619127
1308.2,3.9750371507739075,2.5008411702415,21.08080632155736
1310.2,3.9737874551532557,2.5008411702415,21.075284378210284
1312.2,3.972463464636852,2.5008411702415,21.069763908763385
1314.2,3.971706898530406,2.5008411702415,21.064245244852426
1316.2,3.97083569156761,2.5008411702415,21.05872794636164
1318.2,4.081970996009679,-0.750688798048058,21.054817760255055
1320.2,4.090710940605141,-0.750688798048058,21.0565223195603
1322.2,4.0947977422831885,-0.750688798048058,21.058229214617572
1324.2,4.0976350658355125,-0.7493672654214463,21.05993528566368
1326.2,4.099904764247572,-0.750688798048058,21.06164472966918
1328.2,4.084501251044579,-0.13080522007159245,21.063306490229376
1330.2,4.075677913382497,0.0021822348780466,21.06331882675621
1332.2,4.075882534501386,0.0021822348780466,21.063313885566522
1334.2,4.076318832466913,0.0021822348780466,21.063309294593072
1336.2,4.076828465968939,0.0021822348780466,21.063304352521065
1338.2,3.9851736581323802,2.5008411702415,21.058288539539596
1340.2,3.9808234075496016,2.5008411702415,21.052754469017472
1342.2,3.97817542371212,2.5008411702415,21.047225536982733
1344.2,3.9760948788555397,2.5008411702415,21.041699952129733
1346.2,3.9742034525090033,2.5008411702415,21.03617676410332
1348.2,3.9728426758538973,2.5008411702415,21.030656190769225
1350.2,3.97102483302191,2.5008411702415,21.025137355972387
1352.2,3.97007912575041,2.5008411702415,21.019620539029777
1354.2,3.9689810578111104,2.5008411702415,21.014105294563084
1356.2,3.96818771120741,2.5008411702415,21.008591144569213
1358.2,3.9672052215620757,2.5008411702415,21.003078981080197
1360.2,4.027272784772813,0.750688798048058,20.99887617152148
1362.2,4.030924572972573,0.752871032926105,20.997191055161473
1364.2,4.033121330846518,0.752871032926105,20.995504565370908
1366.2,4.034329116589702,0.752871032926105,20.993817447651093
1368.2,4.0351437860295,0.752871032926105,20.99212986198472
1370.2,4.035842251517514,0.752871032926105,20.99044194177196
1372.2,4.0364677762096,0.752871032926105,20.98875378103278
1374.2,4.0370352005725,0.752871032926105,20.98706537905353
1376.2,4.0374134834811,0.752871032926105,20.985376776181685
1378.2,4.0376026249354,0.752871032926105,20.98368800762552
1380.2,4.037849869886751,0.752871032926105,20.9819991126504
1382.2,4.03854833220689,0.752871032926105,20.980310080349703
1384.2,4.065934147898819,0.0021822348780466,20.979894712254193
1386.2,4.06748697471475,0.0021822348780466,20.979889781894933
1388.2,4.068850850905164,0.0021822348780466,20.979884849803636
1390.2,4.069716978242061,0.0021822348780466,20.97987991641263
1392.2,4.0971821830398,-0.750688798048058,20.980750029906048
1394.2,4.09945188049139,-0.7506677651968601,20.9824585792072
1396.2,4.10115415358009,-0.748506563170012,20.984167963826863
1398.2,4.102669106659174,-0.748506563170012,20.985878197126144
1400.2,4.10417676774284,-0.750688798048058,20.98758932243143
1402.2,3.99009408782944,2.5008411702415,20.985848117826077
1404.2,3.9833965819551347,2.5017359604683356,20.980308917238695
1406.2,3.979836925099373,2.5008411702415,20.974776901691772
1408.2,3.9769657738091064,2.5008411702415,20.969249541895717
1410.2,3.974506935187699,2.5008411702415,20.963725360085835
1412.2,3.9722038566166242,2.5008411702415,20.95820423757053
1414.2,3.97083569156761,2.5017359637770276,20.952684611101045
1416.2,3.9692109715819424,2.5008411702415,20.94716755409259
1418.2,3.9681101545659963,2.50302340511954,20.94165342148713
1420.2,3.9667086140901455,2.501735949678822,20.93613989153219
1422.2,3.965617455269072,2.5008411702415,20.930629272357088
1424.2,3.96459402357572,2.501735960501362,20.925120092105253
1426.2,3.96383745775852,2.5008411702415,20.919612547907608
1428.2,3.962591018811187,2.5017359238829258,20.914105396498922
1430.2,3.961834456163423,2.5008411702415,20.908599588076534
1432.2,3.9611119261663434,2.5008411702415,20.90309525184391
1434.2,3.96005462867252,2.5008411702415,20.897592257799126
1436.2,3.9592205100374045,2.5008411702415,20.89208993312186
1438.2,3.9767792033799396,1.99892714829076,20.887469995184208
1440.2,3.9770773595595,2.00110938316881,20.883051182573475
1442.2,3.9769279674477045,2.00110938316881,20.878629783684467
1444.2,3.9770376147881423,2.00110938316881,20.874208844513877
1446.2,3.9767388969283646,2.00110938316881,20.86978765059104
1448.2,3.976659003644221,2.00110938316881,20.865368495900192
1450.2,3.9765496787156374,2.00110938316881,20.860948982791868
1452.2,3.97617140888353,2.00110938316881,20.856531347460553
1454.2,3.976131652288,2.00110938316881,20.85211090712125
1456.2,3.9757533693794,2.00110938316881,20.847691091930816
1458.2,3.9755642279251,2.00110938316881,20.843271197343853
1460.2,3.9751859450165,2.00110938316881,20.838855104302187
1462.2,3.9749968035622,2.00110938316881,20.834436502391487
1464.2,3.9747674931806585,2.00110938316881,20.83001751057314
1466.2,3.9744293791993,2.00110938316881,20.82560249275939
1468.2,3.9741306462422927,2.00110938316881,20.82118494718214
1470.2,3.9738619548364,2.00110938316881,20.816766826268335
1472.2,3.9734836719278,2.00110938316881,20.812349016022555
1474.2,3.9732945304735,2.00110938316881,20.807931484888186
1476.2,3.9731452477852818,2.00110938316881,20.803516404755186
1478.2,4.073042924245179,-0.7500063841671273,20.80422134172494
1480.2,4.078397960740776,-0.750688798048058,20.80591997028945
1482.2,4.08205086669582,-0.750688798048058,20.80762086785718
1484.2,4.085017823359639,-0.750688798048058,20.809323897776018
1486.2,4.087665964367446,-0.750688798048058,20.811028081345228
1488.2,4.089486531454289,-0.750688798048058,20.81273320512251
1490.2,4.091637855323963,-0.750688798048058,20.81443910152074
1492.2,4.092891074558046,-0.750688798048058,20.81614555576095
1494.2,4.094474803950082,-0.750688798048058,20.817852344337183
1496.2,4.09560989999934,-0.750688798048058,20.81956014932894
1498.2,4.0969930415855,-0.750688798048058,20.821268558878632
1500.2,4.035845955925093,1.00164580902343,20.820576841208222
1502.2,4.0330632300322,1.00164580902343,20.818332116605408
1504.2,4.031415345158132,1.00164580902343,20.81608827384786
1506.2,4.030469640838522,1.00164580902343,20.813845185841313
1508.2,4.029982571516169,1.00164580902343,20.811602764500137
1510.2,4.029010905404043,1.00164580902343,20.809360830201445
1512.2,4.02852383512901,1.001018227214286,20.807119203586133
1514.2,4.02795641076611,1.00164580902343,20.804877937080715
1516.2,4.027469427732246,1.00164580902343,20.80263671621288
1518.2,4.026875902672496,1.00164580902343,20.800395608996627
1520.2,4.00828569951894,1.5007520338946134,20.797119894601444
1522.2,4.007205075294644,1.4998209808044494,20.793778647735543
1524.2,4.006340067710843,1.50137759609612,20.79043893753822
1526.2,4.005583498736986,1.5007520235799572,20.787099200464517
1528.2,4.004638021169973,1.50137759609612,20.783760327894075
1530.2,4.00401614665241,1.4998209338981305,20.780423502589006
1532.2,4.003287317483779,1.49919536121807,20.777087271065668
1534.2,4.00288129207185,1.49919536121807,20.77375192905724
1536.2,4.002287394546742,1.4998209469289316,20.770416929457188
1538.2,4.00185489007275,1.499820939007451,20.76708110035028
1540.2,4.001422385828772,1.49919536121807,20.76374663889671
1542.2,4.001233353016801,1.49919536121807,20.760413391239613
1544.2,4.00034175843836,1.49919536121807,20.757080996025962
1546.2,3.9999092535197063,1.49919536121807,20.75374798999326
1548.2,3.9995039467933235,1.499817788491162,20.75041624163648
1550.2,4.081364662068679,-0.750688798048058,20.751301665563645
1552.2,4.08564455432752,-0.750688798048058,20.753004746451047
1554.2,4.08848167614201,-0.750688798048058,20.75470642299708
1556.2,4.090881233448657,-0.750688798048058,20.75641122739784
1558.2,4.065882040067761,0.0021822348780466,20.75724903495541
1560.2,4.0320153560120096,0.9851158177220174,20.75683630145864
1562.2,4.02890211803761,0.9997144316092479,20.754596260038713
1564.2,4.02738898640321,1.00164580902343,20.752355321071317
1566.2,4.02663242058601,0.999714506691334,20.75011695137381
1568.2,4.026086750085087,1.00164580902343,20.74787801103688
1570.2,4.02549757186022,1.0013944211683283,20.74563979378202
1572.2,4.0596537761555815,0.00037316677754834025,20.74405281612877
1574.2,4.06219101399435,0.0021822348780466,20.744047928308376
1576.2,4.063593398740137,0.0021822348780466,20.74404300266116
1578.2,4.06446071144595,0.0021822348780466,20.744038240897737
1580.2,4.0926589668143665,-0.750688798048058,20.745601990260322
1582.2,4.03378751964018,1.00164580902343,20.745740119701292
1584.2,4.030934138406683,1.00164580902343,20.74350007655356
1586.2,4.029107436722916,0.9996502202609165,20.741259486321802
1588.2,4.028318512100116,1.0014591127933978,20.739018762741402
1590.2,4.02738898640321,0.99946357414538,20.736778247017924
1592.2,4.02663242058601,0.9996502672534959,20.734538439513937
1594.2,4.02625413767741,1.00164580902343,20.732297925776592
1596.2,4.025783989117828,1.0005234815486492,20.730058357635134
1598.2,4.0255894358798034,1.0005234627261983,20.727819963524176
1600.2,4.025016598238682,1.0005234632527469,20.725581078281113
1602.2,4.02474100604302,1.000588816180966,20.7233417830031
1604.2,4.02446022871404,1.00164580902343,20.72110304806725
1606.2,4.023892577745937,1.00164580902343,20.71886441759079
1608.2,4.023600747072123,1.000523481013479,20.71662568064047
1610.2,4.023325152656964,1.00164580902343,20.714387573721552
1612.2,4.023319743092924,1.00164580902343,20.712149195449268
1614.2,4.0229468689352785,1.00164580902343,20.70991042318466
1616.2,3.9704250420692175,2.5008411702415,20.70637261355815
1618.2,3.96610715521011,2.5008411702415,20.700859561358403
1620.2,3.96345917484992,2.5008411702415,20.695350914313345
1622.2,3.9615520980410386,2.5008411702415,20.689845416928037
1624.2,3.959643984690578,2.501027854496468,20.684342129184138
1626.2,3.9579578906906505,2.5008411702415,20.678841216711888
1628.2,3.9566338994695305,2.5008411702415,20.67334268697705
1630.2,3.9551207691463683,2.5008411702415,20.66784599374181
1632.2,3.954364212167015,2.5008411702415,20.662350996829197
1634.2,3.95286725340914,2.5008411702415,20.656857766285885
1636.2,3.951937726534756,2.5008411702415,20.65136632753807
1638.2,3.95130558138713,2.5008411702415,20.645875641095536
1640.2,3.95001394856682,2.5008411702415,20.64038683283937
1642.2,3.9490682408909596,2.5008411702415,20.634898931456163
1644.2,4.063563810458642,-0.750688798048058,20.63341278931614
1646.2,4.070167495766117,-0.750688798048058,20.63510906760648
1648.2,4.075225505715209,-0.748506563170012,20.636806593125062
1650.2,4.07826803760983,-0.750688798048058,20.638505508935054
1652.2,4.080775677228244,-0.750688798048058,20.640206943848327
1654.2,4.08337485687592,-0.750688798048058,20.641909434553874
1656.2,4.085282543349634,-0.750688798048058,20.64361283948575
1658.2,4.006742793619375,1.50137759609612,20.64196660568287
1660.2,4.003033241329432,1.49919536121807,20.638629048534614
1662.2,4.00128746570986,1.50137759609612,20.635293235519114
1664.2,3.999847305370461,1.49919536121807,20.63195897736675
1666.2,3.99882862680396,1.49919536121807,20.628626183751926
1668.2,3.99788291953246,1.49919536121807,20.62529512300762
1670.2,3.99693721226096,1.500037277638679,20.62196521779238
1672.2,3.99636978789806,1.49919536121807,20.618635278576374
1674.2,3.9957293891796684,1.49919536121807,20.6153059567285
1676.2,3.9954970524205518,1.5005356781013073,20.61197636627939
1678.2,3.99466751480937,1.49919536121807,20.608647750783742
1680.2,3.994521914213228,1.5000353005648996,20.605319600891022
1682.2,3.9937947794447934,1.49919536121807,20.601991197267782
1684.2,3.9935758624976674,1.5000372875905503,20.59866431259821
1686.2,4.069206063623817,-0.7992800070417535,20.595726305642444
1688.2,4.07599834015823,-0.750688798048058,20.597428709401346
1690.2,4.079585821413085,-0.750688798048058,20.59912945371793
1692.2,4.05802990199976,-0.025067308661508168,20.60059307682966
1694.2,4.05727333618256,0.0021822348780466,20.600591441379198
1696.2,4.057667795776911,0.0021822348780466,20.60058652238081
1698.2,4.05840818490836,0.0021822348780466,20.60058160268238
1700.2,4.059148575760706,0.0021822348780466,20.600576682121243
1702.2,4.05954303363416,0.0021822348780466,20.60057176075669
1704.2,4.06011045799706,0.0021822348780466,20.600566838659315
1706.2,4.06086702381426,0.0021822348780466,20.60056191595599
1708.2,4.024889663697705,1.00164580902343,20.59837371715375
1710.2,4.023268358655367,1.00164580902343,20.596134979234872
1712.2,4.022173997811621,1.00164580902343,20.59389781025645
1714.2,4.021593290366022,1.00164580902343,20.591660345417374
1716.2,4.020620380680032,1.00164580902343,20.58942358541169
1718.2,4.020350269022755,1.001178726533515,20.587186725530433
1720.2,4.019782845001766,1.00164580902343,20.584950023142664
1722.2,4.01944504532263,1.00164580902343,20.582713542099103
1724.2,4.01906676241403,1.00164580902343,20.58047712366061
1726.2,4.01887762095973,1.0011786585806894,20.578240980013465
1728.2,4.018269711552619,1.00164580902343,20.576005085218224
1730.2,4.01831019659683,1.00164580902343,20.573769488923386
1732.2,4.0175941162726065,1.0011787043627645,20.571533988991106
1734.2,4.017891430228257,1.00164580902343,20.569299216543488
1736.2,4.017215836654382,1.00164580902343,20.567065015816297
1738.2,4.016945717525669,1.00164580902343,20.564830182133132
1740.2,4.016945722276841,1.00164580902343,20.562595237370285
1742.2,4.025840792018937,0.7413957809460499,20.56050308690035
1744.2,4.02565164927541,0.752871032926105,20.558820144241505
1746.2,4.025910921979228,0.752871032926105,20.55713631818801
1748.2,4.025981038802161,0.752871032926105,20.555452413600346
1750.2,4.02625413767741,0.752871032926105,20.553768431242233
1752.2,4.02606499622311,0.752871032926105,20.55208440118786
1754.2,4.0264082179663205,0.752871032926105,20.55040034388348
1756.2,4.02656230459361,0.752871032926105,20.54871629143461
1758.2,4.02625413767741,0.752871032926105,20.547032229518482
1760.2,4.0264086770456045,0.7510880224244993,20.54534834951291
1762.2,4.02625413767741,0.752871032926105,20.543664279886283
1764.2,3.9647102445741274,2.5008411702415,20.540210057804636
1766.2,3.9599817015102907,2.5008411702415,20.534705130085612
1768.2,3.957290431209895,2.5008411702415,20.529205193960184
1770.2,3.954991097040454,2.5008411702415,20.523708736930658
1772.2,3.952983466728724,2.5008411702415,20.518215379592956
1774.2,3.951427047710856,2.5008411702415,20.512724601909035
1776.2,3.9497680622576525,2.5008411702415,20.507236001730792
1778.2,3.9484873628660933,2.5008411702415,20.501749477155464
1780.2,3.94700386832585,2.5008411702415,20.496264821698972
1782.2,3.9455636604309103,2.5008411702415,20.490782027836346
1784.2,3.94473417087425,2.5008411702415,20.485300819642674
1786.2,3.94378846360275,2.5008411702415,20.479821014195505
1788.2,4.058021761891802,-0.748506563170012,20.478657975263076
1790.2,4.06445800066065,-0.748506563170012,20.480346870816437
1792.2,4.06899739565171,-0.748506563170012,20.48203803003082
1794.2,4.072212798792087,-0.750688798048058,20.483732808726987
1796.2,4.0752390598740496,-0.748506563170012,20.485428462293914
1798.2,4.0776949294502955,-0.750688798048058,20.487126681114137
1800.2,4.079778460134808,-0.750688798048058,20.488827641863065
1802.2,4.031369359949014,0.7374014880639295,20.48988202085159
1804.2,4.02757812785751,0.752871032926105,20.488198377185853
1806.2,4.026248538694046,0.752871032926105,20.4865141434185
1808.2,4.02568671331452,0.752871032926105,20.484830298026232
1810.2,4.02493294542533,0.752871032926105,20.483146664896672
1812.2,4.024927348010041,0.752871032926105,20.481463178277497
1814.2,4.02455186458872,0.752871032926105,20.47977978691607
1816.2,4.024170778398731,0.752871032926105,20.47809651513912
1818.2,4.023990210865156,0.752871032926105,20.47641330262794
1820.2,4.02417358168012,0.752871032926105,20.47473014969505
1822.2,4.02416798274945,0.752871032926105,20.47304707248222
1824.2,4.023608955222422,0.752871032926105,20.47136409067312
1826.2,4.02379529877152,0.752871032926105,20.46968110153143
1828.2,4.074782683979354,-0.7786931011643727,20.46833438952698
1830.2,4.079192013841776,-0.750688798048058,20.47003348507242
1832.2,4.05538192163957,0.0,20.4707481245076
1834.2,4.055549271409786,0.0021822348780466,20.470743651879495
1836.2,3.9688959078598187,2.5008411702415,20.468537359328955
1838.2,3.962670369531747,2.5008411702415,20.463028217809097
1840.2,3.958525375703458,2.5008411702415,20.457525886871625
1842.2,3.95570437522363,2.5008411702415,20.452028147770548
1844.2,3.95286725340914,2.5008411702415,20.446534089307757
1846.2,3.950818939818388,2.5008411702415,20.441043332885016
1848.2,4.062563862921634,-0.750688798048058,20.438622579586227
1850.2,4.069843087163161,-0.750688798048058,20.44031862862943
1852.2,4.047697418710279,0.0021822348780466,20.441305210610096
1854.2,4.048702548764692,0.0021822348780466,20.4413003027923
1856.2,4.022146931204369,0.752871032926105,20.439873816507717
1858.2,4.022039024214666,0.752871032926105,20.438191514624705
1860.2,4.0214715627383555,0.752871032926105,20.436509663420402
1862.2,4.021471562514793,0.752871032926105,20.434827638883863
1864.2,4.021093282548924,0.7513122411955218,20.43314569167497
1866.2,4.02133645986562,0.752871032926105,20.43146377133531
1868.2,4.02114731841132,0.752871032926105,20.429781835745317
1870.2,4.021282420832273,0.752871032926105,20.42809993039332
1872.2,4.02095817695702,0.752871032926105,20.426418059052725
1874.2,4.02095817695702,0.7513122516389922,20.424736456216117
1876.2,4.021093279604935,0.752871032926105,20.423054693235454
1878.2,4.02114731841132,0.752871032926105,20.421372840186446
1880.2,4.020823073401156,0.752871032926105,20.41969100580117
1882.2,4.012846800998897,0.9992131327545297,20.417875699893777
1884.2,4.011333653826515,1.0013955469033073,20.415647585432133
1886.2,4.01112282133344,1.00164580902343,20.413418828905705
1888.2,4.010387960167066,1.001395389853166,20.41119024445172
1890.2,4.01036625551624,0.99946357414538,20.40896093924664
1892.2,4.00998797260764,1.00164580902343,20.40673223665912
1894.2,4.009588036369555,1.001395981977301,20.40450328229611
1896.2,4.0092530571307465,1.00164580902343,20.402273776868604
1898.2,4.009020615490412,0.99946357414538,20.40004701521327
1900.2,4.009020611460118,0.99946357414538,20.397820305917527
1902.2,4.069329458391115,-0.7489109859284035,20.397219471494473
1904.2,4.07448520852383,-0.750688798048058,20.398917693897324
1906.2,4.077168239246295,-0.750688798048058,20.400617529967846
1908.2,4.05235565837077,0.0021822348780466,20.40109497419514
1910.2,4.05254479982507,0.0021822348780466,20.401090201543024
1912.2,4.030789581857148,0.68508966750691,20.401002884491426
1914.2,4.025910894810718,0.752871032926105,20.399329850851323
1916.2,4.0245870171021165,0.752871032926105,20.397646227169194
1918.2,4.02417358168012,0.752871032926105,20.39596306506771
1920.2,4.023452168670734,0.752871032926105,20.394280021164384
1922.2,4.023262606346785,0.752871032926105,20.392597275283215
1924.2,4.02284959150002,0.752871032926105,20.390914586653576
1926.2,4.02247130859142,0.752871032926105,20.38923205215521
1928.2,4.022163318984974,0.752871032926105,20.38754965583884
1930.2,4.022128055084654,0.752871032926105,20.38586731115292
1932.2,4.022022784230308,0.752871032926105,20.38418510787409
1934.2,4.021560716513817,0.752871032926105,20.382502980365196
1936.2,4.02133645986562,0.752871032926105,20.380820985750415
1938.2,4.021266142748991,0.752871032926105,20.37913903237246
1940.2,4.020993330646363,0.752871032926105,20.37745718074569
1942.2,4.02076903550272,0.752871032926105,20.375775377861974
1944.2,4.02057989404842,0.752871032926105,20.3740936705008
1946.2,4.02057989404842,0.752871032926105,20.372412001321678
1948.2,4.020236766824125,0.752871032926105,20.370730420901282
1950.2,4.011649575410224,0.99946357414538,20.368862944599872
1952.2,4.010785209276887,0.99946357414538,20.36663337351503
1954.2,4.010136444452361,0.9999328030662876,20.36440265094427
1956.2,4.009758150350431,1.00164580902343,20.36217298916554
1958.2,4.0090829349450585,1.00164580902343,20.35994445030599
1960.2,4.00870465169306,0.999932799096683,20.357715487136787
1962.2,4.00828569951894,1.00164580902343,20.3554863823552
1964.2,4.07240465252654,-0.750688798048058,20.357061808833365
1966.2,4.07580919870393,-0.750688798048058,20.35876091001897
1968.2,3.9678255938173286,2.4962901895036462,20.358757122768505
1970.2,3.9587712375630266,2.5008411702415,20.353252265669216
1972.2,3.9542318371073906,2.5008411702415,20.34775558899751
1974.2,3.950827328506587,2.5008411702415,20.34226416060686
1976.2,3.948409053697747,2.5008411702415,20.336776352095338
1978.2,3.94586901960005,2.5008411702415,20.331292465615174
1980.2,3.9438290590463865,2.5008411702415,20.32581150728589
1982.2,3.94189704905975,2.5008411702415,20.320333292245852
1984.2,3.94057305887966,2.5008411702415,20.314857470065274
1986.2,3.938830188539436,2.5008411702415,20.309383813456826
1988.2,3.937654748672938,2.5008411702415,20.303912159851958
1990.2,3.93603366397646,2.5008411702415,20.298442169554413
1992.2,3.934831468617961,2.5008411702415,20.29297401379534
1994.2,3.93376396652487,2.5013105136964486,20.287507485354826
1996.2,3.9943616939457303,0.752871032926105,20.28441925548937
1998.2,3.997198837990837,0.752871032926105,20.2827478317884
2000.2,3.9991627285139892,0.752871032926105,20.28107545051353
2002.2,4.000792341901142,0.752871032926105,20.27940241623496
2004.2,4.00154907514593,0.752871032926105,20.27772889060298
2006.2,4.002683937367308,0.752871032926105,20.276054938474395
2008.2,4.003295541948469,0.752871032926105,20.274380683007873
2010.2,4.00393544607005,0.752871032926105,20.27270614008098
2012.2,4.00450287043295,0.752871032926105,20.271031361581425
2014.2,4.00488115334155,0.752871032926105,20.269356382055474
2016.2,4.005186956119203,0.752871032926105,20.267681176891916
2018.2,3.942373406863514,2.5008411702415,20.262895712513583
2020.2,3.938968694128967,2.5008411702415,20.25742078829046
2022.2,3.9362294792399073,2.5008411702415,20.25195019235385
2024.2,3.93414224943347,2.5008411702415,20.24648225716451
2026.2,3.9322441628372573,2.5008411702415,20.241017137540716
2028.2,3.93092684471037,2.5008411702415,20.235554413401196
2030.2,3.92941371307598,2.5008411702415,20.23009367055021
2032.2,3.92827886435018,2.5008411702415,20.22463494898216
2034.2,3.9272419240751444,2.5008411702415,20.2191779174098
2036.2,3.926296229113342,2.5008411702415,20.213722331589125
2038.2,3.92506345962708,2.5008411702415,20.208268183189062
2040.2,3.9243981261052685,2.5008411702415,20.202815449822822
2042.2,3.923080814860086,2.5008411702415,20.197364045517283
2044.2,3.9223175731665867,2.5008411702415,20.191914082565276
2046.2,3.92128063054109,2.5008411702415,20.186465251668672
2048.2000000000003,3.920615300078548,2.5008411702415,20.18101746560765
2050.2000000000003,3.91957835745239,2.5008411702415,20.175571071857586
2052.2000000000003,3.9189130192853248,2.5008411702415,20.170125932591333
2054.2000000000003,4.026716697730325,-0.7518986785343813,20.16594273128557
2056.2000000000003,4.036180498241863,-0.750688798048058,20.167623150247998
2058.2000000000003,4.041476466232259,-0.750688798048058,20.169307575244904
2060.2000000000003,4.045448561802211,-0.750688798048058,20.17099395786888
2062.2000000000003,4.048755096237467,-0.750688798048058,20.172681833945212
2064.2000000000003,4.051879373596759,-0.750688798048058,20.174370116504516
2066.2000000000003,4.054239921222489,-0.750688798048058,20.17606046072095
2068.2000000000003,4.05689505327396,-0.750688798048058,20.17775185548928
2070.2000000000003,4.058877610519048,-0.750688798048058,20.179444206428784
2072.2000000000003,4.06105616526856,-0.750688798048058,20.181137424538214
2074.2000000000003,4.063038720163352,-0.750688798048058,20.182831449618256
2076.2000000000003,4.06464985290025,-0.750688798048058,20.18452619381013
2078.2000000000003,3.989053496743621,1.49919536121807,20.184567758725475
2080.2000000000003,3.983946842198776,1.49919536121807,20.181245896748575
2082.2000000000003,3.981367574993294,1.49919536121807,20.17792749649546
2084.2000000000003,3.9792779777419325,1.500684982493982,20.17461206236813
2086.2000000000003,3.9776447839224,1.49919536121807,20.171296664762785
2088.2000000000003,3.9764497373266443,1.50137759609612,20.167983328832953
2090.2000000000003,3.9748677012044613,1.49919536121807,20.164670727888648
2092.2000000000003,3.97411115219183,1.49919536121807,20.161359850077247
2094.2000000000003,3.999796951146205,0.752871032926105,20.159061290086694
2096.2000000000003,4.00072004134696,0.752871032926105,20.15738815127625
2098.2000000000003,4.00109832425556,0.752871032926105,20.155714700984024
2100.2000000000003,4.00128746570986,0.752871032926105,20.154041113874943
2102.2000000000003,4.001877133429873,0.752871032926105,20.15236740614181
2104.2000000000003,4.00166574861846,0.752871032926105,20.15069361563838
2106.2000000000003,4.00185489007275,0.752871032926105,20.149019776540015
2108.2000000000003,4.001710112563803,0.752871032926105,20.147345906783126
2110.2000000000003,4.00223317298135,0.752871032926105,20.145672023031047
2112.2000000000003,4.0022110054974505,0.752871032926105,20.14399812355427
2114.2000000000003,4.002066591507123,0.752871032926105,20.14232420718258
2116.2000000000003,4.002255342236219,0.752871032926105,20.140650264211597
2118.2000000000003,4.001877075884711,0.752871032926105,20.138976302255926
2120.2000000000003,4.001877130164333,0.752871032926105,20.13730238584817
2122.2000000000003,4.00223317298135,0.752871032926105,20.135628457550496
2124.2000000000003,4.002066210446466,0.752871032926105,20.133954550059997
2126.2000000000003,4.00223317298135,0.752871032926105,20.132280615766913
2128.2000000000003,4.0526507361827955,-0.751648783601976,20.13126416263606
2130.2000000000003,4.057799570301653,-0.750688798048058,20.132955483876714
2132.2000000000003,4.06067788235996,-0.750688798048058,20.13464840075481
2134.2000000000003,4.06275843835725,-0.750688798048058,20.136341906667898
2136.2000000000003,3.96479232915311,2.00110938316881,20.132570972487372
2138.2000000000003,3.960252957574481,2.00110938316881,20.128166045408424
2140.2000000000003,3.9572205646357568,2.00110938316881,20.12376491655688
2142.2000000000003,3.95494780940643,2.00110938316881,20.119366753756914
2144.2000000000003,3.9528703113141237,2.00110938316881,20.114970949303558
2146.2000000000003,3.951168049600646,2.00110938316881,20.110577323457147
2148.2000000000003,3.9496457296021887,2.00110938316881,20.106186556245643
2150.2000000000003,3.94794957559734,2.00110938316881,20.101796423870812
2152.2000000000003,3.947186887781124,2.00110938316881,20.0974078748483
2154.2000000000003,3.945682934414291,2.00110938316881,20.093022586188994
2156.2000000000003,3.944362021880778,2.00110938316881,20.088638543421528
2158.2000000000003,3.9435391732477627,1.99892714829076,20.08425537219014
2160.2000000000003,3.942335531592352,1.99892714829076,20.07987690090725
2162.2000000000003,3.9413984641695192,2.00110938316881,20.075496929098694
2164.2000000000003,3.940263615437854,2.00110938316881,20.07111592083121
2166.2000000000003,3.93943821015386,2.00110938316881,20.066735970168136
2168.2000000000003,3.9383718895465294,1.99892714829076,20.062357748714444
2170.2000000000003,3.9376069487642322,1.99892714829076,20.057983392396935
2172.2000000000003,3.9366614471368413,1.99892714829076,20.053610535285795
2174.2000000000003,3.93603366397646,2.00110938316881,20.04923528853602
2176.2000000000003,3.9352168785283452,1.99892714829076,20.044864102065276
2178.2000000000003,3.934271006120925,1.99892714829076,20.040494456463257
2180.2000000000003,3.93357482507057,2.00110938316881,20.036123681949782
2182.2000000000003,3.9499767769202556,1.50137759609612,20.032119488224506
2184.2000000000003,3.9508691326828442,1.50137759609612,20.0288268124561
2186.2000000000003,3.9511116254012855,1.49919536121807,20.025534062745365
2188.2000000000003,3.950922520836348,1.49919536121807,20.02223957628247
2190.2000000000003,3.951218338610277,1.49919536121807,20.01894605098688
2192.2000000000003,3.95078669741184,1.50137759609612,20.015653159624026
2194.2000000000003,3.950733343182558,1.50137759609612,20.012359114790396
2196.2000000000003,3.9505444852451244,1.500765288444868,20.00906679798997
2198.2000000000003,3.950272583046239,1.5007625276761105,20.005773320502392
2200.2000000000003,3.950083488785975,1.49919536121807,20.002481975760777
2202.2000000000003,3.9497585612020427,1.500761993939503,19.99918946475201
2204.2000000000003,3.9498943416426457,1.4998109085054638,19.99589811140454
2206.2000000000003,3.94965184868604,1.49919536121807,19.992605895594828
2208.2000000000003,3.94946270723174,1.49919536121807,19.989313494835052
2210.2000000000003,3.9491377767230045,1.5007620384530733,19.986021801119165
2212.2000000000003,3.948759496778016,1.49919536121807,19.982729319237983
2214.2000000000003,3.9487594956408976,1.50137759609612,19.97943779336326
2216.2000000000003,3.948381010055633,1.5007643557782215,19.97614632998836
2218.2000000000003,3.94870614141454,1.50137759609612,19.972855356086825
2220.2000000000003,4.024538079784831,-0.750688798048058,19.971070641528637
2222.2000000000003,4.031357516941339,-0.750688798048058,19.972750501531763
2224.2000000000003,4.0355151796530295,-0.750688798048058,19.97443261917767
2226.2000000000003,4.038544880846043,-0.750688798048058,19.97611625015637
2228.2000000000003,4.04138545402139,-0.750688798048058,19.97780112677551
2230.2000000000003,4.04365515147299,-0.750688798048058,19.979487092030098
2232.2000000000003,4.045921405869928,-0.750688798048058,19.981173993091744
2234.2000000000003,4.04781626346758,-0.750688798048058,19.982861745572418
2236.2000000000003,4.04970767801058,-0.750688798048058,19.984550307361168
2238.2000000000003,4.05140610111125,-0.750688798048058,19.9862396036338
2240.2000000000003,3.9444366638948076,2.488640815287741,19.986490591542925
2242.2000000000003,3.934284949695469,2.5028447987778963,19.98101919068437
2244.2000000000003,3.929050909371114,2.5008411702415,19.97555618929034
2246.2000000000003,3.925584451146316,2.5008411702415,19.97009940264528
2248.2000000000003,3.922399999802823,2.5008411702415,19.964646460758974
2250.2000000000003,3.9199721164495926,2.5008411702415,19.95919819173383
2252.2000000000003,3.91768694290939,2.5008411702415,19.953753507368624
2254.2000000000003,3.9154327057336116,2.5008411702415,19.94831146514803
2256.2000000000003,3.9135567791377865,2.5008411702415,19.942872441758755
2258.2000000000003,3.9118080771664383,2.5008411702415,19.93743579426105
2260.2000000000003,4.0206640334552946,-0.750688798048058,19.934326024231314
2262.2000000000003,4.028993237779883,-0.750688798048058,19.93600482028159
2264.2000000000003,4.033532630278036,-0.750688798048058,19.937685456996416
2266.2000000000003,4.0202422949199965,-0.12787522733540238,19.939320691881523
2268.2000000000003,4.01263595296784,0.0021822348780466,19.939331294223276
2270.2000000000003,4.013710883051886,0.0021822348780466,19.93932662053387
2272.2000000000003,4.0146563167823555,0.0021822348780466,19.939321754088752
2274.2000000000003,4.01528393332803,0.0021822348780466,19.939316886531156
2276.2000000000003,4.016289527948633,0.0021822348780466,19.939312017823024
2278.2000000000003,4.017304562222734,0.0021822348780466,19.939307148053917
2280.2000000000003,4.01774277223393,0.0021822348780466,19.939302277355896
2282.2000000000003,4.0187578482757065,0.0021822348780466,19.939297405700785
2284.2000000000003,4.0193851600638535,0.0021822348780466,19.939292533104542
2286.2000000000003,4.020081849290459,0.0021822348780466,19.939287659715617
2288.2000000000003,4.020450727983292,0.0021822348780466,19.939282785668333
2290.2000000000003,4.021207248875969,0.0021822348780466,19.939277910891857
2292.2000000000003,4.02165484438351,0.0021822348780466,19.93927303543957
2294.2000000000003,4.02228216713712,0.0021822348780466,19.939268159240957
2296.2000000000003,4.02284959150002,0.0021822348780466,19.93926328251331
2298.2000000000003,4.022978788490652,0.0021822348780466,19.939258405183374
2300.2000000000003,4.023476951932773,0.0021822348780466,19.939253527270278
2302.2000000000003,4.024044326489065,0.0021822348780466,19.939248648993892
2304.2000000000003,4.02417358168012,0.0021822348780466,19.93924377018375
2306.2000000000003,4.0246810600730285,0.0021822348780466,19.93923889095561
2308.2000000000003,4.025248485862477,0.0021822348780466,19.939234011315353
2310.2000000000003,4.02530843040592,0.0021822348780466,19.939229131142387
2312.2000000000003,4.025806487007645,0.0021822348780466,19.939224250553007
2314.2000000000003,4.02625413767741,0.0021822348780466,19.939219369626656
2316.2000000000003,4.026383392285876,0.0021822348780466,19.939214488384387
2318.2000000000003,4.0269507519088705,0.0021822348780466,19.93920960678115
2320.2000000000003,4.026890845265253,0.0021822348780466,19.93920472489822
2322.2000000000003,4.02719984494891,0.0021822348780466,19.9391998427268
2324.2000000000003,4.02738898640321,0.0021822348780466,19.939194960237344
2326.2000000000003,4.027707383548526,0.0021822348780466,19.93919007739716
2328.2000000000003,4.02795641076611,0.0021822348780466,19.939185194333398
2330.2000000000003,4.028205569875526,0.0021822348780466,19.93918031100405
2332.2000000000003,4.02814555222041,0.0021822348780466,19.93917542747898
2334.2000000000003,4.02833469367471,0.0021822348780466,19.939170543709032
2336.2000000000003,4.02871297658331,0.0021822348780466,19.939165659661395
2338.2000000000003,4.02871297658331,0.0021822348780466,19.939160775494496
2340.2000000000003,4.02871297658331,0.0021822348780466,19.93915589121726
2342.2000000000003,4.02928040094621,0.0021822348780466,19.939151006669462
2344.2000000000003,4.02928040094621,0.0021822348780466,19.939146121872774
2346.2000000000003,4.02946954240051,0.0021822348780466,19.939141236931754
2348.2000000000003,4.029917136987846,0.0021822348780466,19.939136351759583
2350.2000000000003,4.02946954240051,0.0021822348780466,19.93913146650613
2352.2000000000003,4.029907991035091,0.0021822348780466,19.939126581031903
2354.2000000000003,4.03003696676341,0.0021822348780466,19.939121746720918
2356.2000000000003,4.029787941634859,0.0021822348780466,19.93911707102243
2358.2000000000003,4.03003696676341,0.0021822348780466,19.939112185185216
2360.2000000000003,4.030355241087035,0.0021822348780466,19.93910729915281
2362.2000000000003,4.03041524967201,0.0021822348780466,19.93910241303864
2364.2000000000003,4.0304752642949095,0.0021822348780466,19.93909752672409
2366.2000000000003,4.03041524967201,0.0021822348780466,19.939092640358915
2368.2000000000003,4.030544505360824,0.0021822348780466,19.93908775388116
2370.2000000000003,4.030664275221829,0.0021822348780466,19.939082867308727
2372.2000000000003,4.030922789856785,0.0021822348780466,19.939077980658297
2374.2000000000003,4.030922788776354,0.0021822348780466,19.939073093806694
2376.2000000000003,4.030922790862021,0.0021822348780466,19.93906825816899
2378.2000000000003,4.03117181548921,0.0021822348780466,19.939063371161645
2380.2000000000003,4.03098267403491,0.0021822348780466,19.939058484088903
2382.2000000000003,4.031301074932177,0.0021822348780466,19.939053596870547
2384.2000000000003,4.031301072767587,0.0021822348780466,19.939048726693837
2386.2000000000003,4.03136095694351,0.0021822348780466,19.939043839420425
2388.2000000000003,4.031748087646306,0.0021822348780466,19.939038952013313
2390.2000000000003,4.03155009839781,0.0021822348780466,19.939034064545044
2392.2000000000003,4.031490153353271,0.0021822348780466,19.9390291769735
2394.2000000000003,4.03155009839781,0.0021822348780466,19.939024289286102
2396.2000000000003,4.031610001152263,0.0021822348780466,19.939019401533134
2398.2000000000003,4.03173923985211,0.0021822348780466,19.939014513697213
2400.2000000000003,4.0317992752840635,0.0021822348780466,19.9390096258198
2402.2000000000003,4.031799126778343,0.0021822348780466,19.93900473789756
2404.2000000000003,4.0319283813064,0.0021822348780466,19.938999849877217
2406.2000000000003,4.031997741568509,0.0021822348780466,19.93899496187022
2408.2000000000003,4.0319283813064,0.0021822348780466,19.938990073672503
2410.2000000000003,4.0318683343325645,0.0021822348780466,19.938985271038064
2412.2000000000003,4.0321774081018305,0.0021822348780466,19.938980416989764
2414.2000000000003,4.032306664215,0.0021822348780466,19.938975528684526
2416.2000000000003,4.032057568235802,0.0021822348780466,19.938970640408403
2418.2000000000003,4.032435746157394,0.0021822348780466,19.938965752012113
2420.2000000000003,4.0321175227607,0.0021822348780466,19.938960863532227
2422.2000000000003,4.032246779454185,0.0021822348780466,19.938955974993917
2424.2000000000003,4.032306664215,0.0021822348780466,19.93895110350505
2426.2000000000003,4.032237290112367,0.0021822348780466,19.938946266239572
2428.2000000000003,4.0322374630044555,0.0021822348780466,19.938941377581532
2430.2000000000003,4.032435921491835,0.0021822348780466,19.938936488820175
2432.2000000000003,4.0325556920135135,0.0021822348780466,19.9389318440937
2434.2000000000003,4.032615575027509,0.0021822348780466,19.93892695521455
2436.2000000000003,4.032625060198285,0.0021822348780466,19.938922066426258
2438.2000000000003,4.032564972796386,0.0021822348780466,19.93891717749339
2440.2000000000003,4.032624990584769,0.0021822348780466,19.938912300256614
2442.2000000000003,4.032366551142516,0.0021822348780466,19.938907416732377
2444.2000000000003,4.0326849471236,0.0021822348780466,19.938902527681126
2446.2000000000003,4.032565174433551,0.0021822348780466,19.93889763868601
2448.2000000000003,4.0326849471236,0.0021822348780466,19.938892749649536
2450.2000000000003,4.032624913509238,0.0021822348780466,19.938887860525924
2452.2000000000003,4.032744829713704,0.0021822348780466,19.938882971444972
2454.2000000000003,4.032615573183112,0.0021822348780466,19.938878082290433
2456.2000000000003,4.032814206409002,0.0021822348780466,19.938873193091048
2458.2000000000003,4.0330632300322,0.0021822348780466,19.938868303732722
2460.2000000000003,4.0326849471236,0.0021822348780466,19.938863414509505
2462.2000000000003,4.0328740885779,0.0021822348780466,19.938858525184248
2464.2000000000003,4.0328740885779,0.0021822348780466,19.93885399988431
2466.2000000000003,4.0330632300322,0.0021822348780466,19.938849110518582
2468.2000000000003,4.0326849471236,0.0021822348780466,19.938844221190728
2470.2000000000003,4.03300334685803,0.0021822348780466,19.938839331738027
2472.2000000000003,4.0330632300322,0.0021822348780466,19.93883444225458
2474.2000000000003,4.0330632300322,0.0021822348780466,19.938829552669837
2476.2000000000003,4.033003347942022,0.0021822348780466,19.938824663180014
2478.2000000000003,4.033003345932015,0.0021822348780466,19.93881977367549
2480.2000000000003,3.9970352856992637,1.00164580902343,19.936903261349038
2482.2000000000003,3.99504579771797,1.00164580902343,19.93467966080517
2484.2000000000003,3.9936309072810996,1.00164580902343,19.932457254273853
2486.2000000000003,3.99201953444917,1.00164580902343,19.93023571194814
2488.2000000000003,3.990793607198174,1.00164580902343,19.928014610839618
2490.2000000000003,3.9894625338937373,1.00164580902343,19.925794215986272
2492.2000000000003,3.988705979038454,1.00164580902343,19.923574385788992
2494.2000000000003,3.987578202473999,1.00164580902343,19.92135523256203
2496.2000000000003,3.98691271518308,1.00164580902343,19.919136527260807
2498.2000000000003,3.9858760537573468,1.00164580902343,19.916918262189967
2500.2000000000003,3.9848391437020125,1.00164580902343,19.914700674596503
2502.2000000000003,3.9841591412806068,1.0005970837924036,19.912483469661844
2504.2000000000003,4.017788623227149,-0.008960345961010842,19.91077884897961
2506.2000000000003,4.020084474735842,0.0021822348780466,19.91077502287592
2508.2000000000003,4.02114731841132,0.0021822348780466,19.9107701482682
2510.2000000000003,4.049306693973639,-0.750688798048058,19.91213073060229
2512.2000000000003,4.028421883041339,-0.03653557333975759,19.91365746668284
2514.2000000000003,4.02587585476881,0.0021822348780466,19.913658913016718
2516.2000000000003,4.025910092135876,0.0021822348780466,19.913654032168058
2518.2000000000003,4.02606499622311,0.0021822348780466,19.913649151111038
2520.2000000000003,4.02644327913171,0.0021822348780466,19.913644269837114
2522.2000000000003,4.02663242058601,0.0021822348780466,19.9136393882252
2524.2000000000003,3.940013153064733,2.5008411702415,19.91133931897176
2526.2000000000003,3.93301491950676,2.5008411702415,19.905869675691346
2528.2000000000003,3.9285739696410427,2.5008411702415,19.90040752351221
2530.2000000000003,3.9251618153712777,2.5008411702415,19.8949516708274
2532.2000000000003,3.9220448303919837,2.5008411702415,19.889500276243897
2534.2000000000003,3.919298403784652,2.501888923523561,19.884052887273633
2536.2000000000003,3.9169303770922,2.5008411702415,19.878609069593193
2538.2000000000003,3.9144715381863,2.50302340511954,19.87316848029954
2540.2000000000003,3.9123833909683747,2.5008411702415,19.867730855616333
2542.2000000000003,3.9102120711472566,2.5008411702415,19.862296490029138
2544.2000000000003,3.90841901164871,2.5008411702415,19.856864363146574
2546.2000000000003,3.9067242651022682,2.5008411702415,19.85143446488925
2548.2000000000003,3.9050219823678516,2.5008411702415,19.846007653725653
2550.2000000000003,3.90350133383692,2.5018883131826626,19.840582362508087
2552.2000000000003,3.9018974303070095,2.5008411702415,19.835159912237813
2554.2000000000003,3.90047507056812,2.5008411702415,19.829739738014784
2556.2000000000003,3.899211182240728,2.5008411702415,19.82432123778206
2558.2000000000003,3.89782709020793,2.502330047367701,19.818904620350796
2560.2000000000003,3.89650310002783,2.5008411702415,19.81348981800386
2562.2000000000003,3.8950500671516357,2.502330010819659,19.8080765981551
2564.2000000000003,3.89385511966763,2.5008411702415,19.802664546266907
2566.2000000000003,3.8927803648700006,2.5008411702415,19.797254210157366
2568.2000000000003,3.891834658753634,2.5008411702415,19.791845634275337
2570.2000000000003,3.89082885639884,2.5008411702415,19.786439183076205
2572.2000000000003,3.88969400767304,2.5008411702415,19.78103378259005
2574.2000000000003,3.8886192556193264,2.5008411702415,19.775629826759797
2576.2000000000003,3.887862705701252,2.5015347239100625,19.770226906957593
2578.2000000000003,3.88704602731285,2.5008411702415,19.76482516593682
2580.2000000000003,3.8860313948061997,2.5008411702415,19.759425071180942
2582.2000000000003,3.885283657125866,2.5008411702415,19.754024677869523
2584.2000000000003,3.8843379524460557,2.5008411702415,19.74862645710989
2586.2000000000003,3.883383387246064,2.50302340511954,19.743227638807742
2588.2000000000003,3.882566727923643,2.5008411702415,19.737830869891283
2590.2000000000003,3.882257372260808,2.5015347945584825,19.732434552247053
2592.2000000000003,3.9148192881653063,1.4946204644053795,19.727554679885127
2594.2000000000003,3.9163629527293,1.50137759609612,19.72428949148618
2596.2000000000003,3.9173086600008,1.49919536121807,19.721023939979883
2598.2000000000003,3.917845643728555,1.49919536121807,19.717758369665646
2600.2000000000003,3.91844350872659,1.5004636856384181,19.714492259154724
2602.2000000000003,3.9183639841897318,1.49919536121807,19.71122672493717
2604.2000000000003,3.9187425217480256,1.49919536121807,19.707961378078306
2606.2000000000003,3.91863265018089,1.500463253508705,19.704696078853367
2608.2000000000003,3.91882179163519,1.500111641767823,19.701429137584356
2610.2000000000003,3.9191693568416146,1.49919536121807,19.698164632873443
2612.2000000000003,3.918742542566118,1.49919536121807,19.69489938108109
2614.2000000000003,3.91923079040344,1.5001092852954245,19.69163455454682
2616.2000000000003,3.91901093308949,1.5001093065615787,19.688368956948345
2618.2000000000003,3.91882179163519,1.49919536121807,19.685103803953467
2620.2000000000003,3.9189317232053704,1.49919536121807,19.681839234051843
2622.2000000000003,3.9188525080133836,1.49919536121807,19.678574251938468
2624.2000000000003,3.9187118658881595,1.5001093188691403,19.675309059376296
2626.2000000000003,3.99636978789806,-0.750688798048058,19.67484438186014
2628.2000000000003,4.0017184722743915,-0.750688798048058,19.676512211391767
2630.2000000000003,4.005122990943457,-0.748506563170012,19.678181197491426
2632.2000000000003,4.007824089306275,-0.750688798048058,19.67985005271084
2634.2000000000003,4.010661452579992,-0.750688798048058,19.681522199620485
2636.2000000000003,4.01320337733074,-0.750688798048058,19.68319537179358
2638.2000000000003,4.015526116025047,-0.750688798048058,19.684869522763773
2640.2000000000003,4.01736448932533,-0.748506563170012,19.686543380821803
2642.2000000000003,4.01944504532263,-0.750688798048058,19.688218616841272
2644.2000000000003,4.021389498827512,-0.750688798048058,19.689895315878584
2646.2000000000003,4.02290263052149,-0.750688798048058,19.691571456265972
2648.2000000000003,4.02493014749732,-0.750688798048058,19.693248708321118
2650.2000000000003,4.02639023560856,-0.748506563170012,19.69492689747117
2652.2000000000003,4.027873354585967,-0.750688798048058,19.696602957912802
2654.2000000000003,4.02928040094621,-0.748506563170012,19.69828293396721
2656.2000000000003,4.00387505839561,0.0021822348780466,19.698584541243633
2658.2000000000003,4.00374630461575,0.0021822348780466,19.698579687269937
2660.2000000000003,3.976479197658165,0.752871032926105,19.696964899763064
2662.2000000000003,3.9750760027566607,0.752871032926105,19.695301999821517
2664.2000000000003,3.9740510962907,0.752871032926105,19.693639599821168
2666.2000000000003,3.9733737319179583,0.7519572398333727,19.691977826677547
2668.2000000000003,3.9724280918656367,0.752871032926105,19.6903161678573
2670.2000000000003,3.9718913379273277,0.752871032926105,19.688654683425227
2672.2000000000003,3.97140311593051,0.752871032926105,19.68699345097009
2674.2000000000003,3.971134767762085,0.752871032926105,19.6853324178997
2676.2000000000003,3.944624225038558,1.5004638702196078,19.682918538714553
2678.2000000000003,3.9421961375297654,1.5001090734799705,19.67963062898232
2680.2000000000003,3.94019477597106,1.500463871478269,19.676346051864126
2682.2000000000003,3.93868164433666,1.49919536121807,19.673064138226568
2684.2000000000003,3.93754679561086,1.49919536121807,19.66978266073125
2686.2000000000003,3.93622280543076,1.49919536121807,19.666502946095317
2688.2000000000003,3.9347888732471494,1.50137759609612,19.663223068931963
2690.2000000000003,3.9847120061986936,0.0007959600389731277,19.660901523738765
2692.2000000000003,3.9968881704700143,-0.301094985625878,19.660924347334753
2694.2000000000003,4.018227723258683,-0.750688798048058,19.662616377706566
2696.2000000000003,4.021200652473139,-0.750688798048058,19.664292833312146
2698.2000000000003,3.96118947739832,1.00164580902343,19.663167034627246
2700.2000000000003,3.958809827513346,1.00164580902343,19.660963533128943
2702.2000000000003,3.957565035349662,1.00164580902343,19.658760914718908
2704.2000000000003,3.956729276420328,1.0007321026847706,19.656559114775646
2706.2000000000003,3.95589351667793,1.00164580902343,19.6543578265793
2708.2000000000003,3.9552161427952464,1.00164580902343,19.65215734415859
2710.2000000000003,3.954648718428475,1.00164580902343,19.649956878888855
2712.2000000000003,3.95419124358923,1.00164580902343,19.647757443576328
2714.2000000000003,3.9535138706241586,1.00164580902343,19.645557367832083
2716.2000000000003,3.95324553631774,1.00164580902343,19.643357648840944
2718.2000000000003,3.95267811195484,1.00164580902343,19.641158376718128
2720.2000000000003,3.95211068759194,1.00164580902343,19.638959405831635
2722.2000000000003,3.951384882836158,1.00164580902343,19.636760319867424
2724.2000000000003,3.95135412177474,1.00164580902343,19.63456178351544
2726.2000000000003,3.95089664918255,1.00164580902343,19.632363284056737
2728.2000000000003,3.9503291139439307,1.00164580902343,19.630164938274312
2730.2000000000003,3.9499509405832463,1.00164580902343,19.62796680312536
2732.2000000000003,3.98577786645728,0.0021822348780466,19.62759324208505
2734.2000000000003,3.988002420095115,0.0021822348780466,19.62758840856293
2736.2000000000003,3.9891104134320154,0.0021822348780466,19.627583572929723
2738.2000000000003,3.99031726136047,0.0021822348780466,19.627578735782798
2740.2000000000003,3.9913349694178906,0.0021822348780466,19.627573897336077
2742.2000000000003,3.9925149590076927,0.0021822348780466,19.627569057718095
2744.2000000000003,3.9930372415221846,0.0021822348780466,19.627564217058396
2746.2000000000003,3.99410009044647,0.0021822348780466,19.627559375552643
2748.2000000000003,3.994739512802347,0.0021822348780466,19.627554533225094
2750.2000000000003,3.9949738026714905,0.0021822348780466,19.627549690101098
2752.2000000000003,3.9955412323187227,0.0021822348780466,19.627544846346694
2754.2000000000003,3.99618064644376,0.0021822348780466,19.627540002045055
2756.2000000000003,3.997054358060408,0.0021822348780466,19.627535156943406
2758.2000000000003,3.997054356098181,0.0021822348780466,19.62753031133693
2760.2000000000003,3.9973874937661185,0.0021822348780466,19.627525465139986
2762.2000000000003,3.99788291953246,0.0021822348780466,19.62752061853622
2764.2000000000003,3.998522344079252,0.0021822348780466,19.627515771436258
2766.2000000000003,3.99890030128926,0.0021822348780466,19.627510923716855
2768.2000000000003,3.9989457726080317,0.0021822348780466,19.627506075717257
2770.2000000000003,3.9994680481780223,0.0021822348780466,19.627501227314404
2772.2000000000003,3.9996571880470144,0.0021822348780466,19.627496378480455
2774.2000000000003,3.99977433407546,0.0021822348780466,19.627491529246306
2776.2000000000003,4.000107470763646,0.0021822348780466,19.627486679639908
2778.2000000000003,4.00053089989266,0.0021822348780466,19.627481851578246
2780.2000000000003,4.000999466503801,0.0021822348780466,19.62747700120779
2782.2000000000003,4.000981184567378,0.0021822348780466,19.627472150680056
2784.2000000000003,4.00128746570986,0.0021822348780466,19.627467474373386
2786.2000000000003,4.00173774978145,0.0021822348780466,19.62746262328044
2788.2000000000003,4.001926886709453,0.0021822348780466,19.627457822723233
2790.2000000000003,4.00192688670637,0.0021822348780466,19.62745297094521
2792.2000000000003,4.002116034048856,0.0021822348780466,19.62744811897853
2794.2000000000003,4.002305173764536,0.0021822348780466,19.627443283795962
2796.2000000000003,4.00261145588995,0.0021822348780466,19.62743843134471
2798.2000000000003,4.0026834547129875,0.0021822348780466,19.62743357870506
2800.2000000000003,4.00272859655644,0.0021822348780466,19.627428725812692
2802.2000000000003,4.00317888025285,0.0021822348780466,19.627423872860092
2804.2000000000003,4.003296210064533,0.0021822348780466,19.62741905847628
2806.2000000000003,4.003250809325494,0.0021822348780466,19.62741434093243
2808.2000000000003,4.003250852687153,0.0021822348780466,19.62740948733935
2810.2000000000003,4.003674304812034,0.0021822348780466,19.627404752446257
2812.2000000000003,4.00374630461575,0.0021822348780466,19.627399898532047
2814.2000000000003,4.003628944800901,0.0021822348780466,19.627395044460894
2816.2000000000003,4.004052597599416,0.0021822348780466,19.627390190221064
2818.2000000000003,4.004007445271173,0.0021822348780466,19.627385335862435
2820.2000000000003,4.004196588687828,0.0021822348780466,19.62738048145851
2822.2000000000003,4.004196409358748,0.0021822348780466,19.627375626850863
2824.2000000000003,4.00450287043295,0.0021822348780466,19.627370772129105
2826.2000000000003,4.00450287043295,0.0021822348780466,19.62736591720848
2828.2000000000003,4.00469201188725,0.0021822348780466,19.627361062263653
2830.2000000000003,4.004620010499917,0.0021822348780466,19.62735620711829
2832.2000000000003,4.004809156553994,0.0021822348780466,19.62735135189116
2834.2000000000003,4.0047640130525295,0.0021822348780466,19.627346496601827
2836.2000000000003,4.00499829575055,0.0021822348780466,19.627341641243262
2838.2000000000003,4.005187437653196,0.0021822348780466,19.627336785704507
2840.2000000000003,4.005214293199858,0.0021822348780466,19.627331930020915
2842.2000000000003,4.005025152051621,0.0021822348780466,19.6273270742908
2844.2000000000003,4.005493722718551,0.0021822348780466,19.62732221839704
2846.2000000000003,4.005709585291447,0.0021822348780466,19.62731736240257
2848.2000000000003,4.00563771915875,0.0021822348780466,19.627312506401193
2850.2000000000003,4.005565720715608,0.0021822348780466,19.627307650325765
2852.2000000000003,4.005754865564505,0.0021822348780466,19.627302794093247
2854.2000000000003,4.005754866772676,0.0021822348780466,19.627297937887004
2856.2000000000003,4.005709717151727,0.0021822348780466,19.62729311558016
2858.2000000000003,4.005709715187821,0.0021822348780466,19.627288259211273
2860.2000000000003,4.00582686061305,0.0021822348780466,19.62728340280369
2862.2000000000003,4.00601600206735,0.0021822348780466,19.627278546203613
2864.2000000000003,4.00601600206735,0.0021822348780466,19.627273706649575
2866.2000000000003,4.00589870851341,0.0021822348780466,19.627268849968335
2868.2000000000003,4.006133146355561,0.0021822348780466,19.627263993200177
2870.2000000000003,4.0060879984730065,0.0021822348780466,19.62725913639232
2872.2000000000003,4.006159992158548,0.0021822348780466,19.62725427954454
2874.2000000000003,4.006322287361557,0.0021822348780466,19.6272494226558
2876.2000000000003,4.00620514352165,0.0021822348780466,19.627244565716246
2878.2000000000003,4.00620514352165,0.0021822348780466,19.627239708765902
2880.2000000000003,4.006322283210889,0.0021822348780466,19.62723485172765
2882.2000000000003,4.00639428497595,0.0021822348780466,19.627229994641546
2884.2000000000003,4.006322289397392,0.0021822348780466,19.627225137503448
2886.2000000000003,4.00639428497595,0.0021822348780466,19.627220280369368
2888.2000000000003,4.006439431957161,0.0021822348780466,19.627215423087414
2890.2000000000003,4.00658342643025,0.0021822348780466,19.627210565773527
2892.2000000000003,4.00670057404281,0.0021822348780466,19.627205708395476
2894.2000000000003,4.00658342643025,0.0021822348780466,19.627200850969977
2896.2000000000003,4.006511426248644,0.0021822348780466,19.627195993501786
2898.2000000000003,4.00665542502492,0.0021822348780466,19.62719113605595
2900.2000000000003,4.0067005702713505,0.0021822348780466,19.627186278411084
2902.2000000000003,4.00677256788455,0.0021822348780466,19.627181471780993
2904.2000000000003,4.006655422235118,0.0021822348780466,19.627176614173454
2906.2000000000003,4.03368355007919,-0.750688798048058,19.628733842062413
2908.2000000000003,4.0351437860295,-0.750688798048058,19.630416434883127
2910.2000000000003,3.9217445510273916,2.5008411702415,19.62741755438116
2912.2000000000003,3.9150389625492,2.5008411702415,19.621973275022892
2914.2000000000003,3.9100867864691367,2.5008411702415,19.61653652098324
2916.2000000000003,3.906114813914993,2.50302340511954,19.611106637540825
2918.2000000000003,3.9026757622733443,2.5008411702415,19.605681088545452
2920.2000000000003,3.899804141887811,2.5026253419656648,19.600259877884685
2922.2000000000003,3.896572107793657,2.5008411702415,19.59484348993978
2924.2000000000003,3.8943190366873335,2.5008411702415,19.589431392208
2926.2000000000003,3.8916199196184147,2.5008411702415,19.58402267968548
2928.2000000000003,3.88969400767304,2.5008411702415,19.578616829975598
2930.2000000000003,3.945891315489465,0.7253980112222466,19.573776305707803
2932.2000000000003,3.94908442432314,0.752871032926105,19.572128683836493
2934.2000000000003,3.9504307729240624,0.752871032926105,19.570476578735537
2936.2000000000003,3.9515209705035566,0.752871032926105,19.568823968886907
2938.2000000000003,3.9522775335255615,0.752871032926105,19.56717107488853
2940.2000000000003,3.9521329864688166,0.752871032926105,19.565518002484342
2942.2000000000003,3.952844957236979,0.752871032926105,19.56386477530167
2944.2000000000003,3.95286725340914,0.752871032926105,19.56221147725206
2946.2000000000003,3.95286725340914,0.752871032926105,19.560558126670806
2948.2000000000003,3.953389427656284,0.752871032926105,19.55890471175716
2950.2000000000003,3.953223241637716,0.752871032926105,19.557251258284637
2952.2000000000003,4.00809655806464,-0.750688798048058,19.55890517260329
2954.2000000000003,4.01131196278774,-0.750688798048058,19.560577402624062
2956.2000000000003,4.014066447584007,-0.750688798048058,19.56225084994643
2958.2000000000003,4.016188323729145,-0.750688798048058,19.563925333889458
2960.2000000000003,3.9919285026615774,0.0021822348780466,19.564829338862175
2962.2000000000003,3.991634172015799,0.0021822348780466,19.564824499630237
2964.2000000000003,3.99183039299487,0.0021822348780466,19.564819660295207
2966.2000000000003,3.903731697448836,2.5008411702415,19.561373841592143
2968.2000000000003,3.897194186535485,2.5008411702415,19.55595475909193
2970.2000000000003,3.8931809939034383,2.5008411702415,19.55054256271122
2972.2000000000003,3.88969400767304,2.5008411702415,19.545135479901422
2974.2000000000003,3.88723516876715,2.5008411702415,19.539731279046173
2976.2000000000003,3.884439270147656,2.5008411702415,19.53433180590729
2978.2000000000003,3.88250663240965,2.5008411702415,19.52893626514232
2980.2000000000003,3.880130240993633,2.501316792544061,19.523543674571453
2982.2000000000003,3.8780084575307097,2.5008411702415,19.518153354458693
2984.2000000000003,3.8765777754524557,2.5008411702415,19.512765805272846
2986.2000000000003,3.8747930568748394,2.5008411702415,19.507380622393836
2988.2000000000003,3.8731320018193123,2.5008411702415,19.50199782839973
2990.2000000000003,3.87153642806027,2.5008411702415,19.49661778501994
2992.2000000000003,3.8703191293676773,2.5008411702415,19.491238694140474
2994.2000000000003,3.86851016479148,2.501316775871641,19.485861595823266
2996.2000000000003,3.8674820170598556,2.5008411702415,19.480486592375314
2998.2000000000003,3.8662816919797063,2.5008411702415,19.47511407140011
3000.2000000000003,3.9153830165328096,0.9883447598760853,19.470436661308756
3002.2000000000003,3.9180994612322686,1.0012508151529422,19.468258461662803
3004.2000000000003,3.9198017309998634,1.00164580902343,19.466077883802626
3006.2000000000003,3.92052406472389,1.00164580902343,19.463896669231733
3008.2000000000003,3.92109148908679,1.00164580902343,19.461715139828247
3010.2000000000003,3.9215040001937025,1.00164580902343,19.45953307386989
3012.2000000000003,3.922105655077575,1.00164580902343,19.457350671148085
3014.2000000000003,3.92241547926689,1.00164580902343,19.4551680530414
3016.2000000000003,3.92279376217549,1.00164580902343,19.452985360172228
3018.2000000000003,3.9230512057762503,1.00164580902343,19.4508026953247
3020.2000000000003,3.9230513646465384,0.9998585114135948,19.448620572538236
3022.2000000000003,3.9233954150247756,1.00164580902343,19.446437509966344
3024.2000000000003,3.923705239510754,1.00164580902343,19.444254885281882
3026.2000000000003,3.92392861090128,0.9998585164573796,19.44207185976827
3028.2000000000003,3.9237736183654834,1.00164580902343,19.43988921622528
3030.2000000000003,3.92392861090128,1.00164580902343,19.43770644820695
3032.2000000000003,3.92392861090128,1.00164580902343,19.43552300392158
3034.2000000000003,3.92411775235558,0.9998584847976324,19.43334035193652
3036.2000000000003,3.92411775235558,1.00164580902343,19.431156744134
3038.2000000000003,3.9241519085912295,1.00164580902343,19.42897315212342
3040.2000000000003,3.9241404096776353,1.00164580902343,19.426789535403216
3042.2000000000003,3.92411775235558,1.00164580902343,19.424605860466432
3044.2000000000003,3.924140412843108,0.9997250213591622,19.42242276973645
3046.2000000000003,3.92430689380988,1.00164580902343,19.420239412602687
3048.2000000000003,3.924260990617907,1.00164580902343,19.418057024276305
3050.2000000000003,3.9241630733354804,0.9997250213871074,19.415874572510408
3052.2000000000003,3.923951270444566,1.00164580902343,19.413691329657873
3054.2000000000003,3.92392861090128,1.00164580902343,19.411508847494687
3056.2000000000003,3.92411775235558,0.999725053564997,19.409326461938885
3058.2000000000003,3.9240948701205443,1.00164580902343,19.407143943721927
3060.2000000000003,3.92373946944698,1.00164580902343,19.404960805872417
3062.2000000000003,3.9237621337444413,1.00164580902343,19.402777497144275
3064.2000000000003,3.92373946944698,1.00164580902343,19.400594885253607
3066.2000000000003,3.92355032799269,0.99946357414538,19.39841255989688
3068.2000000000003,3.9235732068688245,1.00164580902343,19.396230595890525
3070.2000000000003,3.92336118653839,1.00164580902343,19.39404923905893
3072.2000000000003,3.92336118653839,1.0013843727471023,19.39186649355679
3074.2000000000003,3.92317204508409,1.00164580902343,19.389684397380922
3076.2000000000003,3.923338521670565,1.00164580902343,19.387501442967423
3078.2000000000003,3.982665040550332,-0.748506563170012,19.38691070939243
3080.2000000000003,3.98729099809168,-0.750688798048058,19.38857250929167
3082.2000000000003,3.9901623979708805,-0.750688798048058,19.390235548523066
3084.2000000000003,3.9929309623588645,-0.750688798048058,19.391900257451343
3086.2000000000003,3.99504579771797,-0.750688798048058,19.3935659840988
3088.2000000000003,3.99712635371526,-0.750688798048058,19.395232582528784
3090.2000000000003,3.99901776825826,-0.750688798048058,19.396899995978433
3092.2000000000003,4.001064047203845,-0.750688798048058,19.39856817391504
3094.2000000000003,4.00245659408344,-0.750688798048058,19.400237060641523
3096.2000000000003,4.00412458752435,-0.750688798048058,19.401906628369478
3098.2000000000003,4.00563771915875,-0.750688798048058,19.403576841018413
3100.2000000000003,3.9552354719157523,0.752871032926105,19.403866178194125
3102.2000000000003,3.95248897050054,0.752871032926105,19.402212562127424
3104.2000000000003,3.9507787981385714,0.752871032926105,19.400559815227844
3106.2000000000003,3.94956122435917,0.752871032926105,19.39890759959375
3108.2000000000003,3.9488047970926465,0.752871032926105,19.397255741542136
3110.2000000000003,3.948048358509135,0.752871032926105,19.395604261841378
3112.2000000000003,3.94757129268875,0.752871032926105,19.39395307919035
3114.2000000000003,3.996717203908617,-0.7532271622671592,19.392867031234
3116.2000000000003,4.00166574861846,-0.750688798048058,19.394534466305192
3118.2000000000003,3.924632519695228,1.50137759609612,19.392949245398963
3120.2000000000003,3.9206605271208597,1.50137759609612,19.38967910722768
3122.2000000000003,3.91863265018089,1.49919536121807,19.386411994645513
3124.2000000000003,3.9167412356379,1.50137759609612,19.383147085989016
3126.2000000000003,3.915175340802246,1.49919536121807,19.379884646334332
3128.2000000000003,3.9133366894605,1.49919536121807,19.37662337079354
3130.2000000000003,3.911959938368177,1.5007688627897304,19.373362618728486
3132.2000000000003,3.9105523298878495,1.4998041098650137,19.370103296248686
3134.2000000000003,3.90955386037451,1.5007688840720639,19.366845133689804
3136.2000000000003,3.908502624415855,1.49919536121807,19.36358708223996
3138.2000000000003,3.907336921289813,1.49919536121807,19.360330376762374
3140.2000000000003,3.906391216563996,1.49919536121807,19.35707384291617
3142.2000000000003,3.9846958893498723,-0.750688798048058,19.356857039139246
3144.2000000000003,3.9896135639923678,-0.750688798048058,19.35851901169225
3146.2000000000003,3.8846868384016924,2.490790424998748,19.35876682842131
3148.2000000000003,3.87550839860056,2.5008411702415,19.35337643597596
3150.2000000000003,3.87134728660597,2.5008411702415,19.34799512863337
3152.2000000000003,3.868146800171791,2.5008411702415,19.34261777863377
3154.2000000000003,3.865658121893119,2.5008411702415,19.337244336628768
3156.2000000000003,3.863199287368201,2.50101327291159,19.33187440196234
3158.2000000000003,3.86132278952809,2.5010132868574755,19.326506839839325
3160.2000000000003,3.85941645853157,2.5008411702415,19.32114172846278
3162.2000000000003,3.85753996044209,2.501013257541458,19.31577996870598
3164.2000000000003,3.942952432940584,0.0021822348780466,19.31381492225472
3166.2000000000003,3.9473026691816613,0.0021822348780466,19.313810139097892
3168.2000000000003,3.94984099014034,0.0021822348780466,19.31380535198828
3170.2000000000003,3.9517626159364307,0.0021822348780466,19.31380056205269
3172.2000000000003,3.95362381922634,0.0021822348780466,19.313795769923757
3174.2000000000003,3.9554357698427247,0.0021822348780466,19.313790975853834
3176.2000000000003,3.956491158321841,0.0021822348780466,19.31378618004941
3178.2000000000003,3.957626004195656,0.0021822348780466,19.313781382708196
3180.2000000000003,3.95873063849243,0.0021822348780466,19.31377658386312
3182.2000000000003,3.959755811528721,0.0021822348780466,19.31377178378507
3184.2000000000003,3.96100033594402,0.0021822348780466,19.313767037691928
3186.2000000000003,3.961647219222028,0.0021822348780466,19.3137622352733
3188.2000000000003,3.96232432612412,0.0021822348780466,19.31375743181506
3190.2000000000003,3.9633002501681465,0.0021822348780466,19.31375262736151
3192.2000000000003,3.9639169230152875,0.0021822348780466,19.313747822039975
3194.2000000000003,3.96478316503002,0.0021822348780466,19.313743239174126
3196.2000000000003,3.965430052146302,0.0021822348780466,19.313738431882346
3198.2000000000003,3.9664059741928055,0.0021822348780466,19.313733623886137
3200.2000000000003,3.9667842570984155,0.0021822348780466,19.313728954594467
3202.2000000000003,3.967510697239191,0.0021822348780466,19.313724145063617
3204.2000000000003,3.96780942829881,0.0009168138295450651,19.313719508670268
3206.2000000000003,3.96837685266171,0.0021822348780466,19.313714781330916
3208.2000000000003,3.96894427702461,0.0021822348780466,19.31370996988935
3210.2000000000003,3.969591161891405,0.0021822348780466,19.313705208264434
3212.2000000000003,3.97007912575041,0.000916853299631304,19.31370047125849
3214.2000000000003,3.97026826720471,0.0021822348780466,19.31369568837354
3216.2000000000003,3.9707260136290294,0.0021822348780466,19.313690874660274
3218.2000000000003,3.97102483302191,0.0021822348780466,19.313686060401853
3220.2000000000003,3.971482579445349,0.0021822348780466,19.313681245711027
3222.2000000000003,3.9718910766187214,0.0021822348780466,19.313676430630363
3224.2000000000003,3.972348823202,0.0021822348780466,19.313671615077283
3226.2000000000003,3.9725379646563,0.0021822348780466,19.313667039987976
3228.2000000000003,3.9726476415204632,0.0021822348780466,19.31366230794247
3230.2000000000003,3.9731053890192,0.0021822348780466,19.31365769817067
3232.2000000000003,3.973215067463677,0.0021822348780466,19.313652881108425
3234.2000000000003,3.9736728133821,0.0021822348780466,19.313648131184866
3236.2000000000003,3.9739713830162025,0.0021822348780466,19.31364338090496
3238.2000000000003,3.974270289686897,0.0021822348780466,19.313638651656483
3240.2000000000003,3.9744293791993,0.0021822348780466,19.313633867025626
3242.2000000000003,3.9746185206536,0.0021822348780466,19.313629097327713
3244.2000000000003,3.9748871244487867,0.0021822348780466,19.313624313893673
3246.2000000000003,3.9749968035622,0.0021822348780466,19.313619562292086
3248.2000000000003,3.9751859450165,0.0009167955410177206,19.313614867008614
3250.2000000000003,3.9754545485605273,0.0021822348780466,19.313610427060677
3252.2000000000003,3.9757533693794,0.0021822348780466,19.313605607330015
3254.2000000000003,3.975832831055233,0.0021822348780466,19.31360097729999
3256.2000000000003,3.97605218218062,0.0021822348780466,19.313596157066325
3258.2000000000003,3.976131652288,0.0021822348780466,19.31359133654853
3260.2000000000003,3.9764002567534438,0.0021822348780466,19.313586515836246
3262.2000000000003,3.97658940004389,0.0021822348780466,19.313581694976545
3264.2000000000003,3.9767785380749037,0.0021822348780466,19.31357687391971
3266.2000000000003,3.976918436206502,0.0021822348780466,19.313572052665936
3268.2000000000003,3.9769183931073635,0.0021822348780466,19.313567231364573
3270.2000000000003,3.9768580076758964,0.0021822348780466,19.313562409937347
3272.2000000000003,3.9773459674452543,0.0021822348780466,19.313557588188768
3274.2000000000003,3.9771568259911336,0.0021822348780466,19.31355276633714
3276.2000000000003,3.9773459624353817,0.0021822348780466,19.31354794431491
3278.2000000000003,3.977565321007875,0.0021822348780466,19.313543122224203
3280.2000000000003,3.9775653231652397,0.0021822348780466,19.31353829998639
3282.2000000000003,3.977724246169523,0.0021822348780466,19.31353347759765
3284.2000000000003,3.9777242508583894,0.0021822348780466,19.31352865509737
3286.2000000000003,3.9781025282541127,0.0021822348780466,19.31352383251437
3288.2000000000003,3.9781025320899595,0.0021822348780466,19.31351900979309
3290.2000000000003,3.97802306683099,0.0021822348780466,19.31351418703804
3292.2000000000003,3.97840134973959,0.0021822348780466,19.31350936409955
3294.2000000000003,3.97840134973959,0.0021822348780466,19.31350454102668
3296.2000000000003,3.97821220828529,0.0021822348780466,19.31349971785059
3298.2000000000003,3.978480816173426,0.0021822348780466,19.313494894534987
3300.2000000000003,3.978669955790853,0.0021822348780466,19.313490071177682
3302.2000000000003,3.9785110288536636,0.0021822348780466,19.31348524778107
3304.2000000000003,3.9784808155051734,0.0021822348780466,19.313480424308118
3306.2000000000003,3.97877963264819,0.0021822348780466,19.313475600730083
3308.2000000000003,3.978669951539619,0.0021822348780466,19.313470777078145
3310.2000000000003,3.97896877410249,0.0021822348780466,19.313465953298582
3312.2000000000003,3.9789385798436516,0.0021822348780466,19.31346112944731
3314.2000000000003,3.97896877410249,0.0021822348780466,19.313456305467234
3316.2000000000003,4.004608913797209,-0.7675409033995023,19.31367930157256
3318.2000000000003,4.00639428497595,-0.750688798048058,19.31535028281053
3320.2000000000003,4.007809023193892,-0.750688798048058,19.317021488963732
3322.2000000000003,3.8995595821178197,2.5008411702415,19.316845205460396
3324.2000000000003,3.8900193188419743,2.5008411702415,19.311434018642355
3326.2000000000003,3.884942924961226,2.5008411702415,19.306032567733357
3328.2000000000003,3.88042607641236,2.5008411702415,19.300636644914267
3330.2000000000003,3.8771577755026403,2.50302340511954,19.295246304207353
3332.2000000000003,3.873722928428609,2.5014523411306877,19.289859981854264
3334.2000000000003,3.8705377474641924,2.5008411702415,19.284477700971912
3336.2000000000003,3.8682151497397705,2.5008411702415,19.279099760880552
3338.2000000000003,3.8658092083820157,2.5008411702415,19.27372635192557
3340.2000000000003,3.86321420407109,2.50302340511954,19.268355770494676
3342.2000000000003,3.86075536516519,2.502412184517801,19.26298801561457
3344.2000000000003,3.859000118118209,2.50302340511954,19.257623754180493
3346.2000000000003,3.857025441594638,2.5008411702415,19.2522617215406
3348.2000000000003,3.8552172887779244,2.5024122108430276,19.246903542400343
3350.2000000000003,3.8534622065119146,2.5008411702415,19.241546244259812
3352.2000000000003,3.93905992724526,0.0021822348780466,19.23958455153999
3354.2000000000003,3.9693232701447143,-0.803271076784978,19.23967507057307
3356.2000000000003,3.9729162475649,-0.750688798048058,19.241337602207672
3358.2000000000003,3.976505558860091,-0.750688798048058,19.242994992108017
3360.2000000000003,3.9797211368725884,-0.750688798048058,19.244653896002106
3362.2000000000003,3.98218417882559,-0.750688798048058,19.246313966238112
3364.2000000000003,3.9602183936827404,-0.019054548336629937,19.247718539276857
3366.2000000000003,3.959180462263276,0.0021822348780466,19.247715867176417
3368.2000000000003,3.95948720430963,0.0021822348780466,19.247711067192093
3370.2000000000003,3.95986548721822,0.0021822348780466,19.247706266582277
3372.2000000000003,3.9605505157305076,0.0021822348780466,19.24770149881808
3374.2000000000003,3.90974300182881,1.49919536121807,19.246310820662334
3376.2000000000003,3.90596017274281,1.5006760270775565,19.243055007315952
3378.2000000000003,3.9034338029876228,1.50137759609612,19.239801481901996
3380.2000000000003,3.9012924389716,1.49919536121807,19.236549821807383
3382.2000000000003,3.8999684492457654,1.50137759609612,19.233299736557957
3384.2000000000003,3.8987052685575376,1.499896918448899,19.23004973714809
3386.2000000000003,3.897192130470201,1.5006760760909308,19.226802586872694
3388.2000000000003,3.89612481711923,1.49919536121807,19.22355595069115
3390.2000000000003,3.8948617772048384,1.49919536121807,19.22031057403026
3392.2000000000003,3.893915946368402,1.4998971542143913,19.21706586541928
3394.2000000000003,3.89309855385044,1.49919536121807,19.21382245187506
3396.2000000000003,3.89196370512464,1.4998969674505658,19.210579751540553
3398.2000000000003,3.8913354765890067,1.50137759609612,19.20733775870599
3400.2000000000003,3.89051795385783,1.49919536121807,19.204096055230238
3402.2000000000003,3.8896330595340123,1.4998985553181179,19.20085498275746
3404.2000000000003,3.8886807640069945,1.49919536121807,19.19761481460731
3406.2000000000003,3.9415605478761235,0.0021822348780466,19.197115953914707
3408.2000000000003,3.94435588796565,0.0021822348780466,19.197111173467718
3410.2000000000003,3.9460999394259404,0.0021822348780466,19.19710639032349
3412.2000000000003,3.94757129268875,0.0021822348780466,19.197101605039133
3414.2000000000003,3.9489789363636327,0.0021822348780466,19.197096818079245
3416.2000000000003,3.950366636830299,0.0021822348780466,19.197092029661658
3418.2000000000003,3.95135412177474,0.0021822348780466,19.19708723984325
3420.2000000000003,3.95248897050054,0.0021822348780466,19.19708244872307
3422.2000000000003,3.9532037025516433,0.0021822348780466,19.197077690033947
3424.2000000000003,3.9540441130057227,0.0021822348780466,19.19707289679476
3426.2000000000003,3.95513695086073,0.0021822348780466,19.197068102553793
3428.2000000000003,3.95570437522363,0.0021822348780466,19.197063357688133
3430.2000000000003,3.9565027202958003,0.0021822348780466,19.19705894054448
3432.2000000000003,3.9568810053275074,0.0021822348780466,19.19705414365976
3434.2000000000003,3.95759578976663,0.0021822348780466,19.19704934599239
3436.2000000000003,3.9579322969413937,0.0021822348780466,19.197044547653682
3438.2000000000003,3.95873063849243,0.0021822348780466,19.197039798959388
3440.2000000000003,3.9590671437310334,0.0021822348780466,19.197034999341323
3442.2000000000003,3.959718327290285,0.0021822348780466,19.197030199092577
3444.2000000000003,3.960096407227297,0.0021822348780466,19.19702539816582
3446.2000000000003,3.9607694171693972,0.0021822348780466,19.197020634982856
3448.2000000000003,3.9611476993740755,0.0021822348780466,19.197015833052877
3450.2000000000003,3.9613368399465534,0.0021822348780466,19.197011030552883
3452.2000000000003,3.962093377398436,0.0016998800917449428,19.19700652550401
3454.2000000000003,3.96217739629655,0.0021822348780466,19.19700175381765
3456.2000000000003,3.96251346757842,0.0021822348780466,19.196996950043474
3458.2000000000003,3.96293352673981,0.0021822348780466,19.196992145818705
3460.2000000000003,3.96327003339562,0.0021822348780466,19.196987341126636
3462.2000000000003,3.9636065398657947,0.0021822348780466,19.196982536133074
3464.2000000000003,3.963731870947784,0.0021822348780466,19.196977730780407
3466.2000000000003,3.96402659921282,0.0021822348780466,19.196972925103832
3468.2000000000003,3.96425780413976,0.0021822348780466,19.196968119000573
3470.2000000000003,3.9644469378618457,0.0021822348780466,19.196963312628828
3472.2000000000003,3.965119670618331,0.0021822348780466,19.196958505909695
3474.2000000000003,3.96497230648432,0.0021822348780466,19.19695369893782
3476.2000000000003,3.9656453155630786,0.0021822348780466,19.196948891698916
3478.2000000000003,3.965581509219689,0.0021822348780466,19.19694408414666
3480.2000000000003,3.9658344552442073,0.0021822348780466,19.19693927637055
3482.2000000000003,3.965959807023452,0.0021822348780466,19.19693446830247
3484.2000000000003,3.96610715521011,0.0021822348780466,19.196929659955963
3486.2000000000003,3.9663380771569785,0.0021822348780466,19.196924851454767
3488.2000000000003,3.966591024227127,0.0021822348780466,19.196920042734384
3490.2000000000003,3.9663798477696455,0.0021822348780466,19.196915233767964
3492.2000000000003,3.966821858434992,0.0021822348780466,19.19691042462534
3494.2000000000003,3.9670108123690913,0.0021822348780466,19.19690561531867
3496.2000000000003,3.967094642625282,0.0021822348780466,19.19690080580811
3498.2000000000003,3.9670946396194124,0.0021822348780466,19.19689599617477
3500.2000000000003,3.9672837816066493,0.0021822348780466,19.196891186405555
3502.2000000000003,3.967472937959611,0.0021822348780466,19.19688637641512
3504.2000000000003,3.9674729731462173,0.0021822348780466,19.19688156629175
3506.2000000000003,3.96780942829881,0.0021822348780466,19.19687675589833
3508.2000000000003,3.967851205437934,0.0021822348780466,19.196871945409015
3510.2000000000003,3.968040348661427,0.0021822348780466,19.19686713490031
3512.2000000000003,3.968229556383999,0.0021822348780466,19.19686232411914
3514.2000000000003,3.9680405966546375,0.0021822348780466,19.196857513206865
3516.2000000000003,3.96856599411601,0.0021822348780466,19.196852702144785
3518.2000000000003,3.96837685266171,0.0021822348780466,19.196847891010876
3520.2000000000003,3.96856599411601,0.0021822348780466,19.196843079753727
3522.2000000000003,3.96875513557031,0.0021822348780466,19.19683826835519
3524.2000000000003,3.96856599411601,0.0021822348780466,19.196833456875513
3526.2000000000003,3.9686498825482963,0.0021822348780466,19.196828645249873
3528.2000000000003,3.96894427702461,0.0021822348780466,19.19682383356721
3530.2000000000003,3.96894427702461,0.0021822348780466,19.196819021864798
3532.2000000000003,3.96913341847891,0.0021822348780466,19.19681420999276
3534.2000000000003,3.96913341847891,0.0021822348780466,19.196809398013055
3536.2000000000003,3.969280782797643,0.0021822348780466,19.196804585891634
3538.2000000000003,3.96932255993321,0.0021822348780466,19.19679977375093
3540.2000000000003,3.96932255993321,0.0021822348780466,19.196794961549333
3542.2000000000003,3.9693643972147465,0.0021822348780466,19.196790149322176
3544.2000000000003,3.9694697008959423,0.0021822348780466,19.19678533685241
3546.2000000000003,3.96970084284181,0.0021822348780466,19.196780524336983
3548.2000000000003,3.96970084284181,0.0021822348780466,19.196775711705268
3550.2000000000003,3.96988998429611,0.0021822348780466,19.19677089900725
3552.2000000000003,3.96988998429611,0.0021822348780466,19.196766086222276
3554.2000000000003,3.970037319181665,0.0021822348780466,19.19676127344338
3556.2000000000003,3.969742753429736,0.0021822348780466,19.19675646056401
3558.2000000000003,3.9698679584721073,0.0021822348780466,19.19675164759469
3560.2000000000003,3.96988998429611,0.0021822348780466,19.196746834599658
3562.2000000000003,3.969931764789477,0.0021822348780466,19.196742021550335
3564.2000000000003,3.9700373436743335,0.0021822348780466,19.19673720841716
3566.2000000000003,3.9705629793531974,0.0021822348780466,19.196732395129704
3568.2000000000003,3.97026826720471,0.0021822348780466,19.19672758188181
3570.2000000000003,3.9699735452795153,0.0021822348780466,19.19672276854175
3572.2000000000003,3.97026826720471,0.0021822348780466,19.196717955213426
3574.2000000000003,3.97045740865901,0.0021822348780466,19.196713141757673
3576.2000000000003,3.970688328133591,0.0021822348780466,19.196708328265863
3578.2000000000003,3.970604772975541,0.0021822348780466,19.19670351475462
3580.2000000000003,3.97045740865901,0.0021822348780466,19.19669870111403
3582.2000000000003,3.9705629894930685,0.0021822348780466,19.196693887489083
3584.2000000000003,3.97064655011331,0.0021822348780466,19.196689073816923
3586.2000000000003,3.970562582832984,0.0021822348780466,19.19668426023083
3588.2000000000003,3.97045740865901,0.0021822348780466,19.196679446533413
3590.2000000000003,3.97064655011331,0.0021822348780466,19.196674632790035
3592.2000000000003,3.970793915130065,0.0021822348780466,19.196669818943803
3594.2000000000003,3.97064655011331,0.0021822348780466,19.196665004987754
3596.2000000000003,3.9706883870612297,0.0021822348780466,19.19666019107226
3598.2000000000003,3.9706884982004103,0.0021822348780466,19.196655517221185
3600.2000000000003,3.9706883277855907,0.0021822348780466,19.196650809217278
3602.2000000000003,3.970877513757507,0.0021822348780466,19.196645995173338
3604.2000000000003,3.970982958727094,0.0021822348780466,19.196641181101132
3606.2000000000003,3.97083569156761,0.0021822348780466,19.19663636704257
3608.2000000000003,3.970730105827368,0.0021822348780466,19.196631552963737
3610.2000000000003,3.970877468005375,0.0021822348780466,19.196626738824843
3612.2000000000003,3.99599150498946,-0.7545379518889377,19.196900347272493
3614.2000000000003,3.9982460438550973,-0.750688798048058,19.198566561748116
3616.2000000000003,3.99977433407546,-0.750688798048058,19.20023400087151
3618.2000000000003,3.9843716027750715,-0.1340255272844335,19.201856234617097
3620.2000000000003,3.9746795591145228,0.0021822348780466,19.201868828027877
3622.2000000000003,3.9741792808828116,0.0021822348780466,19.201864009733242
3624.2000000000003,3.9738009949052966,0.0021822348780466,19.201859191959475
3626.2000000000003,3.9737338053264017,0.0021822348780466,19.201854374322945
3628.2000000000003,3.973550826041991,0.0021822348780466,19.201849556930153
3630.2000000000003,3.973422630142318,0.0021822348780466,19.201844739731694
3632.2000000000003,3.9731663679286044,0.0021822348780466,19.201839922726748
3634.2000000000003,3.9732945304735,0.0021822348780466,19.201835105664788
3636.2000000000003,3.973361751864906,0.0021822348780466,19.201830288790244
3638.2000000000003,3.9731053890192,0.0021822348780466,19.20182547200038
3640.2000000000003,3.97316634163992,0.0021822348780466,19.20182065523936
3642.2000000000003,3.973233576833919,0.0021822348780466,19.20181587226794
3644.2000000000003,3.9729162475649,0.0021822348780466,19.201811055569035
3646.2000000000003,3.9727883603830576,0.0021822348780466,19.20180623898017
3648.2000000000003,3.9726661460769495,0.0021822348780466,19.201801460426207
3650.2000000000003,3.972977201766886,0.0021822348780466,19.20179664385162
3652.2000000000003,3.9729162475649,0.0021822348780466,19.201791827411665
3654.2000000000003,3.9724710234944633,0.0021822348780466,19.2017870110392
3656.2000000000003,3.9729162475649,0.0021822348780466,19.201782194671676
3658.2000000000003,3.9727881156924205,0.0021822348780466,19.201777378289478
3660.2000000000003,3.9729162475649,0.0021822348780466,19.201772769651537
3662.2000000000003,3.9727271061106,0.0021822348780466,19.20176795328299
3664.2000000000003,3.9727271061106,0.0021822348780466,19.20176313687556
3666.2000000000003,3.9725379646563,0.0021822348780466,19.201758320581032
3668.2000000000003,3.9727271061106,0.0021822348780466,19.201753504320465
3670.2000000000003,3.972666149248563,0.0021822348780466,19.201748704896147
3672.2000000000003,3.972598921574017,0.0021822348780466,19.201743888567076
3674.2000000000003,3.972666140036575,0.0021822348780466,19.201739240830744
3676.2000000000003,3.9724097789890735,0.0021822348780466,19.20173442453639
3678.2000000000003,3.972477008866364,0.0021822348780466,19.201729608348888
3680.2000000000003,3.9726661486831434,0.0021822348780466,19.201724792121112
3682.2000000000003,3.972983474267548,0.0021822348780466,19.201719975931603
3684.2000000000003,3.9727271061106,0.0021822348780466,19.201715159721925
3686.2000000000003,3.972666149194273,0.0021822348780466,19.201710343490742
3688.2000000000003,3.9725989219795412,0.0021822348780466,19.201705527357685
3690.2000000000003,3.9725379646563,0.0021822348780466,19.201700711223125
3692.2000000000003,3.9725989210590797,0.0021822348780466,19.201695895040118
3694.2000000000003,3.972348823202,0.0021822348780466,19.20169107882498
3696.2000000000003,3.9727271061106,0.0021822348780466,19.201686262607478
3698.2000000000003,3.9726661470987543,0.0021822348780466,19.201681446423635
3700.2000000000003,3.9725379646563,0.0021822348780466,19.201676630228114
3702.2000000000003,3.972598919985318,0.0021822348780466,19.201671814033944
3704.2000000000003,3.9725379646563,0.0021822348780466,19.201666997869165
3706.2000000000003,3.9724097795027156,0.0021822348780466,19.201662181737923
3708.2000000000003,3.972666121267167,0.0021822348780466,19.201657365473697
3710.2000000000003,3.88288491531825,2.5008411702415,19.196909539291934
3712.2000000000003,3.877460851414858,2.501545404249926,19.191518309432155
3714.2000000000003,3.8729214591688894,2.502319140453205,19.186133425455758
3716.2000000000003,3.8693277698505977,2.50302340511954,19.180752613991146
3718.2000000000003,3.866179425388112,2.5008411702415,19.175376428507597
3720.2000000000003,3.863275244949125,2.5008411702415,19.170005944506464
3722.2000000000003,3.860505181247929,2.502319122749455,19.164639489617844
3724.2000000000003,3.857662049461704,2.5015454762272333,19.15927594265565
3726.2000000000003,3.8556485458991,2.502319153406358,19.153915446154443
3728.2000000000003,3.852933510135703,2.5015454591025157,19.14855836892137
3730.2000000000003,3.850981051955076,2.5023191233205173,19.143205912041857
3732.2000000000003,3.8491506725670432,2.5023191651932715,19.13785638650336
3734.2000000000003,3.84732632190991,2.5008411702415,19.132508514912555
3736.2000000000003,3.84524576591261,2.5023191533893945,19.12716242305784
3738.2000000000003,3.8436045342139535,2.5008411702415,19.121819264962603
3740.2000000000003,3.842152446115585,2.502319122748635,19.116478516009902
3742.2000000000003,3.84032808810082,2.5008411702415,19.111140199434143
3744.2000000000003,3.8392542781568144,2.5008411702415,19.105803271067426
3746.2000000000003,3.83749096628633,2.5008411702415,19.10047020977114
3748.2000000000003,3.8364407073287015,2.5024202683379393,19.09513812298976
3750.2000000000003,3.834979854270065,2.5008411702415,19.089806132312702
3752.2000000000003,3.83389727865463,2.5024202916928555,19.08447673389184
3754.2000000000003,3.83295157138314,2.501444290659182,19.079148453315415
3756.2000000000003,3.831490714881839,2.501444298831818,19.07382130538376
3758.2000000000003,3.83068187393154,2.5008411702415,19.068496878237738
3760.2000000000003,3.82935788375144,2.5014442805346,19.06317366058749
3762.2000000000003,3.82822303502564,2.50302340511954,19.05785046369561
3764.2000000000003,3.8273296053503607,2.5008411702415,19.05252964173531
3766.2000000000003,3.8269836337408627,2.50144431205844,19.047210530536653
3768.2000000000003,3.825627327066181,2.5008411702415,19.041893745063636
3770.2000000000003,3.8246816216512216,2.5008411702415,19.036577550375256
3772.2000000000003,3.824114199310388,2.50302340511954,19.03126262497239
3774.2000000000003,3.8234422222214857,2.5008411702415,19.025949512722338
3776.2000000000003,3.8224119262221885,2.5008411702415,19.02063592505595
3778.2000000000003,3.821550811016387,2.5008411702415,19.015325272141943
3780.2000000000003,3.8208987914206256,2.5008411702415,19.010015814416306
3782.2000000000003,3.820142228063877,2.5008411702415,19.004707052681756
3784.2000000000003,3.81971166958216,2.502420261369868,18.99939770758788
3786.2000000000003,3.81895510376496,2.5024203029954,18.99408906449194
3788.2000000000003,3.904470312104447,0.0021822348780466,18.9927541369782
3790.2000000000003,3.9085616051629084,0.0021822348780466,18.992749400631535
3792.2000000000003,3.91087785055461,0.0021822348780466,18.992744660592834
3794.2000000000003,3.9395471800118127,-0.750688798048058,18.99412205098661
3796.2000000000003,3.9425734480304797,-0.750688798048058,18.99576564938259
3798.2000000000003,3.9453303971432465,-0.750688798048058,18.997410205090812
3800.2000000000003,3.94776043414304,-0.750688798048058,18.999056073856494
3802.2000000000003,3.94965184868604,-0.750688798048058,19.000702911733313
3804.2000000000003,3.952030515080042,-0.750688798048058,19.00235063116949
3806.2000000000003,3.9539219325516095,-0.750688798048058,19.003999175409493
3808.2000000000003,3.9558133457504856,-0.750688798048058,19.005648406458725
3810.2000000000003,3.95740664831233,-0.750688798048058,19.007298154625616
3812.2000000000003,3.95910892140103,-0.750688798048058,19.008948984400703
3814.2000000000003,3.9608913672445984,-0.750688798048058,19.01060050623825
3816.2000000000003,3.96251346757842,-0.7494315284445868,19.01225247450817
3818.2000000000003,3.96394642920075,-0.750688798048058,19.01390515154003
3820.2000000000003,3.8507813921956253,2.501762890534106,19.01012281156825
3822.2000000000003,3.84543490736691,2.502101682028409,19.004776240595966
3824.2000000000003,3.8416227130190443,2.5017628856345624,18.999434522466846
3826.2000000000003,3.8389747308243556,2.5017628750517487,18.994096662050644
3828.2000000000003,3.836436005656082,2.5017628856269414,18.9887632951483
3830.2000000000003,3.8343847841124954,2.5008411702415,18.98343352681498
3832.2000000000003,3.832354777247846,2.5017628596143275,18.978106486683668
3834.2000000000003,3.83068187393154,2.50302340511954,18.972782305793107
3836.2000000000003,3.82908885127648,2.5021016559854266,18.96745928956758
3838.2000000000003,3.82765561066274,2.5008411702415,18.962139353213743
3840.2000000000003,3.8259239731537527,2.5017628904894496,18.956821412498925
3842.2000000000003,3.824709236402718,2.5008411702415,18.95150609920357
3844.2000000000003,3.823225470704951,2.501762867320808,18.94619205927907
3846.2000000000003,3.82217050848805,2.5008411702415,18.940880847791227
3848.2000000000003,3.820897032901277,2.5008411702415,18.93556968697835
3850.2000000000003,3.81990081103646,2.50176288277496,18.930259947260883
3852.2000000000003,3.8189844695161863,2.5017628828116,18.924952335327088
3854.2000000000003,3.8177110025953693,2.5021016791777018,18.91964626134443
3856.2000000000003,3.8170114192815663,2.5008411702415,18.914340383879093
3858.2000000000003,3.815791969417661,2.5008411702415,18.909037880184407
3860.2000000000003,3.81479399177037,2.5008411702415,18.903736835514113
3862.2000000000003,3.813711414297974,2.5008411702415,18.89843620820772
3864.2000000000003,3.8132285865894113,2.5008411702415,18.89313784535858
3866.2000000000003,3.81214601141017,2.5008411702415,18.88783979089652
3868.2000000000003,3.8112525768089847,2.50144427041724,18.882542656189077
3870.2000000000003,3.8109588913304555,2.5008411702415,18.87724712671695
3872.2000000000003,3.81006545541287,2.5024203364855078,18.871952454755625
3874.2000000000003,3.8097194946388866,2.5008411702415,18.866658567441828
3876.2000000000003,3.892635301603004,0.0021822348780466,18.86357990589185
3878.2000000000003,3.8973117539232054,0.0021822348780466,18.863575183356392
3880.2000000000003,3.8998226814567056,0.0021822348780466,18.863570456774763
3882.2000000000003,3.9281569632960376,-0.750688798048058,18.865076747165652
3884.2000000000003,3.93130512761897,-0.750688798048058,18.866715720837163
3886.2000000000003,3.93398672818009,-0.750688798048058,18.868355817945574
3888.2000000000003,3.9362564259162487,-0.750688798048058,18.869997020943128
3890.2000000000003,3.93849250288236,-0.750688798048058,18.87163876793741
3892.2000000000003,3.9406066774973434,-0.748506563170012,18.873281662331415
3894.2000000000003,3.94230894434764,-0.750688798048058,18.87492493129265
3896.2000000000003,3.9440112226529176,-0.750688798048058,18.876569467331443
3898.2000000000003,3.9458354009845684,-0.750688798048058,18.878214704725934
3900.2000000000003,3.92203719635829,0.0021822348780466,18.879139085685512
3902.2000000000003,3.921862153514342,0.0021822348780466,18.87913433089067
3904.2000000000003,3.9225624529091734,0.0021822348780466,18.879129575825985
3906.2000000000003,3.854324555719,1.9996340648281965,18.87686651005458
3908.2000000000003,3.8500355713297534,1.99892714829076,18.87258865308389
3910.2000000000003,3.84789374627281,1.99892714829076,18.868314288392344
3912.2000000000003,3.845751920570729,1.9996340524817853,18.8640401835314
3914.2000000000003,3.84392177573252,2.00110938316881,18.85976871858268
3916.2000000000003,3.84259778555242,2.000402473057856,18.855496720816095
3918.2000000000003,3.840962107317525,2.00110938316881,18.85122743274035
3920.2000000000003,3.83994980519222,1.99892714829076,18.846959262973517
3922.2000000000003,3.838497945317552,1.99892714829076,18.84269579092452
3924.2000000000003,3.83768010774063,1.99892714829076,18.83843363088983
3926.2000000000003,3.836294844170413,2.00110938316881,18.83417168148978
3928.2000000000003,3.8355382799812574,2.00110938316881,18.829907287285266
3930.2000000000003,3.83446470301753,2.00110938316881,18.825644004144383
3932.2000000000003,3.833452395758391,2.00110938316881,18.821381805650592
3934.2000000000003,3.83257328847454,2.00110938316881,18.81712043282292
3936.2000000000003,3.81479399177037,2.5008411702415,18.8121342985629
3938.2000000000003,3.81332823516576,2.5008411702415,18.806835137422333
3940.2000000000003,3.8116968431085856,2.5008411702415,18.801537832480943
3942.2000000000003,3.8107037689350265,2.5008411702415,18.796241789035854
3944.2000000000003,3.80930888959567,2.5008411702415,18.790947424323186
3946.2000000000003,3.80836318232418,2.5008411702415,18.785655065367195
3948.2000000000003,3.80741747505268,2.5016590276478734,18.780364411452105
3950.2000000000003,3.9186235098840108,-0.750688798048058,18.780451413217907
3952.2000000000003,3.9232529101258162,-0.750688798048058,18.78208617413237
3954.2000000000003,3.926666591840851,-0.750688798048058,18.783723124999785
3956.2000000000003,3.9295937075892193,-0.750688798048058,18.785361140728053
3958.2000000000003,3.9316742702337732,-0.750688798048058,18.787000432122333
3960.2000000000003,3.933943970699068,-0.750688798048058,18.788640652248393
3962.2000000000003,3.859554100890586,1.50137759609612,18.787833266186066
3964.2000000000003,3.8563719119526376,1.49919536121807,18.784616716587912
3966.2000000000003,3.8548587763140887,1.50137759609612,18.78140206764641
3968.2000000000003,3.8538798651004145,1.500994503924605,18.778188889261802
3970.2000000000003,3.8527782192032327,1.49919536121807,18.774978533027312
3972.2000000000003,3.851832510625494,1.4995784803023002,18.771768025051017
3974.2000000000003,3.851142354848518,1.4995784533620853,18.768557361310535
3976.2000000000003,3.85035258517871,1.50137759609612,18.765346613232303
3978.2000000000003,3.849818365977234,1.50137759609612,18.76213775147887
3980.2000000000003,3.8321858780285427,1.99892714829076,18.758012649300266
3982.2000000000003,3.8304972947769897,1.99892714829076,18.753758055857595
3984.2000000000003,3.82935788375144,1.99892714829076,18.74950485155102
3986.2000000000003,3.8280384698674905,2.00110938316881,18.745250632202108
3988.2000000000003,3.82727732775414,2.00110938316881,18.740995425314875
3990.2000000000003,3.82632670930949,1.99892714829076,18.736744422685458
3992.2000000000003,3.825390475467512,1.99892714829076,18.732495454326486
3994.2000000000003,3.82444020593965,1.99892714829076,18.728247528463168
3996.2000000000003,3.9178612900263836,-0.750688798048058,18.727246525461744
3998.2000000000003,3.9227837523821396,-0.750688798048058,18.728881507712025
4000.2000000000003,3.9258150954203734,-0.750688798048058,18.730518108143
4002.2000000000003,3.92827886435018,-0.750688798048058,18.73215595057784
4004.2000000000003,3.836550469251575,1.99892714829076,18.730287026451837
4006.2000000000003,3.8329614029871832,1.99892714829076,18.726028685160703
4008.2000000000003,3.830876006688368,1.99892714829076,18.72177329029872
4010.2000000000003,3.8291736704468837,1.99892714829076,18.717520043998302
4012.2000000000003,3.82765561066274,1.99892714829076,18.713268492726172
4014.2000000000003,3.826525672943799,2.00110938316881,18.709016204778628
4016.2000000000003,3.825201687560456,1.9989838647737868,18.704763015251054
4018.2000000000003,3.82444020593965,1.99892714829076,18.70051530084714
4020.2000000000003,3.82349449866815,1.99892714829076,18.696268626932504
4022.2000000000003,3.82273793285095,1.99892714829076,18.692023013447177
4024.2000000000003,3.82198136703375,2.00110938316881,18.687774571076787
4026.2000000000003,3.8208415993364757,2.00110938316881,18.68352627614257
4028.2000000000003,3.8200949284023684,2.00110938316881,18.679278868232373
4030.2000000000003,3.80306722160379,2.4996933931250687,18.67477294572967
4032.2000000000003,3.80127528482815,2.5008411702415,18.669489541876434
4034.2000000000003,3.8003196922247144,2.5018748502357377,18.664208813076947
4036.2000000000003,3.7988066341779385,2.5008411702415,18.658928713428352
4038.2000000000003,3.798159363887434,2.5008411702415,18.653649499369433
4040.2000000000003,3.79720383652049,2.501988903038707,18.64837263675605
4042.2000000000003,3.796158347327791,2.5008411702415,18.64309602542806
4044.2000000000003,3.7953124219775,2.5008411702415,18.637822054361855
4046.2000000000003,3.7945656719112932,2.5008411702415,18.63254886591699
4048.2000000000003,3.7936101488888,2.501988902113808,18.62727599857324
4050.2000000000003,3.7932318659802,2.5019889021079544,18.62200426086892
4052.2000000000003,3.82652076193695,1.50137759609612,18.618130084491586
4054.2000000000003,3.827153839053055,1.50137759609612,18.61493985184068
4056.2000000000003,3.827877698103683,1.50137759609612,18.611747320734285
4058.2000000000003,3.82803389357134,1.50137759609612,18.608555523449347
4060.2000000000003,3.8285683566195523,1.5009973022530563,18.605363517229215
4062.2000000000003,3.828190075846616,1.4995756304207384,18.602171767936294
4064.2000000000003,3.828568503149263,1.49919536121807,18.598982653353993
4066.2000000000003,3.82879045938854,1.49919536121807,18.595793098221655
4068.2000000000003,3.828445134070114,1.50137759609612,18.592601953044625
4070.2000000000003,3.82841217647994,1.49919536121807,18.589410061377865
4072.2000000000003,3.9024457953386795,-0.748506563170012,18.587315963350083
4074.2000000000003,3.9077519334755264,-0.750688798048058,18.588944487540083
4076.2000000000003,3.911156480659583,-0.750688798048058,18.590574835271674
4078.2000000000003,3.9135258309148,-0.750688798048058,18.592206485119792
4080.2000000000003,3.915685704400759,-0.750688798048058,18.59383912304982
4082.2000000000003,3.917597454346294,-0.750688798048058,18.595472624164906
4084.2000000000003,3.91957835745239,-0.750688798048058,18.59710692608465
4086.2000000000003,3.92127030568671,-0.750688798048058,18.5987418913623
4088.2000000000003,3.92279376217549,-0.750688798048058,18.600377508255438
4090.2000000000003,3.9047744794851567,-0.09851463739758709,18.60195551618682
4092.2000000000003,3.8998834441141956,0.0021822348780466,18.601964297320738
4094.2000000000003,3.900120988369992,0.0021822348780466,18.601959569154257
4096.2,3.90066421202242,0.0021822348780466,18.601954840553635
4098.2,3.90104249493102,0.0021822348780466,18.601950111380177
4100.2,3.90160991929392,0.0021822348780466,18.60194538153053
4102.2,3.9021528805153003,0.0021822348780466,18.601940651148134
4104.2,3.9023906887863697,0.0021822348780466,18.60193592006202
4106.2,3.903098849814071,0.0021822348780466,18.60193118841868
4108.2,3.90350133383692,0.0021822348780466,18.60192645612111
4110.2,3.90406875819982,0.0021822348780466,18.601921723213522
4112.2,3.904660381889727,0.0021822348780466,18.60191698978747
4114.2,3.90482532401702,0.0021822348780466,18.601912255848568
4116.2,3.9057226294629683,0.0021822348780466,18.601907521227908
4118.2,3.90596017274281,0.0021822348780466,18.601902786071935
4120.2,3.9063142600655025,0.0021822348780466,18.601898050378608
4122.2,3.9068816777165374,0.0021822348780466,18.601893314249793
4124.2,3.907119225552093,0.0021822348780466,18.601888577493284
4126.2,3.907521808724795,0.0021822348780466,18.601883840323723
4128.2,3.908016483533208,0.0021822348780466,18.601879102725093
4130.2,3.90841901164871,0.0021822348780466,18.601874364544816
4132.2,3.90879729455731,0.0021822348780466,18.601869625911387
4134.2,3.9091513811037863,0.0021822348780466,18.601864886836296
4136.2,3.909694602360223,0.0021822348780466,18.601860147358828
4138.2,3.90974300182881,0.0021822348780466,18.601855407320564
4140.2,3.91049956764601,0.0021822348780466,18.601850666901743
4142.2,3.910548488832919,0.0021822348780466,18.601845926048387
4144.2,3.9108536452936224,0.0021822348780466,18.60184118489541
4146.2,3.91106699200891,0.0021822348780466,18.601836443324757
4148.2,3.9116586633742103,0.0021822348780466,18.601831701388328
4150.2,3.9118235578261,0.0021822348780466,18.60182695900749
4152.2,3.9122260432330793,0.0021822348780466,18.601822216200333
4154.2,3.9125558863682257,0.0021822348780466,18.601817473049625
4156.2,3.9127936853064207,0.0021822348780466,18.601812729486532
4158.2,3.9129584065519,0.0021822348780466,18.601807985705097
4160.2,3.9133366894605,0.0021822348780466,18.601803241439125
4162.2,3.9135500399941727,0.0021822348780466,18.601798496819377
4164.2,3.9139041138234,0.0021822348780466,18.601793751870012
4166.2,3.914282396732,0.0021822348780466,18.601789006535974
4168.2,3.9144957424712867,0.0021822348780466,18.60178426080902
4170.2,3.9148498210949,0.0021822348780466,18.601779514868102
4172.2,3.915393042753334,0.0021822348780466,18.601774768602834
4174.2,3.9152281040035,0.0021822348780466,18.601770021982922
4176.2,3.9154414440108987,0.0021822348780466,18.60176527504571
4178.2,3.915819731269249,0.0021822348780466,18.601760527767894
4180.2,3.916173811275,0.0021822348780466,18.60175578020084
4182.2,3.9163871538488406,0.0021822348780466,18.60175103230342
4184.2,3.9165278891196595,0.0021822348780466,18.60174628411114
4186.2,3.9167412356379,0.0021822348780466,18.60174153563464
4188.2,3.9173086600008,0.0021822348780466,18.601736786846303
4190.2,3.9174978014551,0.0021822348780466,18.601732037820835
4192.2,3.917522000214073,0.0021822348780466,18.60172728842513
4194.2,3.9180410251059756,0.0021822348780466,18.601722538797574
4196.2,3.91806522581799,0.0021822348780466,18.601717788861166
4198.2,3.9182301631857244,0.0021822348780466,18.601713038738147
4200.2,3.9182785766674915,0.0021822348780466,18.601708338123114
4202.2,3.91863265018089,0.0021822348780466,18.601703587438358
4204.2,3.91882179163519,0.0021822348780466,18.60169883652147
4206.2,3.91882179163519,0.0021822348780466,18.601694085326614
4208.2,3.91938921599809,0.0021822348780466,18.60168933397418
4210.2,3.9194134119897455,0.0021822348780466,18.601684582253238
4212.2,3.919719093905528,0.0021822348780466,18.601679830340778
4214.2,3.9197917365071135,0.0021822348780466,18.601675078222417
4216.2,3.9199321673656367,0.0021822348780466,18.60167032586549
4218.2,3.92014578181529,0.0021822348780466,18.60166557333707
4220.2,3.851770791221722,2.00110938316881,18.599682210163156
4222.2,3.846239459133833,2.00110938316881,18.59540365456303
4224.2,3.843094247471756,2.00110938316881,18.591129436531865
4226.2,3.840186215855419,2.00110938316881,18.58685863698828
4228.2,3.8377279899978043,2.00110938316881,18.58259272598002
4230.2,3.8357647807978688,1.99892714829076,18.578331013692598
4232.2,3.833826260703796,2.00110938316881,18.574070182434017
4234.2,3.8316985959846845,1.99892714829076,18.56980939517822
4236.2,3.82992530811434,2.00110938316881,18.56555349774172
4238.2,3.828530346573893,1.99892714829076,18.561297080530856
4240.2,3.827017267231739,2.00110938316881,18.557044857663154
4242.2,3.892055045460372,-0.06599567981735126,18.55305933076895
4244.2,3.8959030750158465,0.0021822348780466,18.553065412397117
4246.2,3.8979836291563177,0.0021822348780466,18.553060687933623
4248.2,3.89971850475092,0.0021822348780466,18.5530559610782
4250.2,3.9273465488038544,-0.750688798048058,18.554063037498057
4252.2,3.930197059178046,-0.750688798048058,18.555701270165663
4254.2,3.93281825925337,-0.750688798048058,18.557340906102674
4256.2,3.908921230455866,0.0021822348780466,18.558089334337385
4258.2,3.908673350787593,0.0021822348780466,18.55808459551619
4260.2,3.9088951210939418,0.0021822348780466,18.55807985638629
4262.2,3.8244182002433096,2.5008411702415,18.555829058741146
4264.2,3.8180571285570895,2.5008411702415,18.55052043259714
4266.2,3.81403742595317,2.5008411702415,18.54521842699809
4268.2,3.81120030413867,2.5008411702415,18.539921042948816
4270.2,3.8084106433641005,2.5008411702415,18.5346271760443
4272.2,3.80628262632688,2.5008411702415,18.529337631462933
4274.2,3.8041313421596543,2.5008411702415,18.524050547623535
4276.2,3.8022631999078897,2.50302340511954,18.518766349917087
4278.2,3.80098666560649,2.5008411702415,18.51348372995565
4280.2,3.79909525106349,2.5008411702415,18.508203269035533
4282.2,3.79777126088339,2.5008411702415,18.502924962446457
4284.2,3.7966364121576,2.50302340511954,18.49764808602198
4286.2,3.7951232805232,2.5008411702415,18.492373092091032
4288.2,3.793804191002192,2.5008411702415,18.48710090926816
4290.2,3.793047667250587,2.502966378032358,18.48183025397795
4292.2,3.7917236214095014,2.5008411702415,18.476560471020044
4294.2,3.7907681382982563,2.5008411702415,18.471292709960135
4296.2,3.78964306850258,2.5008411702415,18.466026012967188
4298.2,3.78907075398561,2.502967096069532,18.46075956315078
4300.2,3.787930950108118,2.5008411702415,18.455495178349192
4302.2,3.7868059451446756,2.5008975729837726,18.45023214005375
4304.2,3.7864130085162406,2.5008411702415,18.444970545933316
4306.2,3.7852830360847523,2.5008411702415,18.439709546358582
4308.2,3.78453135908242,2.5008411702415,18.43444982742657
4310.2,3.78377479326522,2.5008411702415,18.4291913760007
4312.2,3.782654754827642,2.500898128542245,18.423934637809307
4314.2,3.78226166163082,2.502962875581154,18.418677872089503
4316.2,3.78131595435932,2.5008975570532352,18.413422813419256
4318.2,3.78055938854212,2.50302340511954,18.408168169078035
4320.2,3.77999196417922,2.50302340511954,18.40291450984564
4322.2,3.77923539836202,2.50089753735605,18.397660634856578
4324.2,3.862044568948906,0.0021822348780466,18.39460524632871
4326.2,3.8665325133307578,0.0021822348780466,18.394600561204296
4328.2,3.86907758915438,0.0021822348780466,18.39459587201504
4330.2,3.896983893757557,-0.750688798048058,18.395976656415257
4332.2,3.8997618197020127,-0.750688798048058,18.397602480250782
4334.2,3.9021340299273604,-0.750688798048058,18.399229386587265
4336.2,3.904403724209771,-0.750688798048058,18.400856253030817
4338.2,3.9064409657489794,-0.750688798048058,18.402484366956255
4340.2,3.90822987019441,-0.750688798048058,18.404113799411462
4342.2,3.9099754577376475,-0.750688798048058,18.405743747866993
4344.2,3.9115477808548773,-0.750688798048058,18.40737471660596
4346.2,3.9128125812726546,-0.750688798048058,18.409006373653316
4348.2,3.9145148547207627,-0.750688798048058,18.410638631041497
4350.2,3.8567698186722756,1.00164580902343,18.410395356650874
4352.2,3.854689263018981,1.00164580902343,18.408250196722875
4354.2,3.8533788484475,1.00164580902343,18.406105851436877
4356.2,3.8526087055484224,1.00164580902343,18.403962572181726
4358.2,3.8518928718682366,1.00164580902343,18.401819210818974
4360.2,3.8514874339045,0.9996202560625199,18.39967642395884
4362.2,3.85110915099591,1.00164580902343,18.397533769204667
4364.2,3.85073086808731,1.00164580902343,18.395391231049867
4366.2,3.85035258517871,1.00164580902343,18.39324877172031
4368.2,3.8497987392524395,1.00164580902343,18.391106617021148
4370.2,3.8494204581550395,1.00164580902343,18.388964538957907
4372.2,3.84940687790721,1.00164580902343,18.3868224247755
4374.2,3.84921773645291,1.00164580902343,18.384681082722384
4376.2,3.84883945354431,1.00164580902343,18.382539413116284
4378.2,3.84865031209001,1.00164580902343,18.380397819973503
4380.2,3.8147056432302353,1.99892714829076,18.377499211213735
4382.2,3.812069962160863,2.00110938316881,18.373260943268242
4384.2,3.8101661839069165,2.00110938316881,18.369024706420603
4386.2,3.809031335080788,1.99892714829076,18.36479066749078
4388.2,3.807518212526812,1.99892714829076,18.36056134227785
4390.2,3.80609348487258,2.00110938316881,18.35633293979566
4392.2,3.805059363801111,1.99892714829076,18.352106374716627
4394.2,3.80439121178388,1.99892714829076,18.347881208275332
4396.2,3.872627805628233,0.0021822348780466,18.347432718008818
4398.2,3.875275785262757,0.0021822348780466,18.347428021199104
4400.2,3.8768758566353374,0.0021822348780466,18.347423622331668
4402.2,3.8784910143968023,0.0021822348780466,18.347418921089677
4404.2,3.9049267981242908,-0.750688798048058,18.348109633682938
4406.2,3.90766244583151,-0.750688798048058,18.3497385881146
4408.2,3.9098818442755716,-0.750688798048058,18.351368603143946
4410.2,3.9118235578261,-0.750688798048058,18.352997690326088
4412.2,3.8038405748590662,2.5008411702415,18.35189580391765
4414.2,3.797788048470894,2.5008411702415,18.34661505397149
4416.2,3.7943723135033434,2.5008411702415,18.341339894823577
4418.2,3.7917299261633572,2.5008411702415,18.33606931657436
4420.2,3.78944903689421,2.50302340511954,18.330801275652597
4422.2,3.7879247136313365,2.5008411702415,18.325536301456765
4424.2,3.78604449071681,2.5008411702415,18.320274158698734
4426.2,3.7843534124282314,2.5008411702415,18.315013797222555
4428.2,3.78301822744802,2.500905766252919,18.30975604630215
4430.2,3.781321566656472,2.5008411702415,18.30450008836487
4432.2,3.780003152731664,2.5008411702415,18.29924500701818
4434.2,3.7794189439507244,2.5008411702415,18.293992283450667
4436.2,3.7781063325053292,2.5008411702415,18.288740100485484
4438.2,3.777149056568863,2.5008411702415,18.283490166575852
4440.2,3.7760139499970133,2.5029536761104763,18.27824221303834
4442.2,3.7750627268737875,2.5008411702415,18.272996144564548
4444.2,3.77393943764163,2.5029567213477875,18.26775020529706
4446.2,3.77299373037014,2.5009078900211694,18.262506415002075
4448.2,3.77204802309864,2.5008411702415,18.257263541932673
4450.2,3.880060672989529,-0.750688798048058,18.254809180032844
4452.2,3.8859240552272207,-0.750688798048058,18.256428617455832
4454.2,3.88912658331014,-0.750688798048058,18.258049834064444
4456.2,3.8919765814419214,-0.750688798048058,18.259672190641716
4458.2,3.894259167248347,-0.750688798048058,18.261295815505186
4460.2,3.89650310002783,-0.750688798048058,18.262920364261564
4462.2,3.8284913212333347,1.438680891868139,18.264232185933764
4464.2,3.821105424827356,1.49919536121807,18.261055586553905
4466.2,3.819452759892717,1.49919536121807,18.257871749407943
4468.2,3.8182481402500357,1.5000003333631968,18.254689233120438
4470.2,3.81706368922196,1.49919536121807,18.2515080771115
4472.2,3.8167551745486805,1.49919536121807,18.248327769210192
4474.2,3.81573969904186,1.50137759609612,18.245147167577286
4476.2,3.81517227467896,1.49919536121807,18.241968201707817
4478.2,3.81460485031607,1.5000003131161015,18.238789058107354
4480.2,3.8138978854743533,1.5000003410171843,18.235609815962093
4482.2,3.8133304631199283,1.49919536121807,18.232431243647525
4484.2,3.795923140720889,2.00110938316881,18.228562950323074
4486.2,3.7945558561603,2.00110938316881,18.224343728124
4488.2,3.7934210074345,2.00110938316881,18.22012722403566
4490.2,3.792184100180402,2.00110938316881,18.215910562032445
4492.2,3.791486326353267,2.00110938316881,18.211695646308442
4494.2,3.790729752840744,2.00110938316881,18.20748098817228
4496.2,3.79001646125711,2.00110938316881,18.20326712307919
4498.2,3.7891140208876175,2.00110938316881,18.199054241449463
4500.2,3.78850332962271,2.00110938316881,18.194843318728662
4502.2,3.78774676380551,2.00110938316881,18.190633304086422
4504.2,3.78736848089691,1.99892714829076,18.1864250824616
4506.2,3.78680105653401,2.00110938316881,18.182218434849606
4508.2,3.7858986191072463,1.99892714829076,18.178011895943015
4510.2,3.7858989232436553,1.99892714829076,18.1738053214874
4512.2,3.7848070406775975,2.00110938316881,18.1695999367699
4514.2,3.825815310319994,0.749096297403308,18.166107528325867
4516.2,3.8280850063155367,0.752871032926105,18.164507293696584
4518.2,3.8290818301025316,0.752871032926105,18.162905939553195
4520.2,3.830339638399558,0.752871032926105,18.16130413854914
4522.2,3.830768861214027,0.752871032926105,18.159701998238525
4524.2,3.83106015684014,0.752871032926105,18.158099613812155
4526.2,3.83181672265734,0.752871032926105,18.156497241962576
4528.2,3.8574672158437515,-0.045155531325334106,18.155054830816137
4530.2,3.859009454599899,0.0021822348780466,18.155058257925322
4532.2,3.86037708225659,0.0021822348780466,18.155053632308707
4534.2,3.861802930162635,0.0021822348780466,18.155048951221264
4536.2,3.8628795618075853,0.0021822348780466,18.15504435538538
4538.2,3.863737987786022,0.0021822348780466,18.155039741951626
4540.2,3.8907044834793445,-0.750688798048058,18.15642144906012
4542.2,3.892593364237838,-0.750688798048058,18.158044485438644
4544.2,3.8944846596770546,-0.750688798048058,18.159668336318415
4546.2,3.89593567566493,-0.750688798048058,18.161292861272003
4548.2,3.89738667145374,-0.750688798048058,18.16291640233076
4550.2,3.89858365602513,-0.748506563170012,18.164539930851674
4552.2,3.90028592911382,-0.750688798048058,18.16616491936097
4554.2,3.849230044167668,0.752871032926105,18.164829340585488
4556.2,3.8481836876190156,0.752871032926105,18.16321963375542
4558.2,3.84789374627281,0.752871032926105,18.1616102697192
4560.2,3.84675889754701,0.752871032926105,18.16000112624071
4562.2,3.84638061463841,0.752871032926105,18.158392189398334
4564.2,3.8462798052294116,0.752871032926105,18.15678339821862
4566.2,3.84581319027551,0.752871032926105,18.15517471840821
4568.2,3.8457124394480884,0.752871032926105,18.153566142520113
4570.2,3.87077986224307,-0.017884279027624243,18.15226040462855
4572.2,3.87191471096887,0.0021822348780466,18.152258179162935
4574.2,3.8727596768209294,0.0021822348780466,18.152254843608777
4576.2,3.87361698405757,0.0021822348780466,18.15225064813787
4578.2,3.87418440842047,0.0021822348780466,18.152246505525973
4580.2,3.87513011569197,0.0021822348780466,18.15224180817829
4582.2,3.875306949634686,0.0021822348780466,18.152237279392693
4584.2,3.87588668150916,0.0021822348780466,18.1522326301989
4586.2,3.8762526617632624,0.0021822348780466,18.152228231968227
4588.2,3.87664324732636,0.0021822348780466,18.152223532307374
4590.2,3.876920782146575,0.0021822348780466,18.1522191164171
4592.2,3.87739981314356,0.0021822348780466,18.152215360851752
4594.2,3.877866507195973,0.0021822348780466,18.15221065968011
4596.2,3.8782571341583556,0.0021822348780466,18.152205957965315
4598.2,3.87853466186936,0.0021822348780466,18.152201675983765
4600.2,3.87891294477796,0.0021822348780466,18.152196989906354
4602.2,3.87910208623226,0.0021822348780466,18.152192287044677
4604.2,3.87966951059516,0.0021822348780466,18.15218784698148
4606.2,3.880148573321281,0.0021822348780466,18.15218321380428
4608.2,3.88023693495806,0.0021822348780466,18.152178509618953
4610.2,3.8808927548076455,0.0021822348780466,18.152173805025882
4612.2,3.8810942355980904,0.0021822348780466,18.152169100049278
4614.2,3.88118264222956,0.0021822348780466,18.152164531342233
4616.2,3.8814725073256957,0.0021822348780466,18.152159825630665
4618.2,3.8818384214681587,0.0021822348780466,18.1521551195756
4620.2,3.8820399554312877,0.0021822348780466,18.152150413271166
4622.2,3.88231749095535,0.0021822348780466,18.15214570654607
4624.2,3.88288491531825,0.0021822348780466,18.152140999494563
4626.2,3.8827841946416592,0.0021822348780466,18.15213629210412
4628.2,3.8835407226963143,0.0021822348780466,18.152131584421603
4630.2,3.883553090908375,0.0021822348780466,18.152126876346205
4632.2,3.8836291797558777,0.0021822348780466,18.152122167987237
4634.2,3.88383062258975,0.0021822348780466,18.152117459363577
4636.2,3.884486467196705,0.0021822348780466,18.152112750430664
4638.2,3.884675582619866,0.0021822348780466,18.15210804114564
4640.2,3.88496547131555,0.0021822348780466,18.1521033316387
4642.2,3.8852427822068254,0.0021822348780466,18.15209862168117
4644.2,3.885331111563732,0.0021822348780466,18.152093911502725
4646.2,3.8856336153037963,0.0021822348780466,18.152089201002358
4648.2,3.88572203713275,0.0021822348780466,18.152084490151527
4650.2,3.88591117858705,0.0021822348780466,18.15207979561966
4652.2,3.88610032004135,0.0021822348780466,18.152075084341956
4654.2,3.8863655515609388,0.0021822348780466,18.15207037276536
4656.2,3.886566954565602,0.0021822348780466,18.152065660945826
4658.2,3.8867558906399204,0.0021822348780466,18.15206094883327
4660.2,3.88685688585855,0.0021822348780466,18.152056236521307
4662.2,3.8873235846855034,0.0021822348780466,18.15205152389533
4664.2,3.88742431022145,0.0021822348780466,18.152046827542872
4666.2,3.8879033765423845,0.0021822348780466,18.152042114488292
4668.2,3.8878148998179993,0.0021822348780466,18.152037401033898
4670.2,3.888079947293643,0.0021822348780466,18.152032687375403
4672.2,3.888269296917977,0.0021822348780466,18.1520279734668
4674.2,3.8884584207490427,0.0021822348780466,18.152023259393744
4676.2,3.888647558481343,0.0021822348780466,18.15201854510969
4678.2,3.88893744185584,0.0021822348780466,18.15201383051326
4680.2,3.889025832363649,0.0021822348780466,18.152009115664352
4682.2,3.88912658331014,0.0021822348780466,18.152004400608046
4684.2,3.88950486621874,0.0021822348780466,18.15199968536103
4686.2,3.88969400767304,0.0021822348780466,18.151994969825758
4688.2,3.88969400767304,0.0021822348780466,18.151990254042126
4690.2,3.8898954781798287,0.0021822348780466,18.15198553808877
4692.2,3.890160685389377,0.0021822348780466,18.15198082199926
4694.2,3.89045057349024,0.0021822348780466,18.151976105577702
4696.2,3.890752935454944,0.0021822348780466,18.151971388925933
4698.2,3.89082885639884,0.0021822348780466,18.15196667212082
4700.2,3.8909418896946075,0.0021822348780466,18.15196195518004
4702.2,3.890917255534766,0.0021822348780466,18.15195723797085
4704.2,3.891383930689117,0.0021822348780466,18.151952520581606
4706.2,3.891383973455311,0.0021822348780466,18.15194780292713
4708.2,3.89139628076174,0.0021822348780466,18.151943085212704
4710.2,3.8916738016195027,0.0021822348780466,18.151938367225593
4712.2,3.89177456367034,0.0021822348780466,18.151933649066365
4714.2,3.89196370512464,0.0021822348780466,18.15192893065901
4716.2,3.89234198803324,0.0021822348780466,18.151924212056443
4718.2,3.89253112948754,0.0021822348780466,18.15191977877701
4720.2,3.8924303853407896,0.0021822348780466,18.151915059789946
4722.2,3.8926318509081113,0.0021822348780466,18.15191034059003
4724.2,3.89272027094184,0.0021822348780466,18.15190562133692
4726.2,3.89290941239614,0.0021822348780466,18.151900901856433
4728.2,3.89290941239614,0.0021822348780466,18.15189618228332
4730.2,3.89328769530474,0.0021822348780466,18.15189146251631
4732.2,3.893086208561605,0.0021822348780466,18.15188674248742
4734.2,3.89328769530474,0.0021822348780466,18.151882022305077
4736.2,3.8937543807257176,0.0021822348780466,18.151877302009378
4738.2,3.8935652280087605,0.0021822348780466,18.15187258161432
4740.2,3.89385511966763,0.0021822348780466,18.151867860932988
4742.2,3.89395584604695,0.0021822348780466,18.15186314006538
4744.2,3.8941449854020473,0.0021822348780466,18.151858419159943
4746.2,3.8943341238890996,0.0021822348780466,18.15185369802981
4748.2,3.92071320617819,-0.7486594213730028,18.153183861519953
4750.2,3.846719172500321,1.5012248191128155,18.153374937504278
4752.2,3.841449684715558,1.49919536121807,18.150171805889666
4754.2,3.838423424171906,1.5012247302308208,18.1469715346952
4756.2,3.835652576537374,1.499348305684147,18.14377381768265
4758.2,3.833910532461331,1.50137759609612,18.140577315487253
4760.2,3.83200586411164,1.49919536121807,18.13738413222265
4762.2,3.83030359102294,1.49919536121807,18.134192149323717
4764.2,3.82879045938854,1.50137759609612,18.131002163630463
4766.2,3.8271014398857393,1.4993482755408223,18.127811790365907
4768.2,3.8261292239697746,1.50137759609612,18.1246232968389
4770.2,3.8249678767776634,1.50137759609612,18.12143569726314
4772.2,3.82367038631663,1.49919536121807,18.11824939946434
4774.2,3.8223729020542776,1.4993482585348625,18.11506470506441
4776.2,3.8212115507984867,1.49934823899177,18.111880260742524
4778.2,3.82008995249076,1.49919536121807,18.10869663030729
4780.2,3.8189683496117084,1.49919536121807,18.105514921462778
4782.2,3.8354357657533953,1.00164580902343,18.103295799794193
4784.2,3.8357381636816656,1.001354314827944,18.10116197307535
4786.2,3.8352716009864074,0.9997539297876276,18.09902819400339
4788.2,3.8353349244036177,1.00164580902343,18.096894237935704
4790.2,3.83484298592613,1.00164580902343,18.094760960987465
4792.2,3.83446470301753,1.00164580902343,18.0926272439004
4794.2,3.8342503988629004,1.00164580902343,18.09049452738858
4796.2,3.83389727865463,1.00164580902343,18.088362516030987
4798.2,3.83351899574603,1.00164580902343,18.086229854689485
4800.2,3.83332985429173,0.9997553557945869,18.08409794627864
4802.2,3.83295157138314,1.00164580902343,18.081965603911094
4804.2,3.8325984513867475,1.00164580902343,18.079832779600384
4806.2,3.83219500556594,1.00164580902343,18.07770050080762
4808.2,3.83200586411164,1.00164580902343,18.075568739252617
4810.2,3.891661534197136,-0.750688798048058,18.075233278344893
4812.2,3.8958349924894504,-0.750688798048058,18.076857262517006
4814.2,3.898861256845148,-0.7496681909375024,18.07848253187553
4816.2,3.901130822809991,-0.750688798048058,18.08010845662109
4818.2,3.9032236799252225,-0.748506563170012,18.08173554176246
4820.2,3.8792424145674405,0.0021822348780466,18.08262325678833
4822.2,3.878793962681569,0.0021822348780466,18.082618554050356
4824.2,3.87929122768656,0.0021822348780466,18.08261385111812
4826.2,3.87966951059516,0.0021822348780466,18.082609147728213
4828.2,3.8562707221722774,0.7341497446857149,18.082342675368174
4830.2,3.8531897069932,0.752871032926105,18.080733266528327
4832.2,3.8520548582674,0.752871032926105,18.079121836647477
4834.2,3.8518657168131,0.752871032926105,18.077510726850768
4836.2,3.850623026910837,0.752871032926105,18.075899968948185
4838.2,3.8504604270408507,0.752871032926105,18.074289749390637
4840.2,3.84976015439772,0.752871032926105,18.072679519614372
4842.2,3.849242973624894,0.752871032926105,18.071069407759165
4844.2,3.8488644171466335,0.752871032926105,18.06945947445473
4846.2,3.848625350495766,0.752871032926105,18.067849721044226
4848.2,3.848247070130016,0.752871032926105,18.066240131968797
4850.2,3.897549496629218,-0.748506563170012,18.065341024784928
4852.2,3.902088887925469,-0.750688798048058,18.06696692787286
4854.2,3.878484325348515,0.0021822348780466,18.067457123116114
4856.2,3.8788626036029674,0.0021822348780466,18.067452420862192
4858.2,3.791706249466586,2.5008411702415,18.063768173462382
4860.2,3.786398417878761,2.50098167344323,18.058503329529984
4862.2,3.78316997631205,2.5008411702415,18.05324462374119
4864.2,3.780156937187208,2.5008411702415,18.04799050724018
4866.2,3.77753312527333,2.502879723219423,18.0427396405325
4868.2,3.77545256927603,2.5008411702415,18.03749229588126
4870.2,3.88780259313004,-0.750688798048058,18.03877504958492
4872.2,3.8598744778671428,0.5948496996761123,18.04031291956569
4874.2,3.841734431393028,0.752871032926105,18.038723035522228
4876.2,3.841167011686805,0.752871032926105,18.037116372114102
4878.2,3.84081325176216,0.752871032926105,18.035509874432552
4880.2,3.8407309884431955,0.752871032926105,18.033903436606582
4882.2,3.8405994906690286,0.752871032926105,18.032297083899582
4884.2,3.840624110586354,0.752871032926105,18.03069081993598
4886.2,3.8400566841534176,0.752871032926105,18.029084610726166
4888.2,3.8398429203039934,0.752871032926105,18.027478438079797
4890.2,3.839842923747286,0.752871032926105,18.025872318799877
4892.2,3.839925186935804,0.752871032926105,18.024266273894
4894.2,3.83938238082932,0.752871032926105,18.022660287322488
4896.2,3.83938238082932,0.752871032926105,18.021054386631818
4898.2,3.83938238082932,0.752871032926105,18.019448499765634
4900.2,3.83900409792073,0.752871032926105,18.01784269002458
4902.2,3.8390865096819415,0.752871032926105,18.01623694566353
4904.2,3.83881495646643,0.752871032926105,18.014631264409978
4906.2,3.8387080740613566,0.752871032926105,18.013025616857302
4908.2,3.83862581501213,0.752871032926105,18.01142005402578
4910.2,3.83843667355783,0.752871032926105,18.009814528649226
4912.2,3.797097004939048,1.9979774914531818,18.007507977542772
4914.2,3.79350326606612,1.99892714829076,18.003291619332146
4916.200000000001,3.7911513099829,2.00110938316881,17.999076357190305
4918.200000000001,3.7893421540736165,2.00110938316881,17.994862810041138
4920.200000000001,3.78774676380551,2.00110938316881,17.990650904756816
4922.200000000001,3.78680105653401,1.9998761900629067,17.986440589861576
4924.200000000001,3.78566620780821,1.99892714829076,17.982236036925123
4926.200000000001,3.784424476673477,2.00110938316881,17.978029844348352
4928.200000000001,3.783610279586737,2.00110938316881,17.97382316139551
4930.200000000001,3.78226166163082,2.00110938316881,17.969617610819288
4932.200000000001,3.7815297209657572,2.00110938316881,17.96541311686352
4934.200000000001,3.8147249759198774,1.00164580902343,17.96231529503946
4936.200000000001,3.8156195744450327,1.00164580902343,17.960192335010444
4938.200000000001,3.8160489850799206,1.00164580902343,17.958069150289962
4940.200000000001,3.8163760716444335,1.00164580902343,17.95594578122866
4942.200000000001,3.81630712340476,1.00164580902343,17.95382271010057
4944.200000000001,3.816186984989171,1.0008496808646163,17.95169966424351
4946.200000000001,3.8163582594586694,0.99946357414538,17.949576993880047
4948.200000000001,3.8161691667829136,1.0008499661634773,17.947454395198683
4950.200000000001,3.81649626485906,1.00164580902343,17.94533189984408
4952.200000000001,3.8162381084118246,1.00164580902343,17.943208582506415
4954.200000000001,3.81611798195046,1.000849665773078,17.94108532816187
4956.200000000001,3.81611798195046,0.99946357414538,17.938963785216412
4958.200000000001,3.815997843985668,1.0002597075052957,17.93684160951245
4960.200000000001,3.8158599087027434,1.00164580902343,17.934718224507524
4962.200000000001,3.81592884049616,1.00164580902343,17.932595305813514
4964.200000000001,3.8154815439001997,1.00164580902343,17.930471962399107
4966.200000000001,3.8154304293888037,1.00164580902343,17.928348710675188
4968.200000000001,3.8154301797623225,1.00164580902343,17.92622565751045
4970.200000000001,3.81555055758756,1.00164580902343,17.92410247682932
4972.200000000001,3.815241291105341,1.00164580902343,17.92197941327022
4974.200000000001,3.8494953052281433,0.0021822348780466,17.921097971377872
4976.200000000001,3.85110915099591,0.0021822348780466,17.921093303263977
4978.200000000001,3.8527231291479764,0.0021822348780466,17.92108863322562
4980.200000000001,3.8540470113222556,0.0021822348780466,17.921083961570805
4982.200000000001,3.8550811215362,0.0021822348780466,17.921079391506847
4984.200000000001,3.88118264222956,-0.750688798048058,17.92164671677925
4986.200000000001,3.88401976404405,-0.750688798048058,17.923265966676176
4988.200000000001,3.885784893595485,-0.750688798048058,17.92488619303441
4990.200000000001,3.887739736675994,-0.750688798048058,17.926507211669605
4992.200000000001,3.889252866715886,-0.750688798048058,17.92812892757333
4994.200000000001,3.8907659999406556,-0.750688798048058,17.92975132374241
4996.200000000001,3.89253112948754,-0.750688798048058,17.931374330300184
4998.200000000001,3.89366597821333,-0.750688798048058,17.932997676586858
5000.200000000001,3.8160110889293377,1.5004286481237676,17.930666332966837
5002.200000000001,3.813174102443949,1.49919536121807,17.92748693817157
5004.200000000001,3.8105259833779517,1.49919536121807,17.924312013193433
5006.200000000001,3.80901285312328,1.500428671164013,17.92113805894103
5008.200000000001,3.8071214534711704,1.49919536121807,17.917965792841674
5010.200000000001,3.806011239813896,1.49919536121807,17.914792831334527
5012.200000000001,3.8046872423278617,1.500428602764455,17.911621678077566
5014.200000000001,3.787961865726472,1.9843361340682775,17.908275345590624
5016.200000000001,3.7851506984721794,1.99892714829076,17.904071804167113
5018.200000000001,3.783233328223043,1.99892714829076,17.899869491817686
5020.200000000001,3.781746269282908,2.00110938316881,17.895664537494515
5022.200000000001,3.7802330137561486,2.00110938316881,17.89146111347776
5024.200000000001,3.7789443768180844,2.00110938316881,17.887259177552394
5026.200000000001,3.777809528089422,2.00110938316881,17.8830585916568
5028.200000000001,3.776660066128383,2.00110938316881,17.878859326612886
5030.200000000001,3.775539829784153,2.00110938316881,17.87466119807452
5032.200000000001,3.77488514491313,1.9999339530619251,17.870467460917684
5034.200000000001,3.774026699614285,2.00110938316881,17.86627150041617
5036.200000000001,3.773080990150745,2.00110938316881,17.86207643955217
5038.200000000001,3.7724409210773873,2.00110938316881,17.857882255469693
5040.200000000001,3.77148059873574,2.00110938316881,17.853688878680057
5042.200000000001,3.77091317437284,2.00110938316881,17.84949635703649
5044.200000000001,3.770069346584425,1.99892714829076,17.845305576862263
5046.200000000001,3.76921090128414,2.00110938316881,17.841115851418863
5048.200000000001,3.7687453526242676,1.99892714829076,17.836929501344628
5050.200000000001,3.76807605255834,2.00110938316881,17.83274045355806
5052.200000000001,3.76731948674114,2.00110938316881,17.82855179794547
5054.200000000001,3.85646659893282,-0.7514252086118991,17.82544313659739
5056.200000000001,3.86283592116249,-0.750688798048058,17.82705305561911
5058.200000000001,3.866365785340961,-0.750688798048058,17.828664823218233
5060.200000000001,3.86888844770008,-0.750688798048058,17.830277822478337
5062.200000000001,3.8711558210665604,-0.750688798048058,17.83189180063254
5064.200000000001,3.8731133878835355,-0.750688798048058,17.83350667761836
5066.200000000001,3.8751916103162944,-0.750688798048058,17.83512235995392
5068.200000000001,3.8182864204467983,1.00164580902343,17.83555612405187
5070.200000000001,3.815827706918723,1.00164580902343,17.8334329657834
5072.200000000001,3.81460485031607,1.00164580902343,17.831310226371972
5074.200000000001,3.81403742595317,1.00164580902343,17.829187876017507
5076.200000000001,3.81309171868167,1.00164580902343,17.827065780981094
5078.200000000001,3.81271343577307,0.99946357414538,17.824944341749433
5080.200000000001,3.8124363323692716,1.00164580902343,17.822824076470145
5082.200000000001,3.811855616608889,1.0006317928530108,17.82070287801619
5084.200000000001,3.8114907146809256,1.00164580902343,17.81858302882894
5086.200000000001,3.871831676478502,-0.750688798048058,17.819200918875488
5088.200000000001,3.8506016707818285,-0.006971977144017264,17.820473068421208
5090.200000000001,3.85035258517871,0.0021822348780466,17.820468908329943
5092.200000000001,3.7998212331421404,1.50137759609612,17.81872459354815
5094.200000000001,3.7972343564935853,1.50137759609612,17.815559193627962
5096.200000000001,3.7955015634318,1.49919536121807,17.812396468300246
5098.200000000001,3.7941775732517,1.49919536121807,17.80923475575513
5100.200000000001,3.7934210074345,1.49919536121807,17.806074562205367
5102.200000000001,3.7922861587087,1.49919536121807,17.802915426577993
5104.200000000001,3.791371033634318,1.49919536121807,17.799757289543884
5106.200000000001,3.79039474416571,1.49919536121807,17.796599865661587
5108.200000000001,3.78944903689421,1.49919536121807,17.793442704569014
5110.200000000001,3.78885117510955,1.49919536121807,17.79028560901668
5112.200000000001,3.788283606018345,1.49919536121807,17.787129864037084
5114.200000000001,3.787588204803148,1.49919536121807,17.783974465539767
5116.200000000001,3.8126830430299266,0.752871032926105,17.782028620001785
5118.200000000001,3.81365914304457,0.752871032926105,17.780433729670126
5120.200000000001,3.8138786865566736,0.752871032926105,17.778838600377014
5122.200000000001,3.81422656740747,0.752871032926105,17.777243338342473
5124.200000000001,3.81441570886177,0.752871032926105,17.77564800827536
5126.200000000001,3.81441570886177,0.752871032926105,17.77405257314746
5128.200000000001,3.81460485031607,0.752871032926105,17.772457073891605
5130.200000000001,3.81479399177037,0.752871032926105,17.770861532150903
5132.200000000001,3.814824385789121,0.752871032926105,17.76926595796616
5134.200000000001,3.81498313322467,0.752871032926105,17.767670360715677
5136.200000000001,3.814635244335517,0.752871032926105,17.7660747365059
5138.200000000001,3.81479399177037,0.752871032926105,17.76447908324884
5140.200000000001,3.81498313322467,0.752871032926105,17.76288343778981
5142.200000000001,3.8148243617842277,0.752871032926105,17.76128774413522
5144.200000000001,3.81498313322467,0.752871032926105,17.75969207625946
5146.200000000001,3.81498313322467,0.752871032926105,17.758096378095498
5148.200000000001,3.81498313322467,0.752871032926105,17.75650069177445
5150.200000000001,3.864788130703448,-0.750688798048058,17.755753837462464
5152.200000000001,3.8685709581517034,-0.750688798048058,17.75736581763295
5154.200000000001,3.87077986224307,-0.750688798048058,17.758979696565888
5156.200000000001,3.872830019667036,-0.750688798048058,17.760592151472245
5158.200000000001,3.850758488439068,-0.024482591733271372,17.76199101672933
5160.200000000001,3.84940687790721,0.0021822348780466,17.76198931720787
5162.200000000001,3.84978516081581,0.0021822348780466,17.76198514948009
5164.200000000001,3.85034568015285,0.0021822348780466,17.761980638478118
5166.200000000001,3.85054172663301,0.0021822348780466,17.761975970420323
5168.200000000001,3.8509269177394767,0.0021822348780466,17.761971301781493
5170.200000000001,3.8516696702153563,0.0021822348780466,17.761966632697767
5172.200000000001,3.852047951598703,0.0021822348780466,17.761961963073606
5174.200000000001,3.8522439997217,0.0021822348780466,17.761957292974056
5176.200000000001,3.8526222826303,0.0021822348780466,17.761952622406078
5178.200000000001,3.853371943305394,0.0021822348780466,17.76194821753275
5180.200000000001,3.853371943070871,0.0021822348780466,17.761943698648622
5182.200000000001,3.853764039438955,0.0021822348780466,17.761939026765067
5184.200000000001,3.853939368326659,0.0021822348780466,17.76193435441408
5186.200000000001,3.8545136971733,0.0021822348780466,17.76192968167723
5188.200000000001,3.854709747975623,0.0021822348780466,17.761925008471557
5190.200000000001,3.855452489836932,0.0021822348780466,17.761920334843612
5192.200000000001,3.8556485458991,0.0021822348780466,17.76191579601236
5194.200000000001,3.85601302548957,0.0021822348780466,17.761911121505975
5196.200000000001,3.8560268288077,0.0,17.7619066930487
5198.200000000001,3.856215970262,0.0021822348780466,17.761902776702378
5200.200000000001,3.8567833946249,0.0021822348780466,17.761899003179483
5202.200000000001,3.856790305703189,0.0021822348780466,17.761894741043797
5204.200000000001,3.85735772258217,0.0021822348780466,17.761890576669167
5206.200000000001,3.85753996044209,0.0021822348780466,17.761886243608856
5208.200000000001,3.85791824335069,0.0021822348780466,17.76188220261673
5210.200000000001,3.858289621116515,0.0021822348780466,17.761878074803434
5212.200000000001,3.8584787596331487,0.0021822348780466,17.761873499879542
5214.200000000001,3.8588570486464024,0.0021822348780466,17.76186882190346
5216.200000000001,3.8586817127843065,0.0021822348780466,17.761864607238667
5218.200000000001,3.85924223353079,0.0021822348780466,17.761860025746127
5220.200000000001,3.859613397785108,0.0021822348780466,17.76185538072609
5222.200000000001,3.8596274231089596,0.0021822348780466,17.76185070154627
5224.200000000001,3.85999879934799,0.0021822348780466,17.761846054771535
5226.200000000001,3.8601810385973705,0.0021822348780466,17.76184137498134
5228.200000000001,3.860194864048387,0.0021822348780466,17.761836694957164
5230.200000000001,3.86075536516519,0.0021822348780466,17.76183231353105
5232.200000000001,3.860937580321172,0.0021822348780466,17.761827818438594
5234.200000000001,3.8613156784918923,0.0021822348780466,17.761823741401194
5236.200000000001,3.86113364807379,0.0021822348780466,17.761819359851582
5238.200000000001,3.86170107243669,0.0021822348780466,17.761814678391712
5240.200000000001,3.861707977635182,0.0021822348780466,17.761810279737002
5242.200000000001,3.861883310276107,0.0021822348780466,17.761805995772512
5244.200000000001,3.8622754079957713,0.0021822348780466,17.76180136266087
5246.200000000001,3.8622754019425853,7.966864766700745e-05,17.761796958461794
5248.200000000001,3.86265368626035,0.0021822348780466,17.761793282754752
5250.200000000001,3.86264677970819,0.0021822348780466,17.761789400604084
5252.200000000001,3.8632071722453247,0.0021822348780466,17.76178580887986
5254.200000000001,3.863207298987525,7.966796198561211e-05,17.761783831628897
5256.200000000001,3.863031969231923,0.0021822348780466,17.761780112968506
5258.200000000001,3.86340334552539,0.0021822348780466,17.76177599584278
5260.200000000001,3.8635993904789934,0.0021822348780466,17.761771998175796
5262.200000000001,3.86378162843398,0.002102252137639831,17.76176826670868
5264.200000000001,3.86397076988828,0.002102541120731802,17.761764363515876
5266.200000000001,3.86415991134258,0.0021822348780466,17.761761475494314
5268.200000000001,3.8641670193913944,0.0021822348780466,17.761757842289658
5270.200000000001,3.864720432204662,0.0021822348780466,17.76175444299359
5272.200000000001,3.8645451008055507,0.0021822348780466,17.76175101075338
5274.200000000001,3.86491647715978,0.0021822348780466,17.761746974299687
5276.200000000001,3.865280952946955,0.0021822348780466,17.761742768689967
5278.200000000001,3.86510561861408,0.0021822348780466,17.76173911857456
5280.200000000001,3.86529476006838,0.0021822348780466,17.761735266532536
5282.200000000001,3.8654980351902886,0.0021822348780466,17.761731702570444
5284.200000000001,3.86567304297698,0.0021026028078612825,17.761728571189515
5286.200000000001,3.865855279404751,7.96673039255842e-05,17.76172532976113
5288.200000000001,3.86586218443128,0.0021822348780466,17.76172292045
5290.200000000001,3.8662335591411403,0.0021025309744806668,17.761718619638295
5292.200000000001,3.865869091277936,0.0021025465742535335,17.76171480924436
5294.200000000001,3.8664227065218246,0.0021822348780466,17.761711414317865
5296.200000000001,3.8666117549757684,0.0021822348780466,17.76170746791534
5298.200000000001,3.86661875024848,0.0021822348780466,17.761703253753925
5300.200000000001,3.86680789170278,0.0021822348780466,17.761699765850135
5302.200000000001,3.86699703315708,0.0021822348780466,17.761695797450542
5304.200000000001,3.8671792695269342,0.0021822348780466,17.76169161553958
5306.200000000001,3.8671999849017737,0.0021822348780466,17.76168801760277
5308.200000000001,3.867382231044126,0.0021822348780466,17.76168346026412
5310.200000000001,3.86775359897428,0.0021822348780466,17.761679022358866
5312.200000000001,3.8677466038801183,0.0021822348780466,17.76167488912846
5314.200000000001,3.8677605025317106,7.965035408655187e-05,17.761671544590396
5316.200000000001,3.8679565506057805,0.002102566857965655,17.761669534408494
5318.200000000001,3.86794274042858,7.987952905932601e-05,17.76166624219149
5320.200000000001,3.86813188188288,7.967001719314188e-05,17.761663153326243
5322.200000000001,3.8683141168400774,0.0021822348780466,17.761659278166608
5324.200000000001,3.86851016479148,0.0,17.76165575823668
5326.200000000001,3.86851016479148,8.010914272048612e-05,17.761652742094796
5328.200000000001,3.868517086274116,0.0021023777104456787,17.761649532206626
5330.200000000001,3.86869930624578,0.0021822348780466,17.761645611369236
5332.200000000001,3.86907758915438,0.002102513980283128,17.761642795020894
5334.200000000001,3.869063781918465,0.0021822348780466,17.761638641282467
5336.200000000001,3.86926673060867,0.0,17.761634984223765
5338.200000000001,3.86907758915438,0.0021822348780466,17.76163163446235
5340.200000000001,3.869273908790812,0.0021822348780466,17.76162801942743
5342.200000000001,3.869638108372294,0.0021822348780466,17.761624226465017
5344.200000000001,3.8696381099554653,0.0,17.761620255764075
5346.200000000001,3.86964501351727,0.0021822348780466,17.761616839125438
5348.200000000001,3.8694697153343056,0.0021822348780466,17.761613802233946
5350.200000000001,3.8700163882828713,0.002102531617594284,17.76161086526915
5352.200000000001,3.870205524041877,0.0021822348780466,17.761608073806133
5354.200000000001,3.8700304166103723,0.0021822348780466,17.761605073059258
5356.200000000001,3.870030199985261,0.0,17.76160231264828
5358.200000000001,3.870030199930219,7.964974165523787e-05,17.7615995750483
5360.200000000001,3.8702193430251466,0.0021822348780466,17.7615964773996
5362.200000000001,3.8704084814253905,7.963343410954905e-05,17.761593564966216
5364.200000000001,3.87040848300814,0.00210258318283486,17.7615915294714
5366.200000000001,3.8705976289288984,0.0,17.76159002861
5368.200000000001,3.8709620985537225,0.0,17.761587563251776
5370.200000000001,3.87077986224307,0.0021025251707797875,17.761585047597876
5372.200000000001,3.8705977585935343,0.0021822348780466,17.76158180803143
5374.200000000001,3.870975907314667,0.0021822348780466,17.761577431289624
5376.200000000001,3.8711650502361077,0.0,17.7615741169445
5378.200000000001,3.871333450456588,7.981784815769494e-05,17.761571345012527
5380.200000000001,3.8713403798778008,0.0021822348780466,17.761568155885907
5382.200000000001,3.8713541916926175,0.0021822348780466,17.761565055991362
5384.200000000001,3.8715433333333085,0.0021822348780466,17.761561765953125
5386.200000000001,3.8717117011894624,0.0021822348780466,17.761558830564674
5388.200000000001,3.87153642806027,0.0,17.761556100409887
5390.200000000001,3.8715433423677563,0.0,17.7615542112043
5392.200000000001,3.8713610906671807,0.0021026021398311587,17.76155130475942
5394.200000000001,3.8717186660100005,0.0,17.7615476486962
5396.200000000001,3.8719008977372664,0.0021025492377537507,17.761545270588456
5398.200000000001,3.871921622189209,7.973876551515451e-05,17.761541559989777
5400.200000000001,3.87210385242317,0.0021822348780466,17.76153782495499
5402.200000000001,3.872096945747244,0.0021822348780466,17.76153364939946
5404.200000000001,3.87229299387747,0.0021822348780466,17.761529884501222
5406.200000000001,3.87210385242317,7.965038433072015e-05,17.76152631183158
5408.200000000001,3.8371641646584136,0.99946357414538,17.7601269818698
5410.200000000001,3.8347741561244137,0.99946357414538,17.757996744266894
5412.200000000001,3.8330718864937388,1.000257663671178,17.755867482634116
5414.200000000001,3.8317478976118386,1.0002576486930927,17.75373881985464
5416.200000000001,3.830355079510066,0.99946357414538,17.75161027861962
5418.200000000001,3.82916874229714,0.99946357414538,17.749483277372246
5420.200000000001,3.8281027057836234,0.99946357414538,17.74735683054003
5422.200000000001,3.82708818629985,0.99946357414538,17.745231562171824
5424.200000000001,3.8258845093571034,0.99946357414538,17.743106347896305
5426.200000000001,3.825127942961192,1.00164580902343,17.740981619693347
5428.200000000001,3.788912197846204,2.00110938316881,17.737195171913026
5430.200000000001,3.78585534926251,2.00110938316881,17.732984859145496
5432.200000000001,3.78320736890232,2.00110938316881,17.728777600572748
5434.200000000001,3.781096434087874,2.00110938316881,17.724572893833475
5436.200000000001,3.77923539836202,2.00110938316881,17.720370453798783
5438.200000000001,3.7773745710236817,2.00110938316881,17.71617002708321
5440.200000000001,3.775672300591813,2.00110938316881,17.711971454732407
5442.200000000001,3.77412857909593,2.00110938316881,17.70777479317071
5444.200000000001,3.77261544746154,2.00110938316881,17.703579772481483
5446.200000000001,3.771322004098371,2.00110938316881,17.69938638751844
5448.200000000001,3.76996746710134,2.00110938316881,17.69519444806604
5450.200000000001,3.768960585928936,2.00110938316881,17.691003936701645
5452.200000000001,3.767667182445969,2.00110938316881,17.68681479927844
5454.200000000001,3.7665018337293374,2.00110938316881,17.682626872874152
5456.200000000001,3.765397506447046,2.00110938316881,17.67844026132333
5458.200000000001,3.7645797550440823,2.00110938316881,17.67425478631597
5460.200000000001,3.7634754864170357,2.00110938316881,17.67007053482109
5462.200000000001,3.76240180892935,2.00110938316881,17.66588728463499
5464.200000000001,3.7612973267704977,2.00110938316881,17.661705061933066
5466.200000000001,3.8549908402673525,-0.748506563170012,17.661379659065812
5468.200000000001,3.859291667473597,-0.748506563170012,17.662985095466755
5470.200000000001,3.862597349614803,-0.748506563170012,17.664592217826275
5472.200000000001,3.86510561861408,-0.750688798048058,17.666201030707455
5474.200000000001,3.8672356047038634,-0.748506563170012,17.66781222287426
5476.200000000001,3.86945587206298,-0.748506563170012,17.669421575761877
5478.200000000001,3.7636403744765707,2.4974622941195634,17.66939622836705
5480.200000000001,3.7558077840643387,2.5008411702415,17.664173787758237
5482.200000000001,3.7520519241485624,2.5008411702415,17.65895842817841
5484.200000000001,3.74954019003697,2.5008411702415,17.65374748141365
5486.200000000001,3.746918182198161,2.5008411702415,17.648540168435066
5488.200000000001,3.745026895635716,2.5008411702415,17.64333582204923
5490.200000000001,3.852791246447235,-0.748506563170012,17.64120403195636
5492.200000000001,3.8582898096946536,-0.750688798048058,17.642810815810527
5494.200000000001,3.810115262365722,0.752871032926105,17.642802750601753
5496.200000000001,3.8094482229262527,0.752871032926105,17.64120929476476
5498.200000000001,3.80911974814137,0.752871032926105,17.63961600928754
5500.200000000001,3.8089803646820086,0.752871032926105,17.638022867369894
5502.200000000001,3.809169554260179,0.752871032926105,17.636429720889552
5504.200000000001,3.8088808004816337,0.752871032926105,17.63483665060719
5506.200000000001,3.808880801736097,0.752871032926105,17.633243527139854
5508.200000000001,3.8086919595315987,0.752871032926105,17.631650441002094
5510.200000000001,3.808651935183674,0.752871032926105,17.63005736785516
5512.200000000001,3.808791272852039,0.752871032926105,17.62846460410786
5514.200000000001,3.8086021314844243,0.752871032926105,17.626871593961393
5516.200000000001,3.833839774713215,-0.03062803457516438,17.62551222168678
5518.200000000001,3.8355353954410303,0.0021822348780466,17.62551237776873
5520.200000000001,3.86283592116249,-0.748506563170012,17.626984585716613
5522.200000000001,3.772769872423302,1.99892714829076,17.626280174102654
5524.200000000001,3.7674970482748584,2.00110938316881,17.62208979017823
5526.200000000001,3.765227349233019,2.00110938316881,17.61790339800099
5528.200000000001,3.7633359346928947,2.00110938316881,17.613718881960565
5530.200000000001,3.7612785414236165,2.00110938316881,17.609536313589416
5532.200000000001,3.76013211147776,2.00110938316881,17.60535542002076
5534.200000000001,3.758796538496681,2.00110938316881,17.60117649007175
5536.200000000001,3.7575073030596053,2.00110938316881,17.59699858306357
5538.200000000001,3.75653842384606,2.00110938316881,17.59282160597346
5540.200000000001,3.75578185802886,2.00110938316881,17.58864568720348
5542.200000000001,3.75502529221166,2.00110938316881,17.5844716767231
5544.200000000001,3.75406800472485,2.00110938316881,17.580297797153914
5546.200000000001,3.753122294865907,2.00110938316881,17.576124897102503
5548.200000000001,3.75237731185147,2.00110938316881,17.571952924020163
5550.200000000001,3.7516091648170926,2.00110938316881,17.567781695167156
5552.200000000001,3.750875755319852,2.00110938316881,17.56361142809632
5554.200000000001,3.7502851714633993,2.00110938316881,17.559441909217036
5556.200000000001,3.7662299415478055,1.49919536121807,17.555799141752455
5558.200000000001,3.766139332072077,1.49919536121807,17.552661203591477
5560.200000000001,3.7662831651674495,1.49919536121807,17.549523393582305
5562.200000000001,3.765851661434347,1.50137759609612,17.54638535136118
5564.200000000001,3.7657078238876784,1.49919536121807,17.543247139967644
5566.200000000001,3.76561721365245,1.4997181005031948,17.540108199908097
5568.200000000001,3.765382765874957,1.49919536121807,17.536971186791362
5570.200000000001,3.76504978928955,1.49919536121807,17.533834465093026
5572.200000000001,3.76433852979635,1.4997180866078847,17.530697988628337
5574.200000000001,3.764437056568257,1.49919536121807,17.527560521233603
5576.200000000001,3.76429322347235,1.49919536121807,17.524424052086328
5578.200000000001,3.76372579910945,1.49919536121807,17.5212877575523
5580.200000000001,3.76353665765515,1.49919536121807,17.518152388317517
5582.200000000001,3.76334751620085,1.5008548984869767,17.515017128105896
5584.200000000001,3.779908798111232,1.000686273764993,17.51240207604474
5586.200000000001,3.78037024708782,1.0006862211343455,17.51030226631054
5588.200000000001,3.780642560636375,1.00164580902343,17.50820086924442
5590.200000000001,3.781043643162125,1.00164580902343,17.506099197075187
5592.200000000001,3.78074852999642,1.0006862474286107,17.50399778610076
5594.200000000001,3.780854501326069,0.99946357414538,17.501896206314015
5596.200000000001,3.781209982838376,0.99946357414538,17.499795393983725
5598.200000000001,3.781255584285471,1.00164580902343,17.497694155319984
5600.200000000001,3.781232785818933,0.99946357414538,17.495592300205697
5602.200000000001,3.7812931488381847,1.0004231313090075,17.49349139590891
5604.200000000001,3.78112681290502,1.00164580902343,17.4913891484482
5606.200000000001,3.78112681290502,1.00164580902343,17.48928667771288
5608.200000000001,3.7812099814439892,1.00164580902343,17.487185507996976
5610.200000000001,3.78093767145072,1.0004231518043007,17.485083987182225
5612.200000000001,3.7810435737396726,0.99946357414538,17.482983177955983
5614.200000000001,3.7810436403058065,0.99946357414538,17.480882496501803
5616.200000000001,3.7809604758299713,0.99946357414538,17.4787821388234
5618.200000000001,3.7805365894942873,1.0004231686521334,17.476681677787802
5620.200000000001,3.8412721798881253,-0.750688798048058,17.477500113577435
5622.200000000001,3.8439837268135406,-0.750688798048058,17.479102678037265
5624.200000000001,3.84619147318411,-0.750688798048058,17.480704385871114
5626.200000000001,3.84808288772711,-0.748506563170012,17.482306464495377
5628.200000000001,3.8496579863174403,-0.748506563170012,17.483907600583514
5630.200000000001,3.8512982924502,-0.750688798048058,17.485509606209106
5632.200000000001,3.852558624394817,-0.748506563170012,17.487113225376483
5634.200000000001,3.854007919216453,-0.748506563170012,17.488716620213953
5636.200000000001,3.8552702629905,-0.750688798048058,17.490321769895566
5638.200000000001,3.8330421586663226,-0.03368676268562353,17.49176826713265
5640.200000000001,3.83143843974874,0.0005685383379619429,17.491769784703575
5642.200000000001,3.8312985745489803,0.0021822348780466,17.491765470136425
5644.200000000001,3.8053722485280974,0.752871032926105,17.49067150295054
5646.200000000001,3.804402986685224,0.752871032926105,17.489080004938167
5648.200000000001,3.80363464596668,0.752871032926105,17.487488890488706
5650.200000000001,3.80324458052609,0.752871032926105,17.485898120241966
5652.200000000001,3.8026654347825373,0.752871032926105,17.484307577030958
5654.200000000001,3.8019205949995087,0.752871032926105,17.482717245681567
5656.200000000001,3.80155408996939,0.752871032926105,17.481127104610817
5658.200000000001,3.8013531706359345,0.752871032926105,17.479537134048954
5660.200000000001,3.800620160573963,0.752871032926105,17.477947315580632
5662.200000000001,3.8005966131122135,0.752871032926105,17.476357629356066
5664.200000000001,3.8000291818469467,0.752871032926105,17.474768090757422
5666.200000000001,3.80004095833499,0.752871032926105,17.473178689909155
5668.200000000001,3.799650897449985,0.752871032926105,17.471589385487647
5670.200000000001,3.79928439251779,0.752871032926105,17.47000025032396
5672.200000000001,3.7581796616299306,1.9930498256739841,17.467833586345613
5674.200000000001,3.7543327459630302,2.00110938316881,17.46365859429986
5676.200000000001,3.75218817039717,2.00110938316881,17.45948592015105
5678.200000000001,3.750549860246593,2.00110938316881,17.4553154421672
5680.200000000001,3.7488475861108594,2.00110938316881,17.451146800347374
5682.200000000001,3.7475237026847976,2.00110938316881,17.44697980903466
5684.200000000001,3.7461997534758518,2.00110938316881,17.44281417131358
5686.200000000001,3.74500079513378,2.00110938316881,17.43864995336576
5688.200000000001,3.74424422931658,2.00110938316881,17.434487037552223
5690.200000000001,3.7428561091756216,2.00110938316881,17.43032625573313
5692.200000000001,3.74191345796842,2.00110938316881,17.42616572111769
5694.200000000001,3.7409037289046103,2.00110938316881,17.422006401414055
5696.200000000001,3.7570084362001865,1.49919536121807,17.418498462325278
5698.200000000001,3.7570752335459634,1.5010243769373761,17.415367123794166
5700.200000000001,3.75688609183242,1.49919536121807,17.412237182784118
5702.200000000001,3.75634928239176,1.4995485898000678,17.409106919449354
5704.200000000001,3.7560015596578538,1.50137759609612,17.405976905265792
5706.200000000001,3.755623333081298,1.5010243556650622,17.40284619749102
5708.200000000001,3.829577268615914,-0.748506563170012,17.40095622631132
5710.200000000001,3.83427556156323,-0.750688798048058,17.402549919399153
5712.200000000001,3.8370824364758636,-0.750688798048058,17.404149646634405
5714.200000000001,3.8396017715956297,-0.750688798048058,17.405750408992976
5716.200000000001,3.840956000430706,-0.750688798048058,17.407352038599743
5718.200000000001,3.84297606846102,-0.748506563170012,17.4089535972116
5720.200000000001,3.7941775732517,0.752871032926105,17.409182824473618
5722.200000000001,3.792520044581011,0.752871032926105,17.407596238505562
5724.200000000001,3.791863136969389,0.752871032926105,17.406010094019557
5726.200000000001,3.791429940281987,0.752871032926105,17.404424150188664
5728.200000000001,3.7910069124866994,0.752871032926105,17.402838425885815
5730.200000000001,3.79077302707431,0.752871032926105,17.401252827439592
5732.200000000001,3.7905387276809037,0.752871032926105,17.399667358321715
5734.200000000001,3.79020560271141,0.752871032926105,17.39808199881921
5736.200000000001,3.79020560271141,0.752871032926105,17.39649673336288
5738.200000000001,3.78982731980281,0.752871032926105,17.394911534479938
5740.200000000001,3.78944903689421,0.752871032926105,17.39332645826204
5742.200000000001,3.78944903689421,0.752871032926105,17.39174143875499
5744.200000000001,3.78944903689421,0.752871032926105,17.390156485669312
5746.200000000001,3.8387546324300907,-0.748506563170012,17.389476487930004
5748.200000000001,3.842136227435923,-0.750688798048058,17.39107737669206
5750.200000000001,3.7324946219226587,2.5008411702415,17.387419305757668
5752.200000000001,3.7282503608640774,2.5008411702415,17.382236890989176
5754.200000000001,3.72551922534091,2.5008411702415,17.377059009047407
5756.200000000001,3.72306038643502,2.5008411702415,17.371884339864344
5758.200000000001,3.7212521229951494,2.5008411702415,17.366712736113854
5760.200000000001,3.71954985218664,2.5008411702415,17.36154372587601
5762.200000000001,3.7184150226878288,2.5008411702415,17.356376653588576
5764.200000000001,3.71681871844313,2.5008411702415,17.351211593342647
5766.200000000001,3.71549472826303,2.5008411702415,17.34604832406749
5768.200000000001,3.7146321729852114,2.5008411702415,17.34088670056227
5770.200000000001,3.713520164198963,2.5008411702415,17.3357266405022
5772.200000000001,3.712491300684701,2.5008411702415,17.330568075942384
5774.200000000001,3.8206412774115353,-0.750688798048058,17.32879107182273
5776.200000000001,3.82557505466545,-0.750688798048058,17.330385645882036
5778.200000000001,3.8286094014733316,-0.7485998276582686,17.331981545230917
5780.200000000001,3.831233267382439,-0.748506563170012,17.33357409229146
5782.200000000001,3.782859420076582,0.752871032926105,17.333867662796674
5784.200000000001,3.78169423726792,0.752871032926105,17.332285694274272
5786.200000000001,3.78131595435932,0.752871032926105,17.33070403383374
5788.200000000001,3.781285619256254,0.752871032926105,17.329122508755262
5790.200000000001,3.78074852999642,0.752871032926105,17.327541041000465
5792.200000000001,3.78093767145072,0.752871032926105,17.32595962508852
5794.200000000001,3.7810964772343643,0.752871032926105,17.32437822584478
5796.200000000001,3.7810964783093057,0.752871032926105,17.32279686837157
5798.200000000001,3.780778863826803,0.752871032926105,17.321215479928817
5800.200000000001,3.7805290509720253,0.752871032926105,17.31963416624969
5802.200000000001,3.78074852999642,0.752871032926105,17.318052848524104
5804.200000000001,3.780620063174801,0.752871032926105,17.316471562998604
5806.200000000001,3.78055938854212,0.752871032926105,17.314890290518388
5808.200000000001,3.780400578766984,0.752871032926105,17.31330904767633
5810.200000000001,3.78018110563352,0.752871032926105,17.311727854645376
5812.200000000001,3.7800526328564708,0.752871032926105,17.31014674163936
5814.200000000001,3.8058776091543507,0.0021822348780466,17.309682577356305
5816.200000000001,3.807174853283433,0.0021822348780466,17.309678310815183
5818.200000000001,3.80798489941558,0.0021822348780466,17.30967430623924
5820.200000000001,3.8346086419406142,-0.748506563170012,17.311188279261344
5822.200000000001,3.72827338365271,2.5008411702415,17.310316476572204
5824.200000000001,3.72324952788932,2.5008411702415,17.30514049037044
5826.200000000001,3.719966099208692,2.5008411702415,17.29996991658101
5828.200000000001,3.7176963975710957,2.5008411702415,17.29480326747792
5830.200000000001,3.7156158474132948,2.5008411702415,17.289639653765548
5832.200000000001,3.7139135689298364,2.5008411702415,17.284478837307528
5834.200000000001,3.711969064715643,2.5008411702415,17.27932029583451
5836.200000000001,3.7105090253539004,2.5008411702415,17.274163856616344
5838.200000000001,3.70925306027114,2.5008411702415,17.26900925658454
5840.200000000001,3.759625386983059,0.99946357414538,17.266281913370907
5842.200000000001,3.76069953584066,0.99946357414538,17.264193035072893
5844.200000000001,3.761327656900429,1.0002045450514803,17.262102813419176
5846.200000000001,3.761327655884941,0.99946357414538,17.26001239092414
5848.200000000001,3.76164524311215,1.0002045087753109,17.25792141433124
5850.200000000001,3.761773684755474,1.0002045270869035,17.255830000164586
5852.200000000001,3.76202352602075,1.000904446362311,17.25373822866273
5854.200000000001,3.76183438456645,1.0009048747083762,17.251646806216716
5856.200000000001,3.7619593057399245,1.00164580902343,17.249554233020675
5858.200000000001,3.761959303675243,1.0002045446683965,17.247462709379132
5860.200000000001,3.762084222723503,0.99946357414538,17.245370584759307
5862.200000000001,3.76183438456645,0.99946357414538,17.243279618776814
5864.200000000001,3.76183438456645,0.99946357414538,17.24118845834644
5866.200000000001,3.7617094601941887,0.99946357414538,17.239098455396597
5868.200000000001,3.761770161653534,1.0009048319538902,17.2370081980875
5870.200000000001,3.761770159050362,0.99946357414538,17.234918821226866
5872.200000000001,3.72741063988391,2.00110938316881,17.23135959825629
5874.200000000001,3.72570836679521,2.00110938316881,17.227216667189342
5876.200000000001,3.72438437661512,2.00110938316881,17.223075401549444
5878.200000000001,3.72343866934362,2.00110938316881,17.218935305819773
5880.200000000001,3.72249296207212,2.00110938316881,17.214796225187357
5882.200000000001,3.721715159061868,2.00110938316881,17.21065817595892
5884.200000000001,3.8111136263971757,-0.7646928669415929,17.20756906958992
5886.200000000001,3.816480501335376,-0.750688798048058,17.209159730102325
5888.200000000001,3.81971166958216,-0.750688798048058,17.210752075180846
5890.200000000001,3.82179222557945,-0.7495067258893261,17.212343693662564
5892.200000000001,3.8238570148893287,-0.750688798048058,17.213937922858566
5894.200000000001,3.8252992256983265,-0.748506563170012,17.2155324890986
5896.200000000001,3.826694136969643,-0.748506563170012,17.21712355694201
5898.200000000001,3.7199631870196437,2.5008411702415,17.21587896450284
5900.200000000001,3.71473816244583,2.5008411702415,17.210714564735675
5902.200000000001,3.71171189917704,2.5008411702415,17.20555563470327
5904.200000000001,3.709079680357175,2.5008411702415,17.20040053102632
5906.200000000001,3.707085816759035,2.5008411702415,17.195248625839238
5908.200000000001,3.70528108973085,2.5008411702415,17.190099443935175
5910.200000000001,3.70357881664215,2.5008411702415,17.184952612606626
5912.200000000001,3.70244396791635,2.5008411702415,17.17980774269954
5914.200000000001,3.7012224341200457,2.5008411702415,17.17466462013761
5916.200000000001,3.7000875830835227,2.5008411702415,17.169523057593633
5918.200000000001,3.69903942173896,2.5008411702415,17.16438309706297
5920.200000000001,3.6980070240478016,2.5008411702415,17.15924463855984
5922.200000000001,3.697234693719095,2.5008411702415,17.154107484920445
5924.200000000001,3.69620229992446,2.5008411702415,17.148971659548994
5926.200000000001,3.6953432793055403,2.5008411702415,17.143837060905835
5928.200000000001,3.6943266518043982,2.5008411702415,17.138703684452448
5930.200000000001,3.69355431956427,2.5008411702415,17.133571489850016
5932.200000000001,3.6927110643834085,2.5008411702415,17.12844035764498
5934.200000000001,3.6921436399568766,2.5008411702415,17.123310197676005
5936.200000000001,3.8016898127139527,-0.748506563170012,17.122850012819736
5938.200000000001,3.8058776299798818,-0.748506563170012,17.124432748871325
5940.200000000001,3.808957333957307,-0.750688798048058,17.12601769902094
5942.200000000001,3.8115251569989512,-0.750688798048058,17.127606785516026
5944.200000000001,3.8134432874842896,-0.748506563170012,17.129193867676033
5946.200000000001,3.8151455598797264,-0.750688798048058,17.13078221661276
5948.200000000001,3.708882089906996,2.5008411702415,17.129375919323525
5950.200000000001,3.7037752721625448,2.5008411702415,17.124226945849237
5952.200000000001,3.7013164302705257,2.5008411702415,17.119082853095367
5954.200000000001,3.6988648993999913,2.5008411702415,17.1139422134813
5956.200000000001,3.69714800719596,2.5008411702415,17.108804406655914
5958.200000000001,3.695271214571582,2.5008411702415,17.103668963677432
5960.200000000001,3.69431088538147,2.5008411702415,17.09853561900317
5962.200000000001,3.692630545168721,2.5008411702415,17.093404043036973
5964.200000000001,3.691844735330121,2.5008411702415,17.08827404640995
5966.200000000001,3.69090633920407,2.5008411702415,17.083145558587695
5968.200000000001,3.6897788061308177,2.5008411702415,17.07801854576149
5970.200000000001,3.68882578320677,2.5008411702415,17.072892872854037
5972.200000000001,3.68806921738958,2.5008411702415,17.067768292790017
5974.200000000001,3.6873199656406768,2.5008411702415,17.062644761977467
5976.200000000001,3.686737914050586,2.5008411702415,17.057522411893654
5978.200000000001,3.685428545002741,2.5008411702415,17.052401140565173
5980.200000000001,3.702243657486475,2.00110938316881,17.04826442984533
5982.200000000001,3.7022436589819394,2.00110938316881,17.044148760298473
5984.200000000001,3.701698559325698,2.00110938316881,17.040033200473083
5986.200000000001,3.7016650518486616,2.00110938316881,17.035919854407247
5988.200000000001,3.701297947140684,2.00110938316881,17.03180504326684
5990.200000000001,3.70093083628195,2.00110938316881,17.027690498061794
5992.200000000001,3.700374577817599,2.00110938316881,17.023576328709947
5994.200000000001,3.700352243037436,2.00110938316881,17.019462516165717
5996.200000000001,3.69998512901046,2.00110938316881,17.015349154019642
5998.200000000001,3.6995733974761413,2.00110938316881,17.011236134848424
6000.200000000001,3.69922856319326,2.00110938316881,17.007123551618786
6002.200000000001,3.6990282497834728,2.00110938316881,17.00301135429013
6004.200000000001,3.698294023683362,2.00110938316881,16.998899563720837
6006.200000000001,3.6979157466496466,2.00110938316881,16.994788151872925
6008.200000000001,3.69771543155886,2.00110938316881,16.99067707829544
6010.200000000001,3.697348316409466,2.00110938316881,16.98656650485873
6012.200000000001,3.6967808756994733,2.00110938316881,16.98245630687011
6014.200000000001,3.69658058283306,2.00110938316881,16.978346514059076
6016.200000000001,3.695835186085116,2.00110938316881,16.974237825579213
6018.200000000001,3.69582401701586,2.00110938316881,16.97012893060019
6020.200000000001,3.78982731980281,-0.748506563170012,16.971486214887694
6022.200000000001,3.7938604134032445,-0.748506563170012,16.973063036903554
6024.200000000001,3.7966364121576,-0.748506563170012,16.97464117053894
6026.200000000001,3.79871696815489,-0.750688798048058,16.976220679477166
6028.200000000001,3.8006389426956417,-0.750688798048058,16.97780536949931
6030.200000000001,3.80249979724089,-0.748506563170012,16.979386940348437
6032.200000000001,3.80420207032958,-0.748506563170012,16.980968468094694
6034.200000000001,3.80552606050968,-0.750688798048058,16.98255504432188
6036.200000000001,3.8065023298232967,-0.750688798048058,16.984142400264567
6038.200000000001,3.80798489941558,-0.750688798048058,16.9857303027506
6040.200000000001,3.7842931755702054,0.0021822348780466,16.986607756850123
6042.200000000001,3.7841110631803887,0.0021822348780466,16.98660442520209
6044.200000000001,3.7840129756028174,0.0021822348780466,16.98660086271467
6046.200000000001,3.7844823150290527,0.0021822348780466,16.98659632712365
6048.200000000001,3.784622423341395,0.0021822348780466,16.98659211987311
6050.200000000001,3.78490964199102,0.0021822348780466,16.986587978781667
6052.200000000001,3.78528792489961,0.0016164115367596668,16.9865841056319
6054.200000000001,3.78547706635391,0.0021822348780466,16.986581223753323
6056.200000000001,3.78547706635391,0.0021822348780466,16.986576634289147
6058.200000000001,3.785995450598133,0.0021822348780466,16.986572044524518
6060.200000000001,3.7864718152706676,0.0021822348780466,16.98656774803239
6062.200000000001,3.786710000842394,0.0021822348780466,16.986564139907692
6064.200000000001,3.7866609567879546,0.0016164121893804911,16.986559688407095
6066.200000000001,3.7869411542852833,0.0021822348780466,16.98655525194704
6068.200000000001,3.78722837880098,0.0021822348780466,16.986551039456963
6070.200000000001,3.78736848089691,0.0021822348780466,16.98654714801318
6072.200000000001,3.78769771775253,0.0021822348780466,16.986542585318105
6074.200000000001,3.78793590525981,0.0021822348780466,16.986539518323927
6076.200000000001,3.7880760057725147,0.0021822348780466,16.986535428691717
6078.200000000001,3.788174090766817,0.0021822348780466,16.986531097870618
6080.200000000001,3.788223130831375,0.0021822348780466,16.98652650502795
6082.200000000001,3.78869247107701,0.0021822348780466,16.986522210561514
6084.200000000001,3.7888325684741995,0.0021822348780466,16.9865178000097
6086.200000000001,3.7890217138632547,0.0021822348780466,16.986514472974484
6088.200000000001,3.78916181049686,0.0021822348780466,16.986510483333863
6090.200000000001,3.789399993250666,0.0021822348780466,16.98650588955014
6092.200000000001,3.7893999971838457,0.0,16.9865027862045
6094.200000000001,3.78963817834851,0.0005658131631487223,16.98649998180963
6096.200000000001,3.78963817834851,0.0021822348780466,16.98649587678382
6098.200000000001,3.78982731980281,0.0021822348780466,16.986492297609605
6100.200000000001,3.7899674199637805,0.0021822348780466,16.98648832311912
6102.200000000001,3.790065504491498,0.0021822348780466,16.986484860885678
6104.200000000001,3.79020560271141,0.0021822348780466,16.98648166054427
6106.200000000001,3.790303689994552,0.0021822348780466,16.986478657561438
6108.200000000001,3.7903034047393183,0.0021822348780466,16.986474388540497
6110.200000000001,3.790443787396527,0.0021822348780466,16.986470662542594
6112.200000000001,3.7909131260004956,0.0021822348780466,16.98646613135325
6114.200000000001,3.79058388562001,0.001616418321826062,16.986462235777505
6116.200000000001,3.7908640780756446,0.0016163715974230938,16.98645838478
6118.200000000001,3.7911022675160013,0.0021822348780466,16.98645428817096
6120.200000000001,3.7911513099829,0.0021822348780466,16.98644994937775
6122.200000000001,3.7911513099829,0.0021822348780466,16.986445647467626
6124.200000000001,3.791389492733604,0.0005658179370183525,16.986442244428485
6126.200000000001,3.7912493996201526,0.0021822348780466,16.986438102403625
6128.200000000001,3.7913404514372,0.0021822348780466,16.986434094073967
6130.200000000001,3.7913404514372,0.0021822348780466,16.986430240073172
6132.200000000001,3.7917187343458,0.0021822348780466,16.986425857111296
6134.200000000001,3.7917187343458,0.0016164352654891734,16.986421613276217
6136.200000000001,3.7918097987265975,0.0021822348780466,16.98641793417587
6138.200000000001,3.79195691627294,0.0021822348780466,16.986413727790847
6140.200000000001,3.7920970172544,0.0021822348780466,16.986409424756868
6142.200000000001,3.7920970172544,0.0021822348780466,16.986404891826265
6144.200000000001,3.7920479763724813,0.0021822348780466,16.986400726774043
6146.200000000001,3.7922441434217355,0.0021822348780466,16.9863980211319
6148.200000000001,3.7922371154166536,0.0021822348780466,16.986393903561776
6150.200000000001,3.7922861587087,0.0021822348780466,16.98638964431299
6152.200000000001,3.792475300163,0.0021822348780466,16.986385804305904
6154.200000000001,3.7925243406338094,0.0021822348780466,16.986381342814344
6156.200000000001,3.792475300163,0.0021822348780466,16.986376813457948
6158.200000000001,3.7926644416173,0.0021822348780466,16.9863722274453
6160.200000000001,3.79271348450002,0.0021822348780466,16.98636762946695
6162.200000000001,3.7927554989574177,0.0021822348780466,16.986363031259604
6164.200000000001,3.7929026227821847,0.0021822348780466,16.98635843304622
6166.200000000001,3.792713486431694,0.0021822348780466,16.986353931192863
6168.200000000001,3.7928535830716,0.0021822348780466,16.986349530627482
6170.200000000001,3.7930917654093603,0.0021822348780466,16.986345440363486
6172.200000000001,3.793182821515241,0.0021822348780466,16.986341377407175
6174.200000000001,3.7932318659802,0.0021822348780466,16.986336960517622
6176.200000000001,3.7932318659802,0.0021822348780466,16.98633250662443
6178.200000000001,3.7932318659802,0.0021822348780466,16.98632790788607
6180.200000000001,3.7932809092123865,0.0021822348780466,16.986323309100097
6182.200000000001,3.7932318659802,0.0021822348780466,16.986318710254803
6184.200000000001,3.7934210074345,0.0021822348780466,16.986314111313327
6186.200000000001,3.793659192941507,0.0021822348780466,16.986309972172702
6188.200000000001,3.7937992903431,0.0021822348780466,16.986305373063498
6190.200000000001,3.7937992903431,0.0021822348780466,16.98630083816315
6192.200000000001,3.793848333634755,0.0021822348780466,16.986296420647413
6194.200000000001,3.7937082298318545,0.0021822348780466,16.98629196622994
6196.200000000001,3.793519084503599,0.0021822348780466,16.986287633753808
6198.200000000001,3.7939884317974,0.0021822348780466,16.986283179119805
6200.200000000001,3.7939393893302706,0.0005658314443647032,16.98627876134013
6202.200000000001,3.7940374726800368,0.0021822348780466,16.986274166004094
6204.200000000001,3.7939884317974,0.0021822348780466,16.986269845148218
6206.200000000001,3.7939884317974,0.0021822348780466,16.98626524554007
6208.200000000001,3.7940374726794417,0.0,16.98626117265215
6210.200000000001,3.794366714706,0.0021822348780466,16.98625754803231
6212.200000000001,3.794366714706,0.0021822348780466,16.986253210353713
6214.200000000001,3.7942266104952305,0.0021822348780466,16.986248743818173
6216.200000000001,3.794366714706,0.0021822348780466,16.98624414383859
6218.200000000001,3.7941775732517,0.0021822348780466,16.9862395848728
6220.200000000001,3.7942756541942972,0.0021822348780466,16.98623528634838
6222.200000000001,3.794366714706,0.0021822348780466,16.98623098528226
6224.200000000001,3.794415754766628,0.0021822348780466,16.986226893349073
6226.200000000001,3.7945558561603,0.0021822348780466,16.98622237359636
6228.200000000001,3.7944155615813884,0.0021822348780466,16.98621777741234
6230.200000000001,3.7946959567335043,0.0021822348780466,16.986213488026525
6232.200000000001,3.794275656663671,0.0021822348780466,16.9862091820471
6234.200000000001,3.7947449976146,0.0021822348780466,16.9862048759153
6236.200000000001,3.7437219643372317,1.49919536121807,16.98408163659223
6238.200000000001,3.74140710750209,1.499716316220826,16.98096415119429
6240.200000000001,3.739371703695411,1.49919536121807,16.977848541069275
6242.200000000001,3.7379574071711072,1.5008566263848444,16.9747338549642
6244.200000000001,3.7361563013887134,1.49919536121807,16.971619542970465
6246.200000000001,3.734885988091883,1.49919536121807,16.968507144507033
6248.200000000001,3.733697462030123,1.49919536121807,16.965395985192792
6250.200000000001,3.732805436159261,1.50137759609612,16.962285900179065
6252.200000000001,3.7312837772772243,1.5008566263839285,16.959176406486158
6254.200000000001,3.7307700306969025,1.4997163448993376,16.956068244417303
6256.200000000001,3.72968033733551,1.49919536121807,16.952960746587287
6258.200000000001,3.72854548860971,1.49919536121807,16.94985435659069
6260.200000000001,3.727879220690519,1.49919536121807,16.94674797563106
6262.200000000001,3.72741063988391,1.49919536121807,16.94364297275306
6264.200000000001,3.726176958777429,1.50137759609612,16.940537799136866
6266.200000000001,3.72533008388661,1.50137759609612,16.937431683393747
6268.200000000001,3.72495180097801,1.50137759609612,16.934327834549983
6270.200000000001,3.724240388864226,1.5008566315787926,16.931224712377535
6272.200000000001,3.723771799303431,1.5008566402852526,16.928122117453885
6274.200000000001,3.72324952788932,1.49919536121807,16.925019713452706
6276.200000000001,3.72230382061782,1.49919536121807,16.921917498432276
6278.200000000001,3.72154725480062,1.49919536121807,16.9188174368216
6280.200000000001,3.72097983043772,1.49919536121807,16.915717326227124
6282.200000000001,3.7207633613943956,1.5010623018200817,16.912617427382354
6284.200000000001,3.719710494983398,1.49919536121807,16.90951775171485
6286.200000000001,3.719494210337036,1.49919536121807,16.90641885064599
6288.200000000001,3.7191157832803743,1.4995111146509537,16.90331932467925
6290.200000000001,3.71833185007753,1.49919536121807,16.900221061560025
6292.200000000001,3.7178190826933815,1.499510665881984,16.89712275235463
6294.200000000001,3.7423630826176018,0.752871032926105,16.894679951578958
6296.200000000001,3.743287981942372,0.752871032926105,16.893114426566132
6298.200000000001,3.743666261945756,0.752871032926105,16.891548661615605
6300.200000000001,3.74405508786228,0.752871032926105,16.889982760311085
6302.200000000001,3.744065627786338,0.752871032926105,16.888416764875753
6304.200000000001,3.743886715331847,0.752871032926105,16.88685068654741
6306.200000000001,3.7442547710044733,0.752871032926105,16.885284596549077
6308.200000000001,3.7442547754074376,0.752871032926105,16.88371848839217
6310.200000000001,3.7444228245944275,0.752871032926105,16.88215232168576
6312.200000000001,3.74443337077088,0.752871032926105,16.880586162936037
6314.200000000001,3.744612225997035,0.752871032926105,16.87902000354751
6316.200000000001,3.7444437473911343,0.752871032926105,16.877453864097923
6318.200000000001,3.74443337077088,0.752871032926105,16.875887701357907
6320.200000000001,3.7444439137794645,0.752871032926105,16.87432154902936
6322.200000000001,3.744443540268086,0.752871032926105,16.872755400630172
6324.200000000001,3.7442547719620807,0.752871032926105,16.871189285339568
6326.200000000001,3.744254770824708,0.752871032926105,16.86962320365227
6328.200000000001,3.7440656321872936,0.752871032926105,16.86805711190833
6330.200000000001,3.74405508786228,0.752871032926105,16.86649128082387
6332.200000000001,3.743876479892372,0.752871032926105,16.864925262410274
6334.200000000001,3.769152049754641,0.0007516152902888361,16.86413944044856
6336.200000000001,3.77046974595916,0.0021822348780466,16.86413504400986
6338.200000000001,3.77148059873574,0.0021822348780466,16.864130552289858
6340.200000000001,3.7978743339020737,-0.750688798048058,16.86537311191816
6342.200000000001,3.79966267542639,-0.748506563170012,16.86695421357571
6344.200000000001,3.8010897717630314,-0.750688798048058,16.86853695655973
6346.200000000001,3.80231065578659,-0.750688798048058,16.870122485007265
6348.200000000001,3.803548551924558,-0.748506563170012,16.871708366918376
6350.200000000001,3.804666667228884,-0.748506563170012,16.87329358524968
6352.200000000001,3.8056288861126477,-0.750688798048058,16.874880182749592
6354.200000000001,3.806488820727943,-0.750688798048058,16.87646749978521
6356.200000000001,3.7299537143635955,1.49919536121807,16.873722323957907
6358.200000000001,3.727494962331581,1.49919536121807,16.870616089702757
6360.200000000001,3.7256241876442435,1.49919536121807,16.867511304500898
6362.200000000001,3.72400609370652,1.5004067761352629,16.86440816481122
6364.200000000001,3.7225772935337336,1.5001683423000371,16.86130573025888
6366.200000000001,3.7212534537496005,1.50137759609612,16.858204697547315
6368.200000000001,3.72022326462052,1.49919536121807,16.855104846506073
6370.200000000001,3.719097557678135,1.4993008352860817,16.852005760925078
6372.200000000001,3.7181335166866543,1.49919536121807,16.848908226053474
6374.200000000001,3.7173769916646875,1.49919536121807,16.845810664136014
6376.200000000001,3.7160896017402703,1.49919536121807,16.84271467330859
6378.200000000001,3.716043859709892,1.49919536121807,16.83961867794913
6380.200000000001,3.714936453174458,1.49919536121807,16.836523613701175
6382.200000000001,3.71435987953723,1.49919536121807,16.833428435088006
6384.200000000001,3.7136124573905187,1.4993008570583526,16.83033373970828
6386.200000000001,3.7132067378980342,1.49919536121807,16.827240447126012
6388.200000000001,3.71246846499424,1.49919536121807,16.82414752882617
6390.200000000001,3.7117210426198564,1.49919536121807,16.82105540964376
6392.200000000001,3.711153808291385,1.499303046969207,16.81796338954466
6394.200000000001,3.71095533335984,1.50137759609612,16.81487167949475
6396.200000000001,3.7098479378261837,1.49919536121807,16.81177990306723
6398.200000000001,3.709640491528188,1.4993009110306896,16.808688831596143
6400.200000000001,3.70925306027114,1.49919536121807,16.805597997295266
6402.200000000001,3.7088654227340765,1.49919536121807,16.802507439996152
6404.200000000001,3.7082890570668448,1.49919536121807,16.79941800991246
6406.200000000001,3.707370792417746,1.49919536121807,16.796327692436545
6408.200000000001,3.7805795204403814,-0.748506563170012,16.794204356325395
6410.200000000001,3.7854871293020533,-0.750688798048058,16.795781594752015
6412.200000000001,3.78793590525981,-0.748506563170012,16.797360337949957
6414.200000000001,3.789817263761172,-0.750688798048058,16.798939897890932
6416.200000000001,3.7915497277968924,-0.750688798048058,16.80052080670173
6418.200000000001,3.79306285942471,-0.7505726440335623,16.802102424770634
6420.200000000001,3.717517109726648,1.499530957919714,16.799694355939106
6422.200000000001,3.7152767593454223,1.501044996898827,16.79659739369181
6424.200000000001,3.71360331372003,1.49919536121807,16.793503488611247
6426.200000000001,3.7123084179983428,1.49919536121807,16.79041009181738
6428.200000000001,3.711304526077692,1.50137759609612,16.787317454319947
6430.200000000001,3.7103297259341144,1.5010419501916314,16.78422454696313
6432.200000000001,3.7347677447067746,0.7141507209008843,16.78131045614891
6434.200000000001,3.7345980151473,0.752871032926105,16.779754946258176
6436.200000000001,3.7353157885745345,0.752871032926105,16.778192813476664
6438.200000000001,3.735335181752491,0.752871032926105,16.776630606650475
6440.200000000001,3.734986000750565,0.752871032926105,16.77506836726186
6442.200000000001,3.735156230003624,0.752871032926105,16.773506126212258
6444.200000000001,3.7349956548321135,0.752871032926105,16.771943870959852
6446.200000000001,3.7871315897059232,-0.750688798048058,16.77326412024304
6448.200000000001,3.789307645974538,-0.750688798048058,16.774843906181356
6450.200000000001,3.765211134112987,0.0021822348780466,16.77495726093595
6452.200000000001,3.7654002618603677,0.0021822348780466,16.774952792105292
6454.200000000001,3.765778559225299,0.0021822348780466,16.774948227046703
6456.200000000001,3.766212682322885,0.0021822348780466,16.77494374116255
6458.200000000001,3.766429387458674,0.0021822348780466,16.77493917494473
6460.200000000001,3.7671025489380585,0.0021822348780466,16.774934608136697
6462.200000000001,3.76731948674114,0.0021822348780466,16.77493004089654
6464.200000000001,3.76769776964974,0.0021822348780466,16.774925521093095
6466.200000000001,3.76807605255834,0.0021822348780466,16.774920953079807
6468.200000000001,3.768237160724845,0.0021822348780466,16.774916384675247
6470.200000000001,3.7689936326276454,0.0021822348780466,16.774912124260116
6472.200000000001,3.7689939664162746,0.0021822348780466,16.774907619031353
6474.200000000001,3.76940004273844,0.0021822348780466,16.77490304962185
6476.200000000001,3.7697223107789433,0.0003231380431707592,16.774898524969146
6478.200000000001,3.7695613905003715,0.0021822348780466,16.77489462722338
6480.200000000001,3.769939670749319,0.0021822348780466,16.774890605552606
6482.200000000001,3.769995260516259,0.0021822348780466,16.77488603495918
6484.200000000001,3.7074168202655127,1.9677392792956896,16.774398255041344
6486.200000000001,3.70111997773625,2.00110938316881,16.770286886654812
6488.200000000001,3.6983866153489586,1.99892714829076,16.766174229110465
6490.200000000001,3.696116921220897,2.00110938316881,16.76206455883837
6492.200000000001,3.6943962675633752,2.00110938316881,16.757956414007474
6494.200000000001,3.6928831349082554,1.99892714829076,16.753850331877782
6496.200000000001,3.69109548065837,2.00110938316881,16.749746022795318
6498.200000000001,3.68958234902397,2.00110938316881,16.74564355206949
6500.200000000001,3.729860287866427,0.7480823990724752,16.74219725386336
6502.200000000001,3.7309949721991766,0.752871032926105,16.740637088185622
6504.200000000001,3.7315625577828717,0.752871032926105,16.739076434016106
6506.200000000001,3.7319408410031416,0.752871032926105,16.737515600679952
6508.200000000001,3.7317792843871045,0.752871032926105,16.7359546888539
6510.200000000001,3.7319500347871,0.752871032926105,16.73439374074328
6512.200000000001,3.7317795529291216,0.752871032926105,16.73283279507597
6514.200000000001,3.7321299819197,0.752871032926105,16.73127185042898
6516.200000000001,3.7319500347871,0.752871032926105,16.729710895465526
6518.200000000001,3.7319500347871,0.752871032926105,16.728149946217872
6520.200000000001,3.7317516465497436,0.752871032926105,16.726589022783863
6522.200000000001,3.73177026227674,0.752871032926105,16.725028140839186
6524.200000000001,3.7317608933328,0.752871032926105,16.72346727712057
6526.200000000001,3.7317516975742486,0.752871032926105,16.721906417904428
6528.200000000001,3.7317425021310617,0.752871032926105,16.720345596431628
6530.200000000001,3.731580944386134,0.752871032926105,16.718784815825416
6532.200000000001,3.731562357667505,0.752871032926105,16.717224065767123
6534.200000000001,3.731202655676521,0.752871032926105,16.715663383352013
6536.200000000001,3.7310043275156,0.752871032926105,16.714102733161965
6538.200000000001,3.780881587465548,-0.748506563170012,16.713814006564093
6540.200000000001,3.78415307617382,-0.748506563170012,16.7153875131139
6542.200000000001,3.7860164647469574,-0.750688798048058,16.7169641612959
6544.200000000001,3.787340455577175,-0.748506563170012,16.71854118675971
6546.200000000001,3.764074848310362,0.0021822348780466,16.719498238637843
6548.200000000001,3.7634059599126837,0.0021822348780466,16.719495113445074
6550.200000000001,3.7139615408236994,1.49919536121807,16.718116035127874
6552.200000000001,3.71133361626844,1.501261919529547,16.715023252282293
6554.200000000001,3.7090739322176707,1.49919536121807,16.711932037489337
6556.200000000001,3.70791904535713,1.49919536121807,16.708841668156257
6558.200000000001,3.70660507991095,1.49931105606305,16.705753144951174
6560.200000000001,3.70547023118515,1.49919536121807,16.70266412089557
6562.200000000001,3.704514845120662,1.4993070310776158,16.699577102626918
6564.200000000001,3.68636694430088,2.00110938316881,16.69577500092656
6566.200000000001,3.6851085356256776,2.00110938316881,16.691677527338157
6568.200000000001,3.6836609843974206,2.00110938316881,16.687582456668956
6570.200000000001,3.68258411521489,2.00110938316881,16.683488106159377
6572.200000000001,3.6813913919137655,1.999684399425085,16.679394896486006
6574.200000000001,3.68031441776329,2.00110938316881,16.67530543907282
6576.200000000001,3.6792451551713903,1.99892714829076,16.671215528097406
6578.200000000001,3.6784809703417842,2.00110938316881,16.66712693134114
6580.200000000001,3.6775428815932134,2.00110938316881,16.66304198459393
6582.200000000001,3.6601415320856834,2.5008411702415,16.658645934976917
6584.200000000001,3.65837400906453,2.5008411702415,16.65356190338104
6586.200000000001,3.656926090558176,2.5008411702415,16.648480111707237
6588.200000000001,3.6557914378845826,2.5008411702415,16.643399832531827
6590.200000000001,3.6547868210018963,2.5008411702415,16.638321278850547
6592.200000000001,3.65345633125273,2.5008411702415,16.633244207880345
6594.200000000001,3.653012817126545,2.5008411702415,16.628168586625378
6596.200000000001,3.6518192701998102,2.5008411702415,16.62309424326857
6598.200000000001,3.65099749234684,2.5008411702415,16.618020974177945
6600.200000000001,3.65005178507534,2.5008411702415,16.61294910253869
6602.200000000001,3.6494189793615117,2.5008411702415,16.60787841818401
6604.200000000001,3.648786511077998,2.5008411702415,16.602808922675234
6606.200000000001,3.6475277320030957,2.5008411702415,16.597740613158496
6608.200000000001,3.64683638035224,2.5022710153633554,16.592673209219367
6610.200000000001,3.646014602498619,2.5008411702415,16.58760667086333
6612.200000000001,3.64538847392628,2.5008411702415,16.58254141914773
6614.200000000001,3.6446971070812944,2.5008411702415,16.577477186186474
6616.200000000001,3.643875328078209,2.5008411702415,16.572414054780648
6618.200000000001,3.6431774789923885,2.5008411702415,16.567351798882136
6620.200000000001,3.72759978133821,0.0021822348780466,16.565970172849795
6622.200000000001,3.7307117405282924,0.0021822348780466,16.565965699126888
6624.200000000001,3.7576555079012866,-0.748506563170012,16.566409265599663
6626.200000000001,3.76088867729496,-0.748506563170012,16.567972872096952
6628.200000000001,3.763433199416204,-0.748506563170012,16.569537341746848
6630.200000000001,3.765685126147494,-0.750688798048058,16.57110699420784
6632.200000000001,3.7674229806902373,-0.748506563170012,16.572675352920708
6634.200000000001,3.76940004273844,-0.750688798048058,16.574243103660084
6636.200000000001,3.770809717718181,-0.748506563170012,16.575811407722853
6638.200000000001,3.7723406186070867,-0.750688798048058,16.577384120561273
6640.200000000001,3.77393943764163,-0.750688798048058,16.57895763921592
6642.200000000001,3.77507428636743,-0.748506563170012,16.58052935378333
6644.200000000001,3.719455734371449,0.9916307169558579,16.58133007859445
6646.200000000001,3.71644043553453,0.99946357414538,16.579264959615987
6648.200000000001,3.7149943350779893,1.00164580902343,16.577200860444172
6650.200000000001,3.713859486449438,0.99946357414538,16.57513661504227
6652.200000000001,3.71322503081143,1.00164580902343,16.573072632662615
6654.200000000001,3.712401757046145,1.0002332225099564,16.571007241223487
6656.200000000001,3.71190104063134,1.00164580902343,16.568943036119546
6658.200000000001,3.71133361626844,1.000872413080472,16.566879131808747
6660.200000000001,3.71076619190554,0.99946357414538,16.564816596058687
6662.200000000001,3.71019876754264,1.00164580902343,16.562753074682913
6664.200000000001,3.7096983554695275,1.00164580902343,16.56068954176033
6666.200000000001,3.7094972853171004,1.00164580902343,16.558626801932014
6668.200000000001,3.70887477736254,1.00164580902343,16.556563689957176
6670.200000000001,3.7170933775439474,0.752871032926105,16.554922161035055
6672.200000000001,3.71719700135173,0.752871032926105,16.553367416742013
6674.200000000001,3.71719700135173,0.752871032926105,16.55181266889656
6676.200000000001,3.717111483399156,0.752871032926105,16.550257943907265
6678.200000000001,3.7169222587273074,0.752871032926105,16.548703257989438
6680.200000000001,3.716922256189546,0.752871032926105,16.547148633023383
6682.200000000001,3.71681871844313,0.752871032926105,16.545594085117283
6684.200000000001,3.7669127623099383,-0.748506563170012,16.545596521721933
6686.200000000001,3.7695607065439325,-0.750688798048058,16.547165629865844
6688.200000000001,3.748755379009334,-0.03699905795128402,16.54858887939754
6690.200000000001,3.74708135113108,0.0018561150016401895,16.54859133272818
6692.200000000001,3.747431363244864,0.0018560582886486198,16.5485872898388
6694.200000000001,3.747431363880097,0.0021822348780466,16.548584055085225
6696.200000000001,3.74802705840258,0.0021822348780466,16.54857985005997
6698.200000000001,3.748377092334774,0.0021822348780466,16.548575907065946
6700.200000000001,3.748622748880533,0.0021822348780466,16.548571768692597
6702.200000000001,3.74897276567408,0.00032617930920662494,16.548567259734217
6704.200000000001,3.74916190712837,0.0021822348780466,16.548563005568504
6706.200000000001,3.74935104858267,0.0021822348780466,16.548558575971153
6708.200000000001,3.750079360998621,0.00032597590970777834,16.54855404799054
6710.200000000001,3.7499467131901185,0.0021822348780466,16.54854953365679
6712.200000000001,3.75029675585417,0.0021822348780466,16.548545262202076
6714.200000000001,3.750457660136198,0.0021822348780466,16.54854077907863
6716.200000000001,3.750646771538141,0.0021822348780466,16.548536854308825
6718.200000000001,3.7508924214796564,0.0021822348780466,16.548532307056856
6720.200000000001,3.7510815911211126,0.0021822348780466,16.548527983456225
6722.200000000001,3.751214204461972,0.0021822348780466,16.548523515211905
6724.200000000001,3.75145987021944,0.0021822348780466,16.548519095046004
6726.200000000001,3.75180988748857,0.0021822348780466,16.54851454691172
6728.200000000001,3.75199902894287,0.0021822348780466,16.548509998649056
6730.200000000001,3.7518381562987977,0.0021822348780466,16.54850545008492
6732.200000000001,3.75218817039717,0.0021822348780466,16.548501061214026
6734.200000000001,3.7523207720051577,0.0021822348780466,16.54849651219572
6736.200000000001,3.75237731185147,0.0021822348780466,16.548492062812166
6738.200000000001,3.7523490795470904,0.0021822348780466,16.548487772447512
6740.200000000001,3.7524055804232326,0.0021822348780466,16.548483223066924
6742.200000000001,3.752916844456471,0.0021822348780466,16.548478673522865
6744.200000000001,3.7531056129016855,0.0021822348780466,16.54847412370892
6746.200000000001,3.7531056095667132,0.0021822348780466,16.548469573828015
6748.200000000001,3.75297297953087,0.0021822348780466,16.54846519962813
6750.200000000001,3.7531621464045157,0.0021822348780466,16.54846064954369
6752.200000000001,3.7531621495744263,0.0021822348780466,16.548456502029854
6754.200000000001,3.7534838904198886,0.0021822348780466,16.548451951664987
6756.200000000001,3.753540427565462,0.0021822348780466,16.548447401238825
6758.200000000001,3.7533512588908176,0.0021822348780466,16.548442998284404
6760.200000000001,3.753673035279811,0.0021822348780466,16.54843887083548
6762.200000000001,3.7536730278303354,0.0018560189868168935,16.548434682952408
6764.200000000001,3.75389044348587,0.0021822348780466,16.548430373127974
6766.200000000001,3.754212187023403,0.0021822348780466,16.54842620818585
6768.200000000001,3.7538621996930557,0.0021822348780466,16.548421720797823
6770.200000000001,3.7542404596442527,0.0021822348780466,16.548418152229594
6772.200000000001,3.75389044348587,0.0021822348780466,16.548414381767657
6774.200000000001,3.754240458932079,0.0,16.548410135761937
6776.200000000001,3.7544295995132817,0.0021822348780466,16.54840585994109
6778.200000000001,3.7542969703514584,0.0003258669457839186,16.548402194397895
6780.200000000001,3.754296994729786,0.0018560866653248784,16.54839835599238
6782.200000000001,3.754619099933254,0.0021822348780466,16.548395425277857
6784.200000000001,3.75445786784877,0.0003261408569579216,16.54839232758936
6786.200000000001,3.75445786784877,0.0021822348780466,16.548389571413875
6788.200000000001,3.754486112751255,0.0021822348780466,16.54838607787453
6790.200000000001,3.754864416161957,0.0003261143992058811,16.548382196872847
6792.200000000001,3.754997027685177,0.0021822348780466,16.548379300489746
6794.200000000001,3.7549970231658274,0.0021822348780466,16.548375734193304
6796.200000000001,3.75464700930307,0.0021822348780466,16.54837279009596
6798.200000000001,3.7548643898171488,0.001856424434199925,16.548368662408855
6800.200000000001,3.7549970249848306,0.0018560994545659976,16.548364528410083
6802.200000000001,3.754997024750812,0.0021822348780466,16.548361156528113
6804.200000000001,3.7551296158083263,0.0021822348780466,16.548357336809662
6806.200000000001,3.75502529221166,0.0021822348780466,16.548353651148314
6808.200000000001,3.7553753293640266,0.0021822348780466,16.54834982979751
6810.200000000001,3.7551861714363675,0.0021822348780466,16.54834615184133
6812.200000000001,3.7550818342803134,0.0021822348780466,16.54834211765422
6814.200000000001,3.75524270493433,0.0021822348780466,16.54833789228239
6816.200000000001,3.7553753078971726,0.0021822348780466,16.54833348354312
6818.200000000001,3.75540357512026,0.0021822348780466,16.548328930791225
6820.200000000001,3.755186174770322,0.0018561955763750472,16.548324390533942
6822.200000000001,3.75540357512026,0.0021822348780466,16.54832000908125
6824.200000000001,3.755725322631188,0.0021822348780466,16.548315735962316
6826.200000000001,3.75540357512026,0.0021822348780466,16.548311474452397
6828.200000000001,3.75559271657456,0.0021822348780466,16.548306921466306
6830.200000000001,3.75540357512026,0.0021822348780466,16.548302535770535
6832.200000000001,3.75575359238939,0.0021822348780466,16.548298258844586
6834.200000000001,3.755460114489632,0.0021822348780466,16.548294690799466
6836.200000000001,3.7557536890538947,0.0021822348780466,16.54829055697313
6838.200000000001,3.7554317952084655,0.0021822348780466,16.548286315417226
6840.200000000001,3.75578185802886,0.0021822348780466,16.548281958684647
6842.200000000001,3.75597099948316,0.0021822348780466,16.54827752802704
6844.200000000001,3.755620985619701,0.0021822348780466,16.548273377041312
6846.200000000001,3.7559427295649614,0.0021822348780466,16.548269230205044
6848.200000000001,3.755810097419168,0.000325814257340568,16.548265187086685
6850.200000000001,3.75578185802886,0.0021822348780466,16.548260837890187
6852.200000000001,3.75597099948316,0.0021822348780466,16.548256899787585
6854.200000000001,3.755999268928638,0.0021822348780466,16.548252669633538
6856.200000000001,3.756293022758313,0.0021822348780466,16.548248280017237
6858.200000000001,3.75597099948316,0.0021822348780466,16.548244181166826
6860.200000000001,3.75597099948316,0.0021822348780466,16.548239659964402
6862.200000000001,3.75616014093746,0.0021822348780466,16.54823510636974
6864.200000000001,3.75616014093746,0.0021822348780466,16.548230552664673
6866.200000000001,3.75597099948316,0.0021822348780466,16.548225998945853
6868.200000000001,3.75634928239176,0.0021822348780466,16.548221481086156
6870.200000000001,3.756510158209672,0.0021822348780466,16.54821702291284
6872.200000000001,3.756131875297296,0.0021822348780466,16.548212633044862
6874.200000000001,3.75616014093746,0.0021822348780466,16.54820827535794
6876.200000000001,3.756321013821726,0.0021822348780466,16.548204161030625
6878.200000000001,3.75616014093746,0.0,16.5482000123119
6880.200000000001,3.75634928239176,0.0021822348780466,16.548195700188902
6882.200000000001,3.756453800220846,0.0021822348780466,16.548191194647902
6884.200000000001,3.75634928239176,0.0021822348780466,16.548186800041883
6886.200000000001,3.75634928239176,0.0021822348780466,16.54818224607493
6888.200000000001,3.756566650948597,0.0021822348780466,16.54817785244546
6890.200000000001,3.75616014093746,0.0021822348780466,16.54817329838182
6892.200000000001,3.75634928239176,0.0018563172813408798,16.54816878886325
6894.200000000001,3.7564058176370603,0.0021822348780466,16.548164693571643
6896.200000000001,3.756188409984663,0.00032615642617525337,16.548160354257313
6898.200000000001,3.756377490442276,0.0021822348780466,16.548156253657904
6900.200000000001,3.756699297199912,0.0021822348780466,16.548151795107483
6902.200000000001,3.75634928239176,0.0018560711070255826,16.548147324933986
6904.200000000001,3.75634928239176,0.0021822348780466,16.548143582182632
6906.200000000001,3.75634928239176,0.0021822348780466,16.548139255636826
6908.200000000001,3.75672756530036,0.0021822348780466,16.548134701389802
6910.200000000001,3.7563775491412836,0.0021822348780466,16.548130435084033
6912.200000000001,3.7563775293858512,0.0021822348780466,16.548125880857146
6914.200000000001,3.75672756530036,0.0021822348780466,16.548121393820256
6916.200000000001,3.756377550725568,0.0021822348780466,16.548116839523253
6918.200000000001,3.75672756530036,0.0021822348780466,16.54811251744296
6920.200000000001,3.756405822233603,0.0021822348780466,16.54810815893428
6922.200000000001,3.756699364018237,0.0021822348780466,16.548103975673115
6924.200000000001,3.75672756530036,0.0021822348780466,16.548100004759437
6926.200000000001,3.756377552074383,0.0021822348780466,16.548095613783357
6928.200000000001,3.756888447347181,0.0021822348780466,16.54809120675373
6930.200000000001,3.75672756530036,0.0021822348780466,16.548086752660296
6932.200000000001,3.7566992967263624,0.0021822348780466,16.548082245924704
6934.200000000001,3.75672756530036,0.0021822348780466,16.548077791658894
6936.200000000001,3.75672756530036,0.0021822348780466,16.548073237151936
6938.200000000001,3.75691670675466,0.0021822348780466,16.548068878491332
6940.200000000001,3.756888439528677,0.0021822348780466,16.548064635939546
6942.200000000001,3.75691670675466,0.0021822348780466,16.548060552744275
6944.200000000001,3.75672756530036,0.0021822348780466,16.548056029977186
6946.200000000001,3.7568601664467307,0.0021822348780466,16.54805197806694
6948.200000000001,3.75691670675466,0.0021822348780466,16.548047715943998
6950.200000000001,3.7569449710432177,0.0021822348780466,16.548043190708864
6952.200000000001,3.75691670675466,0.0021822348780466,16.548038635944145
6954.200000000001,3.75691670675466,0.0021822348780466,16.54803426184569
6956.200000000001,3.75691670675466,0.0021822348780466,16.548029854673484
6958.200000000001,3.7572385230379153,0.0021822348780466,16.548025302241857
6960.200000000001,3.75691670675466,0.0021822348780466,16.54802098539635
6962.200000000001,3.757266733393212,0.0021822348780466,16.548016526219175
6964.200000000001,3.735697322178911,0.6838596471905177,16.54793776868738
6966.200000000001,3.7309762390136676,0.752871032926105,16.54638760301835
6968.200000000001,3.729897564419612,0.752871032926105,16.5448272792977
6970.200000000001,3.7289518604923138,0.752871032926105,16.54326737444762
6972.200000000001,3.728517403450217,0.752871032926105,16.541707779088224
6974.200000000001,3.7279218804249963,0.752871032926105,16.54014848427941
6976.200000000001,3.7271653222340886,0.752871032926105,16.53858943745818
6978.200000000001,3.726436843166861,0.752871032926105,16.537030639693178
6980.200000000001,3.7260585641342048,0.752871032926105,16.535472083473845
6982.200000000001,3.725358169044562,0.752871032926105,16.533913776501606
6984.200000000001,3.72495180097801,0.752871032926105,16.532355702217306
6986.200000000001,3.724251410410886,0.752871032926105,16.530797860142957
6988.200000000001,3.723845038758877,0.752871032926105,16.529240195852108
6990.200000000001,3.7237888673282993,0.752871032926105,16.527682684285953
6992.200000000001,3.72324952788932,0.752871032926105,16.526125318053037
6994.200000000001,3.72268210352642,0.752871032926105,16.524568215412256
6996.200000000001,3.7221427289393056,0.752871032926105,16.52301125235592
6998.200000000001,3.6826311632682986,1.976561978775992,16.521078559657308
7000.200000000001,3.67804472031169,2.00110938316881,16.516990456947408
7002.200000000001,3.6764747347951983,2.00110938316881,16.512902561360942
7004.200000000001,3.6746401741343,2.00110938316881,16.508816705770407
7006.200000000001,3.672720292004574,2.00110938316881,16.504732724445542
7008.200000000001,3.6712356279569,2.00110938316881,16.500650421570356
7010.200000000001,3.66991163777681,2.00110938316881,16.496569655563977
7012.200000000001,3.66858764759671,2.00110938316881,16.492490251577305
7014.200000000001,3.667613484816233,2.00110938316881,16.488412317084844
7016.200000000001,3.66631795014511,2.00110938316881,16.484335609026218
7018.200000000001,3.66556138432791,2.00110938316881,16.480260078774624
7020.200000000001,3.664398073640007,2.00110938316881,16.47618578534083
7022.200000000001,3.66329168687632,2.00110938316881,16.472112625768084
7024.200000000001,3.662506656162136,2.00110938316881,16.468040533278476
7026.200000000001,3.661560950002683,2.00110938316881,16.463969399232493
7028.200000000001,3.64418839999205,2.5008411702415,16.459620177313834
7030.200000000001,3.642117478355925,2.5008411702415,16.454558399702385
7032.200000000001,3.640604345380908,2.5008411702415,16.44949912101422
7034.200000000001,3.63945986363456,2.5008411702415,16.444441660281136
7036.200000000001,3.6383062453924038,2.5008411702415,16.439385902966915
7038.200000000001,3.743816608181703,-0.750688798048058,16.43611969793863
7040.200000000001,3.7496635404886116,-0.750688798048058,16.43768247509124
7042.200000000001,3.75313387766867,-0.750688798048058,16.439247036067837
7044.200000000001,3.75559271657456,-0.750688798048058,16.44081276783404
7046.200000000001,3.7573607805279345,-0.748506563170012,16.442376558727492
7048.200000000001,3.75956468711486,-0.750688798048058,16.44394391348565
7050.200000000001,3.76107781874925,-0.750688798048058,16.445512134282836
7052.200000000001,3.7626567398022006,-0.750688798048058,16.447081004426657
7054.200000000001,3.68674522720948,1.50137759609612,16.444323262367508
7056.200000000001,3.6841914908207127,1.49919536121807,16.441253295983724
7058.200000000001,3.68277325666918,1.50137759609612,16.438183422728663
7060.200000000001,3.681874616489678,1.49919536121807,16.435115549951515
7062.200000000001,3.680645631992065,1.49919536121807,16.432049483586
7064.200000000001,3.6796999255122427,1.49919536121807,16.42898390473195
7066.200000000001,3.67880128612889,1.49919536121807,16.425919466379277
7068.200000000001,3.67804472031169,1.49919536121807,16.422855216071348
7070.200000000001,3.6773352259457335,1.49919536121807,16.419791769120394
7072.200000000001,3.676767839480205,1.49919536121807,16.41672894954367
7074.200000000001,3.701678320264919,0.752871032926105,16.41505823250071
7076.200000000001,3.702074772728196,0.752871032926105,16.41350986287392
7078.200000000001,3.70244396791635,0.752871032926105,16.411961283198213
7080.200000000001,3.7026421940712497,0.752871032926105,16.41041263090019
7082.200000000001,3.7029932200154514,0.752871032926105,16.40886389669619
7084.200000000001,3.7030023077303884,0.752871032926105,16.40731514787108
7086.200000000001,3.702831335447465,0.752871032926105,16.405766350370314
7088.200000000001,3.7030023109020966,0.752871032926105,16.404217546507596
7090.200000000001,3.70282225082495,0.752871032926105,16.40266871765406
7092.200000000001,3.70301139227925,0.752871032926105,16.401119885855504
7094.200000000001,3.703020477207807,0.752871032926105,16.399571042098458
7096.200000000001,3.728100745579882,0.0021822348780466,16.398715601618242
7098.200000000001,3.7294247325047793,0.0021822348780466,16.398711675442964
7100.200000000001,3.73024776169841,0.0021822348780466,16.3987080319815
7102.200000000001,3.7312496922437886,0.0021822348780466,16.39870383103109
7104.200000000001,3.7319500347871,0.0,16.398699511472437
7106.200000000001,3.73251745915,0.0021822348780466,16.39869512398343
7108.200000000001,3.7328292807386765,0.0021822348780466,16.398690709404804
7110.200000000001,3.7336523078758,0.0021822348780466,16.39868629419671
7112.200000000001,3.7339641296371116,0.0021822348780466,16.398681783322214
7114.200000000001,3.7345980151473,0.0021822348780466,16.398677256005026
7116.200000000001,3.7349762980559,0.0021822348780466,16.398672759858727
7118.200000000001,3.735098977717257,0.0021822348780466,16.398668482286915
7120.200000000001,3.735666402724955,0.0021822348780466,16.39866427572772
7122.200000000001,3.7359884675007846,0.0021822348780466,16.398659746530768
7124.200000000001,3.736422969571958,0.0021822348780466,16.39865526454088
7126.200000000001,3.7364894296903,0.0021822348780466,16.398650734527397
7128.200000000001,3.73705685405319,0.0021822348780466,16.39864620430487
7130.200000000001,3.73724599550749,0.0021822348780466,16.39864180505466
7132.200000000001,3.73743513696179,0.0021822348780466,16.398637274111838
7134.200000000001,3.73762427841609,0.0021822348780466,16.398632742809944
7136.200000000001,3.738069020887818,0.0021822348780466,16.398628211164564
7138.200000000001,3.7380690241429018,0.0021822348780466,16.398623679322657
7140.200000000001,3.738437064333318,0.0021822348780466,16.398619147285824
7142.200000000001,3.738559725191376,0.0021822348780466,16.398614651293848
7144.200000000001,3.73875912714189,0.0021822348780466,16.398610118751307
7146.200000000001,3.73894826859619,0.0021822348780466,16.39860558586082
7148.200000000001,3.73913741005049,0.0021822348780466,16.398601068677287
7150.200000000001,3.7393930112401756,0.0021822348780466,16.39859666682309
7152.200000000001,3.739638373738313,0.0021822348780466,16.39859213328042
7154.200000000001,3.7397712939764407,0.0021822348780466,16.39858771510134
7156.200000000001,3.7400166555327905,0.0021822348780466,16.398583181184208
7158.200000000001,3.74027225877629,0.0021822348780466,16.3985786470298
7160.200000000001,3.7400166499629672,0.0021822348780466,16.39857419214704
7162.200000000001,3.7400166575885865,0.0021822348780466,16.398569958309565
7164.200000000001,3.7403387169260367,0.0021822348780466,16.39856542937382
7166.200000000001,3.74046140023059,0.0021822348780466,16.398561164489347
7168.200000000001,3.74065054168489,0.0021822348780466,16.39855752752717
7170.200000000001,3.740594321752407,0.0021822348780466,16.398553044844146
7172.200000000001,3.7408958991300443,0.0021822348780466,16.398548652534597
7174.200000000001,3.7407732250738115,0.0021822348780466,16.398544217150224
7176.200000000001,3.7410850437502616,0.0021822348780466,16.398539840601465
7178.200000000001,3.740962359160478,0.0021822348780466,16.398535742816392
7180.200000000001,3.741151504342311,0.0021822348780466,16.398531935188547
7182.200000000001,3.74128443139645,0.0021822348780466,16.398527415371767
7184.200000000001,3.7415297872516486,0.0021822348780466,16.398522879657822
7186.200000000001,3.74140710750209,0.0021822348780466,16.398518491399685
7188.200000000001,3.741473567154829,0.0021822348780466,16.398513955393568
7190.200000000001,3.7415297934193665,0.0021822348780466,16.398509419326956
7192.200000000001,3.74159624895639,0.0021822348780466,16.39850488308864
7194.200000000001,3.74190807015863,0.0021822348780466,16.39850044205693
7196.200000000001,3.7416627112187903,0.0021822348780466,16.398495905778454
7198.200000000001,3.7416627101067372,0.0021822348780466,16.398491369438354
7200.200000000001,3.74159624895639,0.0021822348780466,16.398486832964885
7202.200000000001,3.7420972100280183,0.0021822348780466,16.39848229642335
7204.200000000001,3.742097214227079,0.0007667771696212406,16.39847780393859
7206.200000000001,3.74216367331929,0.0021822348780466,16.39847375609211
7208.200000000001,3.7420409930144802,0.0021822348780466,16.398469541346543
7210.200000000001,3.7420409919840703,0.0021822348780466,16.39846571687017
7212.200000000001,3.7422863551253975,0.0021822348780466,16.39846141600671
7214.200000000001,3.74235281477359,0.0021822348780466,16.398456894935833
7216.200000000001,3.7422863530681107,0.0021822348780466,16.398452373778102
7218.200000000001,3.7669316402226998,-0.748506563170012,16.399014351503194
7220.200000000001,3.7686530506378837,-0.750688798048058,16.400584924271968
7222.200000000001,3.76978802635342,-0.7486184858570948,16.402156898549986
7224.200000000001,3.722418174515614,0.7377985725941874,16.40314916611848
7226.200000000001,3.719220385783093,0.752871032926105,16.401594424659468
7228.200000000001,3.7177358417548034,0.752871032926105,16.400039125600426
7230.200000000001,3.71662957698883,0.752871032926105,16.39848433804373
7232.200000000001,3.71606215262593,0.752871032926105,16.39692992915188
7234.200000000001,3.714984474985504,0.752871032926105,16.395375906372962
7236.200000000001,3.7147095782479775,0.752871032926105,16.393822180881777
7238.200000000001,3.714010183995859,0.752871032926105,16.392268710243382
7240.200000000001,3.6530688149454518,2.5008411702415,16.387381791776356
7242.200000000001,3.6496550383805517,2.5008411702415,16.382308783820978
7244.200000000001,3.647053227228255,2.5008411702415,16.377239905773646
7246.200000000001,3.6445574478402882,2.5008411702415,16.372174415387224
7248.200000000001,3.642666037743507,2.5008411702415,16.367111949459
7250.200000000001,3.7489919768728464,-0.748506563170012,16.364900677626633
7252.200000000001,3.753427194576366,-0.750688798048058,16.366464275304274
7254.200000000001,3.755677682578448,-0.750688798048058,16.3680301699975
7256.200000000001,3.731996763256736,0.0021822348780466,16.3682655272086
7258.200000000001,3.73251745915,0.0021822348780466,16.368261002404292
7260.200000000001,3.6498065027883984,2.5008411702415,16.366088396176373
7262.200000000001,3.645456258668234,2.5008411702415,16.36102087880082
7264.200000000001,3.64267526835765,2.5008411702415,16.355958254011632
7266.200000000001,3.6401499328694937,2.5008411702415,16.35089925451515
7268.200000000001,3.63813587345446,2.5008411702415,16.34584322217559
7270.200000000001,3.6361883076204142,2.5008411702415,16.340790068887216
7272.200000000001,3.63435304436847,2.5008411702415,16.335739294216733
7274.200000000001,3.633095554113299,2.5008411702415,16.3306906748845
7276.200000000001,3.6315824201620455,2.5008411702415,16.325644198046465
7278.200000000001,3.63038107382817,2.5008411702415,16.320599550866877
7280.200000000001,3.6291235822839414,2.5008411702415,16.31555668534384
7282.200000000001,3.62773309346798,2.5008411702415,16.310515621574567
7284.200000000001,3.626286460086674,2.5008411702415,16.305476261072428
7286.200000000001,3.625396894591501,2.5008411702415,16.30043842819037
7288.200000000001,3.6245841891416024,2.5008411702415,16.295402050416516
7290.200000000001,3.62357198147338,2.5008411702415,16.290367097096997
7292.200000000001,3.62262627420188,2.5008411702415,16.285333236551804
7294.200000000001,3.62168056693039,2.5008411702415,16.28030047492948
7296.200000000001,3.620678721816314,2.5008411702415,16.275269189935425
7298.200000000001,3.677241240946229,0.729931827610451,16.27082848526549
7300.200000000001,3.6797939089257694,0.752871032926105,16.269292223467122
7302.200000000001,3.681307037011577,0.752871032926105,16.267752749935504
7304.200000000001,3.68277325666918,0.752871032926105,16.266212736844643
7306.200000000001,3.6832937690689644,0.752871032926105,16.26467231373627
7308.200000000001,3.68409724684928,0.752871032926105,16.263131587226695
7310.200000000001,3.6840019269369897,0.752871032926105,16.26159064721926
7312.200000000001,3.65931971633602,1.49919536121807,16.258853782314866
7314.200000000001,3.65856315051882,1.49919536121807,16.255806190146572
7316.200000000001,3.65780658470163,1.50137759609612,16.252758281015222
7318.200000000001,3.657778509934872,1.49919536121807,16.24971126662118
7320.200000000001,3.65742830179303,1.49919536121807,16.246664661250634
7322.200000000001,3.656699812202138,1.49919536121807,16.243618310865585
7324.200000000001,3.65648259452153,1.49919536121807,16.24057242294657
7326.200000000001,3.656132388136448,1.49919536121807,16.237526970102554
7328.200000000001,3.65591517015863,1.49919536121807,16.234481469929612
7330.200000000001,3.655375823025434,1.49919536121807,16.23143638945951
7332.200000000001,3.65515860434143,1.4995184366957228,16.228391303038826
7334.200000000001,3.731164844424235,-0.750688798048058,16.2285494820907
7336.200000000001,3.7346266373892636,-0.750688798048058,16.23010636526904
7338.200000000001,3.73705685405319,-0.750688798048058,16.231662909202356
7340.200000000001,3.7392979238771047,-0.748506563170012,16.23322161690491
7342.200000000001,3.7410580106164897,-0.750688798048058,16.23477974910732
7344.200000000001,3.74254195622789,-0.750688798048058,16.2363402703531
7346.200000000001,3.74386594640798,-0.748836867764744,16.23790127428921
7348.200000000001,3.74537907804238,-0.750688798048058,16.23946019477212
7350.200000000001,3.74670306822248,-0.750688798048058,16.24102251214866
7352.200000000001,3.723202610373855,0.0021822348780466,16.2419649289007
7354.200000000001,3.72249296207212,0.0021822348780466,16.241960415657527
7356.200000000001,3.7227290206351964,0.0021822348780466,16.241956107723734
7358.200000000001,3.72287124498072,0.0021822348780466,16.241951594396838
7360.200000000001,3.72306038643502,0.0021822348780466,16.24194708085938
7362.200000000001,3.72348558883769,0.0021822348780466,16.241942598605373
7364.200000000001,3.723581376886291,0.0021822348780466,16.241938084357347
7366.200000000001,3.7239591754063466,0.0021822348780466,16.241933569944518
7368.200000000001,3.7241483200300016,0.0021822348780466,16.241929055207276
7370.200000000001,3.72466881576433,0.0021822348780466,16.24192465081213
7372.200000000001,3.72457351806942,0.0021822348780466,16.241920155272116
7374.200000000001,3.7246673522869695,0.0021822348780466,16.241915913577238
7376.200000000001,3.7247157416258188,0.0021822348780466,16.24191142942025
7378.200000000001,3.7252831667771735,0.0021822348780466,16.241906945023842
7380.200000000001,3.72533008388661,0.0021822348780466,16.241902627565377
7382.200000000001,3.725377001390462,0.0021822348780466,16.241898190150717
7384.200000000001,3.72570836679521,0.0021822348780466,16.241893899296787
7386.200000000001,3.72570836679521,0.0021822348780466,16.24188946598048
7388.200000000001,3.7255661420429633,0.0021822348780466,16.24188540519417
7390.200000000001,3.7263227094629072,0.0021822348780466,16.24188143454421
7392.200000000001,3.726228869683463,0.0005413603214765684,16.241877904056434
7394.200000000001,3.726511852891117,0.0021822348780466,16.241874899778942
7396.200000000001,3.726371094433373,0.0021822348780466,16.241870445049873
7398.200000000001,3.7266071510075784,0.0021822348780466,16.241866342762634
7400.200000000001,3.7271745777456697,0.0021822348780466,16.24186187992424
7402.200000000001,3.7273639014037934,0.0021822348780466,16.241857674464278
7404.200000000001,3.7270792740722936,0.0021822348780466,16.24185374549112
7406.200000000001,3.727079278842864,0.0021822348780466,16.24185006734401
7408.200000000001,3.7272684091877837,0.0021822348780466,16.24184554854955
7410.200000000001,3.7273637199957292,0.0005413420174929891,16.241841711354194
7412.200000000001,3.72759978133821,0.0021822348780466,16.241837580891175
7414.200000000001,3.7279311471373733,0.0021822348780466,16.24183318850507
7416.200000000001,3.7278842228761504,0.0021822348780466,16.241828728505453
7418.200000000001,3.72778892279251,0.0021822348780466,16.241824256583296
7420.200000000001,3.72797806424681,0.0021822348780466,16.241819899827448
7422.200000000001,3.728024978998304,0.0021822348780466,16.241815427614696
7424.200000000001,3.728071904833347,0.0021822348780466,16.241811181367055
7426.200000000001,3.728451650411626,0.0021822348780466,16.241806693138223
7428.200000000001,3.728214122809886,0.0021822348780466,16.24180238337216
7430.200000000001,3.7282635560972768,0.0021822348780466,16.241798203935016
7432.200000000001,3.72830942647213,0.0021822348780466,16.241793711592635
7434.200000000001,3.7285924092949854,0.0021822348780466,16.241789433202875
7436.200000000001,3.72835634715541,0.0005413374354693128,16.24178565861139
7438.200000000001,3.7285924073034242,0.0021822348780466,16.24178164707655
7440.200000000001,3.72854548860971,0.0021822348780466,16.241777305176527
7442.200000000001,3.728781547971364,0.0021822348780466,16.24177285176448
7444.200000000001,3.7288299333203354,0.0021822348780466,16.241768458286316
7446.200000000001,3.728639326811894,0.0021822348780466,16.24176474223772
7448.200000000001,3.7290190787475717,0.0021822348780466,16.24176143074478
7450.200000000001,3.7289706926073114,0.0021822348780466,16.241756909923676
7452.200000000001,3.7291598348507637,0.0021822348780466,16.241752388981656
7454.200000000001,3.72930205442691,0.0021822348780466,16.241748082754036
7456.200000000001,3.72930205442691,0.0005413236957262198,16.24174412846461
7458.200000000001,3.72911291297261,0.0021822348780466,16.241740333663877
7460.200000000001,3.72930205442691,0.0021822348780466,16.241736811036443
7462.200000000001,3.7292551349343817,0.0,16.2417326313018
7464.200000000001,3.7288284722162484,0.0021822348780466,16.241729119583873
7466.200000000001,3.7298225585111573,0.0021822348780466,16.241724872481974
7468.200000000001,3.72949119588121,0.0021822348780466,16.241720846178712
7470.200000000001,3.7293489735135115,0.0016409021088421665,16.241716666203306
7472.200000000001,3.72968033733551,0.0021822348780466,16.24171275494496
7474.200000000001,3.7295381141813833,0.0005413236957262198,16.241709403144533
7476.200000000001,3.7299647804487552,0.0005413421270604824,16.24170597943711
7478.200000000001,3.729585030072398,0.0021822348780466,16.241702045324082
7480.200000000001,3.729538117745736,0.0021822348780466,16.24169803907257
7482.200000000001,3.729585032484639,0.0021822348780466,16.24169351727241
7484.200000000001,3.7298225624694723,0.0021822348780466,16.24168907465176
7486.200000000001,3.729964782065073,0.0021822348780466,16.241684552847452
7488.200000000001,3.72986947878981,0.0021822348780466,16.241680162132194
7490.200000000001,3.7298225581058695,0.0021822348780466,16.241676271018378
7492.200000000001,3.7300117015503957,0.0021822348780466,16.241671796533808
7494.200000000001,3.72986947878981,0.0021822348780466,16.24166745317121
7496.200000000001,3.729916393511768,0.0021822348780466,16.24166301480443
7498.200000000001,3.73024776169841,0.0021822348780466,16.241658944895928
7500.200000000001,3.72986947878981,0.0016408655529811008,16.241654709240485
7502.200000000001,3.7302008529339115,0.0021822348780466,16.24165025787942
7504.200000000001,3.73005862024411,0.0021822348780466,16.241646552327772
7506.200000000001,3.7302008414049896,0.0021822348780466,16.241642423002393
7508.200000000001,3.730343067361311,0.0016409158489694797,16.241638543606403
7510.200000000001,3.73005862024411,0.0021822348780466,16.241634793733684
7512.200000000001,3.73005862024411,0.0,16.241631489576182
7514.200000000001,3.730105538139135,0.0021822348780466,16.241627977739018
7516.200000000001,3.7301055393290046,0.0005413327495106516,16.241623602319113
7518.200000000001,3.7305791231374954,0.0021822348780466,16.241619568275496
7520.200000000001,3.73043690315271,0.0021822348780466,16.241615393987907
7522.200000000001,3.73043690315271,0.0021822348780466,16.24161137115866
7524.200000000001,3.7305791283000325,0.0021822348780466,16.24160699106459
7526.200000000001,3.730483822241196,0.0016409020871003392,16.241602899129006
7528.200000000001,3.7305307389939206,0.0,16.2415996254632
7530.200000000001,3.730721347077574,0.0021822348780466,16.24159674028319
7532.200000000001,3.73043690315271,0.0021822348780466,16.24159286441678
7534.200000000001,3.730532209582246,0.0021822348780466,16.241589230374835
7536.200000000001,3.73043690315271,0.0021822348780466,16.24158646727236
7538.200000000001,3.7310527009758725,0.0005413740515381677,16.24158338506596
7540.200000000001,3.7306729621313357,0.0021822348780466,16.241579735166376
7542.200000000001,3.7306729629063025,0.0021822348780466,16.24157542274291
7544.200000000001,3.730768267369646,0.0021822348780466,16.24157093155676
7546.200000000001,3.7307682661746706,0.0021822348780466,16.24156687673626
7548.200000000001,3.7306729609045903,0.0021822348780466,16.241563638113977
7550.200000000001,3.7306728065856474,0.0021822348780466,16.241559320804
7552.200000000001,3.7307682689564428,0.0021822348780466,16.241555060499028
7554.200000000001,3.73062604460701,0.0021822348780466,16.241551483321754
7556.200000000001,3.73081518606131,0.0021822348780466,16.241547134447597
7558.200000000001,3.7309104877480754,0.0021822348780466,16.241542758459158
7560.200000000001,3.73081518606131,0.0005413099219389716,16.24153865595172
7562.200000000001,3.7308621059442038,0.0021822348780466,16.241535078518726
7564.200000000001,3.73081518606131,0.0021822348780466,16.24153065038901
7566.200000000001,3.73062604460701,0.0005413099752889896,16.241526337710656
7568.200000000001,3.7310043275156,0.0021822348780466,16.241522282724574
7570.200000000001,3.7310043275156,0.0005413786652107243,16.241518203656767
7572.200000000001,3.7308621059445213,0.0021822348780466,16.24151426030853
7574.200000000001,3.73081518606131,0.0,16.241511135172043
7576.200000000001,3.7309574068462514,0.0005413510303066035,16.241507527810196
7578.200000000001,3.7309090051808727,0.0021822348780466,16.24150334189495
7580.200000000001,3.731099626817968,0.0021822348780466,16.24149892939422
7582.200000000001,3.7310996482748346,0.0021822348780466,16.241494453615154
7584.200000000001,3.73081518606131,0.0021822348780466,16.241490093300992
7586.200000000001,3.7310043275156,0.0,16.2414861601237
7588.200000000001,3.730862106732915,0.0021822348780466,16.24148209174684
7590.200000000001,3.7311934689699,0.0021822348780466,16.241477715482613
7592.200000000001,3.7312418543476835,0.0021822348780466,16.24147347041402
7594.200000000001,3.7311934689699,0.0021822348780466,16.241469010296303
7596.200000000001,3.7311934689699,0.0021822348780466,16.241464954996214
7598.200000000001,3.6520679778883385,2.4619713134180543,16.240984948339044
7600.200000000001,3.6443871413575213,2.5008411702415,16.235923296652324
7602.200000000001,3.6410017999932704,2.5008411702415,16.2308622677679
7604.200000000001,3.63796592864855,2.5008411702415,16.22580577252252
7606.200000000001,3.635667436060611,2.5008411702415,16.22075306813784
7608.200000000001,3.63321819564267,2.5008411702415,16.215703288406175
7610.200000000001,3.630958102695555,2.5008411702415,16.210657107692956
7612.200000000001,3.62905708364807,2.5008411702415,16.2056138154487
7614.200000000001,3.627184860214472,2.5008411702415,16.20057306054163
7616.200000000001,3.62546339601638,2.5008411702415,16.195534994060917
7618.200000000001,3.623770724506059,2.5008411702415,16.190499269110866
7620.200000000001,3.62224799129329,2.5008411702415,16.18546534042142
7622.200000000001,3.620346981271142,2.5008411702415,16.180434155073815
7624.200000000001,3.61922172802449,2.5008411702415,16.17540502099621
7626.200000000001,3.6177181933747935,2.5008411702415,16.170377814232072
7628.200000000001,3.616743694995398,2.5008411702415,16.16535248646645
7630.200000000001,3.6150606160299,2.5008411702415,16.16032877580426
7632.200000000001,3.6142944548991145,2.5008411702415,16.155306958595723
7634.200000000001,3.662894920861942,0.945629212584352,16.150534919717487
7636.200000000001,3.663877603857631,1.0004480115415992,16.148508070882013
7638.200000000001,3.664719495363004,0.99946357414538,16.146472508323587
7640.200000000001,3.6652684260904587,1.00044801446296,16.14443487668186
7642.200000000001,3.66575052578221,0.99946357414538,16.142398901110962
7644.200000000001,3.66612880869081,0.99946357414538,16.140362437298915
7646.200000000001,3.66640328019099,1.0006613066944516,16.13832587694027
7648.200000000001,3.666421761553527,0.99946357414538,16.136288354179523
7650.200000000001,3.666610904746462,1.000661326754057,16.134251615821306
7652.200000000001,3.6666777502582306,1.00164580902343,16.132213084141732
7654.200000000001,3.6669038533189284,0.99946357414538,16.1301739470931
7656.200000000001,3.66688537450801,1.0006613515427647,16.128136363888686
7658.200000000001,3.6667815602412355,1.00164580902343,16.126098502622572
7660.200000000001,3.6669707003594154,1.00164580902343,16.124060660579552
7662.200000000001,3.666866891405513,0.99946357414538,16.122023398207595
7664.200000000001,3.725547122971345,-0.750688798048058,16.12182473108534
7666.200000000001,3.728573388057541,-0.750688798048058,16.123379159847524
7668.200000000001,3.7308427426726842,-0.750688798048058,16.124934653412243
7670.200000000001,3.732733993782656,-0.748506563170012,16.126488011950325
7672.200000000001,3.7345701696111084,-0.7503675279145519,16.128041486974983
7674.200000000001,3.735760760851496,-0.748506563170012,16.129594717006523
7676.200000000001,3.73705685405319,-0.748506563170012,16.131148505437967
7678.200000000001,3.7382196017612217,-0.750688798048058,16.132705581833385
7680.200000000001,3.714226914258634,0.0021822348780466,16.1334202208564
7682.200000000001,3.714009620828132,0.0021822348780466,16.13341602752075
7684.200000000001,3.6304109575749077,2.5008411702415,16.130927165336736
7686.200000000001,3.6262299202465953,2.5008411702415,16.12588621625502
7688.200000000001,3.62319369856478,2.5008411702415,16.120850366181767
7690.200000000001,3.620724898156885,2.5008411702415,16.115818318331705
7692.200000000001,3.618644346582646,2.5008411702415,16.110789601927465
7694.200000000001,3.61638460621,2.5008411702415,16.10576387966823
7696.200000000001,3.6146718299127865,2.5008411702415,16.100740664864745
7698.200000000001,3.6131791629873637,2.5008411702415,16.09571998096893
7700.200000000001,3.6110986083224494,2.5008411702415,16.090701567503476
7702.200000000001,3.6097845753028013,2.5008411702415,16.08568523992593
7704.200000000001,3.60825152367511,2.5008411702415,16.080670850499217
7706.200000000001,3.6072952906322078,2.5008411702415,16.07565826079654
7708.200000000001,3.6059917878085024,2.5008411702415,16.070647227897854
7710.200000000001,3.604866950537087,2.5008411702415,16.06563777456013
7712.200000000001,3.66234597960482,0.752871032926105,16.062557335518093
7714.200000000001,3.66499395996501,0.752871032926105,16.06102495290706
7716.200000000001,3.66556138432791,0.752871032926105,16.059491971443826
7718.200000000001,3.66650709159941,0.752871032926105,16.057958549734465
7720.200000000001,3.66726365741661,0.752871032926105,16.05642485658691
7722.200000000001,3.667821304246925,0.752871032926105,16.054890907261914
7724.200000000001,3.66802022323381,0.752871032926105,16.053356746718883
7726.200000000001,3.668577871650899,0.752871032926105,16.05182245827026
7728.200000000001,3.66896593050531,0.752871032926105,16.05028801441421
7730.200000000001,3.6691452976764483,0.752871032926105,16.048753470745314
7732.200000000001,3.69468916829006,0.0012060379856355767,16.048196839415358
7734.200000000001,3.69601315847016,0.0009762012351703691,16.048193225284745
7736.200000000001,3.72192553770922,-0.750688798048058,16.048734317315244
7738.200000000001,3.724525727046906,-0.750688798048058,16.050287149225884
7740.200000000001,3.7265584028414644,-0.750688798048058,16.05184084329299
7742.200000000001,3.728119448648608,-0.750137797179273,16.053394980582304
7744.200000000001,3.72958440121701,-0.750688798048058,16.054950033780642
7746.200000000001,3.7306738204271435,-0.750688798048058,16.05650297826094
7748.200000000001,3.70641593845665,0.0021822348780466,16.056983346484007
7750.200000000001,3.70639688526395,0.0021822348780466,16.056979740475384
7752.200000000001,3.7065955575922396,0.0021822348780466,16.056975796131315
7754.200000000001,3.7071439453909916,0.0021822348780466,16.056971694235465
7756.200000000001,3.7071629835419126,0.0021822348780466,16.056967728140652
7758.200000000001,3.6733161839542,0.99946357414538,16.0554042976727
7760.200000000001,3.6721813352284,1.00164580902343,16.053362898645442
7762.200000000001,3.6711495402430603,1.00164580902343,16.051320857862926
7764.200000000001,3.67028992068541,1.000455579858582,16.049279819866367
7766.200000000001,3.669636693895209,1.00164580902343,16.047240121435326
7768.200000000001,3.66896593050531,1.0004535183444419,16.045200031059906
7770.200000000001,3.66858764759671,1.00164580902343,16.043160034706816
7772.200000000001,3.6678138021395896,1.00164580902343,16.041119974489266
7774.200000000001,3.667246115914797,1.0006558848347469,16.039080999773425
7776.200000000001,3.66669623305371,1.00164580902343,16.037041340922052
7778.200000000001,3.6663004106757837,0.99946357414538,16.035002664962647
7780.200000000001,3.6658363240270266,1.00164580902343,16.032965372717623
7782.200000000001,3.6656472800508726,1.000454603019608,16.030928326449928
7784.200000000001,3.665268902983561,1.00045351665583,16.028890662588775
7786.200000000001,3.66461567705641,1.0004535183455943,16.02685371328318
7788.200000000001,3.66423739414782,0.99946357414538,16.024817184620407
7790.200000000001,3.663945215451444,1.0006523746874332,16.02278167385131
7792.200000000001,3.723040609108264,-0.748506563170012,16.023354074429932
7794.200000000001,3.72570836679521,-0.748506563170012,16.024902801102165
7796.200000000001,3.635705597220481,2.00110938316881,16.023977150366406
7798.200000000001,3.632092870664032,2.00110938316881,16.01993744119617
7800.200000000001,3.629993267016595,2.00110938316881,16.015900730508875
7802.200000000001,3.628480136885708,2.00110938316881,16.01186625936274
7804.200000000001,3.6265887209990777,2.00110938316881,16.007833617768526
7806.200000000001,3.625453876790414,2.00110938316881,16.003802634791203
7808.200000000001,3.6237706422362312,2.00110938316881,15.999773111881398
7810.200000000001,3.6224562202828623,2.0009992711752163,15.995745284107011
7812.200000000001,3.621501296446473,2.00110938316881,15.991718447395442
7814.200000000001,3.620366095981197,2.00110938316881,15.987692795092379
7816.200000000001,3.61941086947879,2.00110938316881,15.983668704909364
7818.200000000001,3.6184746844442723,2.00110938316881,15.979645274961523
7820.200000000001,3.6175099150263934,2.00110938316881,15.975622952225164
7822.200000000001,3.61676288911859,2.00110938316881,15.971601552793546
7824.200000000001,3.6160063233014,2.00110938316881,15.967581068563641
7826.200000000001,3.615071110894562,2.00110938316881,15.9635613987677
7828.200000000001,3.6143242073208426,2.00110938316881,15.959542633148413
7830.200000000001,3.613557559779555,2.00110938316881,15.955524771973279
7832.200000000001,3.6131692014869,2.00110938316881,15.951507618017184
7834.200000000001,3.612591704744728,2.00110938316881,15.947491189983559
7836.200000000001,3.6114669283982,2.00110938316881,15.943475470522882
7838.200000000001,3.6110785715245224,2.00110938316881,15.939460530812589
7840.200000000001,3.610531295263286,2.00110938316881,15.935446289457948
7842.200000000001,3.60995379676381,2.00110938316881,15.931432648634981
7844.200000000001,3.60919723094661,2.00110938316881,15.927419740676553
7846.200000000001,3.60882939763938,2.00110938316881,15.923407360463045
7848.200000000001,3.6082414421206583,2.00110938316881,15.919395720308886
7850.200000000001,3.60768409931221,2.00110938316881,15.915384580909446
7852.200000000001,3.6072957407666735,2.00110938316881,15.911374010832501
7854.200000000001,3.6065593587043256,2.00110938316881,15.907363980973722
7856.200000000001,3.6061920643904486,2.00110938316881,15.903354570148402
7858.200000000001,3.60579268476921,2.00110938316881,15.899345718774944
7860.200000000001,3.6958144880857935,-0.748506563170012,15.897201082296679
7862.200000000001,3.70074169482765,-0.748506563170012,15.89873915254768
7864.200000000001,3.704080011675873,-0.748506563170012,15.900278837759647
7866.200000000001,3.706482168099742,-0.748506563170012,15.901822908880805
7868.200000000001,3.708931459369397,-0.748506563170012,15.903364701047202
7870.200000000001,3.71057705045124,-0.750688798048058,15.904909467200454
7872.200000000001,3.71265760644854,-0.750688798048058,15.906456146340913
7874.200000000001,3.714293651953236,-0.750688798048058,15.908004766483048
7876.200000000001,3.715617647365297,-0.750688798048058,15.909551544198195
7878.200000000001,3.69147376356697,0.0021822348780466,15.909933020892186
7880.200000000001,3.6914082864381106,0.0021822348780466,15.909929196708482
7882.200000000001,3.691917418779521,0.0021822348780466,15.909925320846945
7884.200000000001,3.69241947083847,0.0021822348780466,15.909920844806631
7886.200000000001,3.69260861229277,0.0014267808783221378,15.909916960308326
7888.200000000001,3.66745279887091,0.752871032926105,15.908756625897
7890.200000000001,3.666611408943292,0.752871032926105,15.907222854872138
7892.200000000001,3.66593966723651,0.752871032926105,15.905689366584156
7894.200000000001,3.66556138432791,0.752871032926105,15.904156058844395
7896.200000000001,3.66509822793124,0.752871032926105,15.902622936087397
7898.200000000001,3.66499395996501,0.752871032926105,15.90108998308713
7900.200000000001,3.6647199453502974,0.752871032926105,15.899557068640537
7902.200000000001,3.664530805316032,0.752871032926105,15.898024321567341
7904.200000000001,3.6640288596360833,0.752871032926105,15.896492010717287
7906.200000000001,3.66377423649453,0.752871032926105,15.894959625607582
7908.200000000001,3.66348082833062,0.752871032926105,15.893427173934926
7910.200000000001,3.66348082833062,0.752871032926105,15.891894964295803
7912.200000000001,3.66310254542202,0.752871032926105,15.890362734327327
7914.200000000001,3.6546383784547154,0.99946357414538,15.888574592703097
7916.200000000001,3.653929361040226,1.00164580902343,15.886543028090703
7918.200000000001,3.653692668013126,1.00164580902343,15.884510395912185
7920.200000000001,3.6531735928785936,1.001105867994371,15.88247895432448
7922.200000000001,3.6527941520839917,1.0000080709534893,15.880449236900908
7924.200000000001,3.65232148252694,0.99946357414538,15.87841963385343
7926.200000000001,3.651990392151707,0.99946357414538,15.8763890093083
7928.200000000001,3.65956661561188,0.7522046473727396,15.874531217267606
7930.200000000001,3.65969799924462,0.752871032926105,15.873000632878528
7932.200000000001,3.65988714069892,0.752871032926105,15.87147050224178
7934.200000000001,3.66007628215322,0.752871032926105,15.869939725406388
7936.200000000001,3.6600191425795794,0.752871032926105,15.868409157687386
7938.200000000001,3.6598582379040088,0.750688798048058,15.866878642396616
7940.200000000001,3.65950885779032,0.752871032926105,15.865348032214904
7942.200000000001,3.6592911823752634,0.752871032926105,15.863817390189237
7944.200000000001,3.65931971633602,0.752871032926105,15.862286797161254
7946.200000000001,3.6594517862300266,0.752871032926105,15.86075637204721
7948.200000000001,3.6592907374510215,0.752871032926105,15.85922585783842
7950.200000000001,3.659159111051878,0.752871032926105,15.857695401880608
7952.200000000001,3.6591020303935764,0.752541698577725,15.856165761842325
7954.200000000001,3.6587808449877195,0.752871032926105,15.85463562237811
7956.200000000001,3.65875229197312,0.752871032926105,15.853105411347752
7958.200000000001,3.7093006140295297,-0.748506563170012,15.853553971968235
7960.200000000001,3.71171189917704,-0.750688798048058,15.855101253485024
7962.200000000001,3.713697340533391,-0.750688798048058,15.856649001744932
7964.200000000001,3.7149748576518817,-0.748506563170012,15.858195115236795
7966.200000000001,3.65648259452153,1.00164580902343,15.856624765102602
7968.200000000001,3.65496946288713,0.99946357414538,15.854591961801615
7970.200000000001,3.6542310095188233,1.00164580902343,15.852559777592473
7972.200000000001,3.65345633125273,1.000452235892555,15.850528396389267
7974.200000000001,3.65269976543553,1.00164580902343,15.848497095018892
7976.200000000001,3.652028615113046,1.000660320821685,15.846467703893946
7978.200000000001,3.65175405816404,0.99946357414538,15.844438313662081
7980.200000000001,3.651083047053598,1.000658714651337,15.842409321966118
7982.200000000001,3.65043006798394,1.00164580902343,15.840379509324507
7984.200000000001,3.650326408509546,1.0004498294255175,15.83834896581177
7986.200000000001,3.5991918986649227,2.5008411702415,15.834612163690178
7988.200000000001,3.59633561205423,2.5008411702415,15.829613809972619
7990.200000000001,3.5937067999833423,2.5008411702415,15.82461907494604
7992.200000000001,3.59198535860534,2.5008411702415,15.819626994689276
7994.200000000001,3.59009394406234,2.5008411702415,15.814637794996035
7996.200000000001,3.588306866887349,2.5008411702415,15.809650893151701
7998.200000000001,3.58668939788494,2.5008411702415,15.804666289116554
8000.200000000001,3.58545039920226,2.5008411702415,15.799683493858945
8002.200000000001,3.5843155465944827,2.5008411702415,15.794702814574034
8004.200000000001,3.582972399218437,2.5008411702415,15.789723779159647
8006.200000000001,3.581875870510609,2.5008411702415,15.784746476754078
8008.200000000001,3.5807410251848806,2.5008411702415,15.779770788393785
8010.200000000001,3.57969116407586,2.5008411702415,15.774796648209383
8012.200000000001,3.57874545680436,2.5008411702415,15.769823984318727
8014.200000000001,3.57759144470498,2.5018217381916146,15.764852514634283
8016.200000000001,3.662316127636999,0.0021822348780466,15.764115858902805
8018.200000000001,3.66499395996501,0.0021822348780466,15.764111417182416
8020.200000000001,3.66688537450801,0.0021822348780466,15.764107003673322
8022.200000000001,3.6687667338327623,0.0021822348780466,15.76410255683622
8024.200000000001,3.6702799506456834,0.0021822348780466,15.764098108194425
8026.200000000001,3.6712356279569,0.0021822348780466,15.764093658035659
8028.200000000001,3.6723704766827,0.0021822348780466,15.764089206478927
8030.200000000001,3.673306235134112,0.0021822348780466,15.764084784724934
8032.200000000001,3.6742718415518776,0.0021822348780466,15.764080580031969
8034.200000000001,3.6753767960179005,0.0021822348780466,15.764076156106237
8036.200000000001,3.6759541778713287,0.0020670154807025153,15.764071858856154
8038.200000000001,3.676710780059844,0.0021822348780466,15.764067434726098
8040.200000000001,3.67747729594879,0.0021822348780466,15.7640629768154
8042.200000000001,3.6780246157063146,0.0021822348780466,15.76405854781351
8044.200000000001,3.6787913135739645,0.0021822348780466,15.764054090099068
8046.200000000001,3.679358691283484,0.00011559742890281891,15.764049998337844
8048.200000000001,3.6797569438906295,0.0021822348780466,15.764046573010122
8050.200000000001,3.6803243622437245,0.0021822348780466,15.76404262182996
8052.200000000001,3.6805135143831564,0.0020673763474509097,15.76403871651822
8054.200000000001,3.681090931719058,0.002067158244273088,15.764034799867954
8056.200000000001,3.681627930546159,0.002061351057240769,15.764031334126882
8058.200000000001,3.6816483585180673,0.0020674293152103556,15.764027235522663
8060.200000000001,3.682195886404623,0.0021822348780466,15.764022835584125
8062.200000000001,3.68258411521489,0.0021822348780466,15.76401875210686
8064.200000000001,3.68314156953733,0.0021822348780466,15.76401468220488
8066.200000000001,3.68335067472738,0.0021822348780466,15.764010216811426
8068.200000000001,3.6838981567385067,0.0021822348780466,15.764005751080814
8070.200000000001,3.68409724684928,0.0021822348780466,15.76400136748014
8072.200000000001,3.684644767568093,0.0021822348780466,15.763997014823131
8074.200000000001,3.68447552975788,0.0021822348780466,15.763992547866938
8076.200000000001,3.68504295412078,0.0021822348780466,15.763988750607204
8078.200000000001,3.685222148336859,0.0020674678098391982,15.763984475033633
8080.200000000001,3.68561037848368,0.0021822348780466,15.76398041811768
8082.200000000001,3.685789569533927,0.0021822348780466,15.763976255966707
8084.200000000001,3.68598866139228,0.0001150775131496971,15.763972136375655
8086.200000000001,3.68617780284658,0.0021822348780466,15.763968383847256
8088.200000000001,3.68654613526581,0.0021822348780466,15.763963930381392
8090.200000000001,3.686725335577124,0.0021822348780466,15.763959461040038
8092.200000000001,3.686755177364683,0.0021822348780466,15.763955070313607
8094.200000000001,3.68674522720948,0.0021822348780466,15.763950600567249
8096.200000000001,3.687133460356081,0.0021822348780466,15.763946130599441
8098.200000000001,3.687511744937122,0.0021822348780466,15.763941727551664
8100.200000000001,3.68731265157238,0.0021822348780466,15.763937417412105
8102.200000000001,3.6875118543324157,0.0021822348780466,15.76393294676625
8104.200000000001,3.688059244915041,0.0021822348780466,15.763928554871724
8106.200000000001,3.68806921738958,0.0021822348780466,15.763924208930657
8108.200000000001,3.6880791646255995,0.0021822348780466,15.763919753341366
8110.200000000001,3.68806921738958,0.0021822348780466,15.763915281952961
8112.200000000001,3.6886266915110855,0.0021822348780466,15.763910826089296
8114.200000000001,3.6882683251185453,0.0021822348780466,15.763906510784464
8116.200000000001,3.6882683090843846,0.0021822348780466,15.763902179754758
8118.200000000001,3.68863664175247,0.0021822348780466,15.763897911220848
8120.200000000001,3.6886565452388385,0.0021822348780466,15.763893631351598
8122.200000000001,3.6890049727546725,0.0021822348780466,15.763889437131164
8124.200000000001,3.68901492466107,0.0021822348780466,15.763885208530185
8126.200000000001,3.689214014854421,0.0021822348780466,15.763881988378039
8128.200000000001,3.6892239667596365,0.0021822348780466,15.76387762529439
8130.200000000001,3.689214016440215,0.0021822348780466,15.763873423065457
8132.200000000001,3.689403157807462,0.0021822348780466,15.763869075258658
8134.200000000001,3.68958234902397,0.0021822348780466,15.763864731963178
8136.200000000001,3.6895922996845343,0.0021822348780466,15.763860258811684
8138.200000000001,3.689950684692147,0.0021822348780466,15.763855910718076
8140.200000000001,3.6903289657680056,0.0021822348780466,15.76385160947147
8142.200000000001,3.68977149047827,0.0021822348780466,15.76384732379671
8144.200000000001,3.6901397997497627,0.0021822348780466,15.763843058137189
8146.200000000001,3.69033891484117,0.0021822348780466,15.76383860001932
8148.200000000001,3.690328947913698,0.0021822348780466,15.763834126157754
8150.200000000001,3.6905180997956295,0.0021822348780466,15.763829746115093
8152.200000000001,3.6901597160353203,0.0021822348780466,15.76382530339877
8154.200000000001,3.6905180837362384,0.0021822348780466,15.763820845029894
8156.200000000001,3.69052805629547,0.0021822348780466,15.763816370843283
8158.200000000001,3.69052805629547,0.0021822348780466,15.763812359655763
8160.200000000001,3.6908963936342203,0.0021822348780466,15.763807916565344
8162.200000000001,3.6909266538712364,0.0021822348780466,15.763803442056448
8164.200000000001,3.690896371758489,0.0021822348780466,15.763798967462469
8166.200000000001,3.69090633920407,0.0021822348780466,15.763794492905804
8168.200000000001,3.6907271465744826,0.0021822348780466,15.763790018238543
8170.200000000001,3.69128462211267,0.0021822348780466,15.76378554345542
8172.200000000001,3.69109548065837,0.0021822348780466,15.763781068642954
8174.200000000001,3.69109548065837,0.0021822348780466,15.763776672113432
8176.200000000001,3.69147376356697,0.0021822348780466,15.763772197099676
8178.200000000001,3.6911153811374544,0.0021822348780466,15.763767721953515
8180.200000000001,3.69128462211267,0.0021822348780466,15.763763439592894
8182.200000000001,3.69147376356697,0.0021822348780466,15.763758964353098
8184.200000000001,3.691274653573779,0.0021822348780466,15.763754708250042
8186.200000000001,3.69128462211267,0.0021822348780466,15.763750264202422
8188.200000000001,3.691483712137935,0.0021822348780466,15.763746028168546
8190.200000000001,3.69147376356697,0.0021822348780466,15.76374176083292
8192.2,3.6916529535284925,0.0021822348780466,15.76373738377708
8194.2,3.69166290502127,0.0021822348780466,15.76373325721903
8196.2,3.6915036052862575,0.0021822348780466,15.763728781553471
8198.2,3.69185204647557,0.0021822348780466,15.763724305992964
8200.2,3.69204118792987,0.0021822348780466,15.76371987722436
8202.2,3.6918619983034198,0.0021822348780466,15.763715401441214
8204.2,3.6916728777484966,0.0021822348780466,15.763711165002888
8206.2,3.691861993466354,0.0021822348780466,15.763707058441446
8208.2,3.69205113675391,0.0021822348780466,15.763702786047133
8210.2,3.69223032938417,0.0021822348780466,15.763698310011085
8212.2,3.6918420977358584,0.0021822348780466,15.763694104822589
8214.2,3.69223032938417,0.0021822348780466,15.763689628788677
8216.2,3.6920511381719274,0.0021822348780466,15.763685152657976
8218.2,3.692409520432876,0.0021822348780466,15.763680676481394
8220.2,3.6920610760674633,0.0021822348780466,15.763676200234453
8222.2,3.69223032938417,0.0021822348780466,15.763671723928178
8224.2,3.692240300432925,0.0021822348780466,15.763667247551236
8226.2,3.6924095235174734,0.0021822348780466,15.763662771181997
8228.2,3.692061085571182,0.0021822348780466,15.76365829471743
8230.2,3.692409523351466,0.0021822348780466,15.763653818282437
8232.2,3.69241947083847,0.0021822348780466,15.763649341814235
8234.2,3.69241947083847,0.0021822348780466,15.763644865303526
8236.2,3.69240902040282,0.0021822348780466,15.763640388774764
8238.2,3.69241947083847,0.0021822348780466,15.763635912182233
8240.2,3.7185714794309894,-0.8125790633482393,15.763735115968704
8242.2,3.7186824753291288,-0.750688798048058,15.765288251066243
8244.2,3.71965584025762,-0.750688798048058,15.766839299435588
8246.2,3.72060154752912,-0.750688798048058,15.768390763139276
8248.2,3.7211964697141173,-0.750688798048058,15.769942536038908
8250.2,3.72192553770922,-0.750688798048058,15.771494607453835
8252.2,3.7226266492949036,-0.750688798048058,15.773046974648537
8254.2,3.629708395696131,1.99892714829076,15.770310983559451
8256.2,3.6259469344435327,2.00110938316881,15.766280050649394
8258.2,3.62319369856478,2.00110938316881,15.762250722629956
8260.2,3.6206511023308017,2.00110938316881,15.758224166349724
8262.2,3.6186761521735247,2.00110938316881,15.754200305758824
8264.2,3.61676288911859,2.00110938316881,15.750178449494003
8266.2,3.6149767278054337,2.00110938316881,15.746158687530427
8268.2,3.613253091823091,2.00110938316881,15.742140794214247
8270.2,3.6117399580777247,2.00110938316881,15.738124704608897
8272.2,3.6102268264401545,2.00110938316881,15.734110282807073
8274.2,3.60881894803801,2.00110938316881,15.73009757695893
8276.2,3.607552193825958,2.00110938316881,15.726086367259496
8278.2,3.60617096767781,2.00110938316881,15.722076560630995
8280.2,3.60465783604341,2.00110938316881,15.71806813079361
8282.2,3.6037782868862838,2.00110938316881,15.714061214861362
8284.2,3.6023219900680594,2.00110938316881,15.710055559665179
8286.2,3.601376276772209,2.00110938316881,15.706051201359234
8288.2,3.6005628790728452,2.00110938316881,15.70204796270523
8290.2,3.599305039949639,2.00110938316881,15.698045981253662
8292.2,3.59841616805152,2.00110938316881,15.69404498171572
8294.2,3.59747046078003,2.00110938316881,15.69004501621055
8296.2,3.596533698617714,1.99892714829076,15.686046207890978
8298.2,3.595891173492275,1.99892714829076,15.68205259627487
8300.2,3.5948886370258912,2.00110938316881,15.678056378808
8302.2,3.686649768474519,-0.750688798048058,15.67760568857206
8304.2,3.69052805629547,-0.750688798048058,15.679144157491349
8306.2,3.69322368618942,-0.748506563170012,15.68068231131585
8308.2,3.6953504507532444,-0.748506563170012,15.682219734227267
8310.2,3.697289529500818,-0.748506563170012,15.683756960307612
8312.2,3.6989441810738115,-0.748506563170012,15.685294702186514
8314.2,3.6271755738080915,1.4995381901623923,15.685915304807152
8316.2,3.623581549849704,1.49919536121807,15.682896081040683
8318.2,3.62186970838469,1.49919536121807,15.679878612899643
8320.2,3.62016743529599,1.49919536121807,15.67686276922081
8322.2,3.6188533993619467,1.49919536121807,15.673847361984768
8324.2,3.6182855873009,1.49919536121807,15.67083278525357
8326.2,3.61714117202719,1.49919536121807,15.667819624217927
8328.2,3.61638460621,1.49919536121807,15.66480686200231
8330.2,3.6156280403928,1.49919536121807,15.661794573542132
8332.2,3.6145130095654845,1.5012632707901146,15.658783047433307
8334.2,3.614143599629533,1.49919536121807,15.655772067822692
8336.2,3.613727043617696,1.49919536121807,15.652761786334807
8338.2,3.6129896264209025,1.49919536121807,15.649752167644811
8340.2,3.612403049172842,1.49919536121807,15.646742566895577
8342.2,3.6118452113068,1.49919536121807,15.643733707966867
8344.2,3.6875494916313425,-0.750688798048058,15.643983932580197
8346.2,3.690482009445662,-0.7490568850405542,15.645522145940097
8348.2,3.6928454523523935,-0.750688798048058,15.647059774232272
8350.2,3.643498369723807,0.752871032926105,15.646119663857256
8352.2,3.6429204835178486,0.752871032926105,15.644595852598787
8354.2,3.64248612690335,0.752871032926105,15.643072256710742
8356.2,3.642363520352361,0.752871032926105,15.641548808911345
8358.2,3.64210784399475,0.752871032926105,15.64002540363305
8360.2,3.64210784399475,0.752871032926105,15.638502048562815
8362.2,3.641985235562185,0.752871032926105,15.636978758295173
8364.2,3.64172956108615,0.752871032926105,15.635455496651984
8366.2,3.64154041963185,0.752871032926105,15.633932295380601
8368.2,3.641473880443893,0.752871032926105,15.632409136578634
8370.2,3.641417814752029,0.752871032926105,15.630886029571602
8372.2,3.64135127817755,0.752871032926105,15.629362980003881
8374.2,3.6412286753552494,0.752871032926105,15.627839944756136
8376.2,3.641284738988052,0.752871032926105,15.626316973816863
8378.2,3.64116213672325,0.752871032926105,15.62479401535459
8380.2,3.640916924917408,0.752871032926105,15.623271128296372
8382.2,3.64097299526895,0.752871032926105,15.621748273101252
8384.2,3.63265077127977,1.00164580902343,15.61994312522333
8386.2,3.63208334691687,1.00164580902343,15.617922499288799
8388.2,3.63145012198709,1.0008866296432533,15.615903009141576
8390.2,3.63132678109967,1.00164580902343,15.613883164438818
8392.2,3.6305126749634047,1.00164580902343,15.611862729802267
8394.2,3.6304466465514396,1.00164580902343,15.609843159934675
8396.2,3.6302577272852843,1.00164580902343,15.607824113130386
8398.2,3.630126128152966,1.00164580902343,15.605805029491616
8400.2,3.629558706340315,1.000886616908362,15.603786795093765
8402.2,3.6295011707046285,1.00164580902343,15.601768476966077
8404.2,3.6298235112988406,0.99946357414538,15.59975012842537
8406.2,3.62876423122344,0.99946357414538,15.597732162462197
8408.2,3.628593370666033,1.00164580902343,15.595713907175957
8410.2,3.6282149514737494,1.00164580902343,15.59369507810832
8412.2,3.62811137637658,1.00164580902343,15.59167704053722
8414.2,3.62792223492228,1.00164580902343,15.589658974339486
8416.2,3.6276293812186506,1.00164580902343,15.587641329516833
8418.2,3.62754395201368,1.0006601496763794,15.585625053941516
8420.2,3.62716566910508,1.0006587538104665,15.583608309854359
8422.2,3.62697652765078,1.0006601909533939,15.5815921915303
8424.2,3.62659824474218,1.00164580902343,15.579574055790335
8426.2,3.626476251133789,0.99946357414538,15.57755686512253
8428.2,3.626305390170189,1.00164580902343,15.575540732276831
8430.2,3.62584167892498,1.00164580902343,15.573524055742578
8432.2,3.682878709732839,-0.7684366738798522,15.571960099057286
8434.2,3.68655608575518,-0.749722361571888,15.57349362455538
8436.2,3.68882578320677,-0.750688798048058,15.575028330183383
8438.2,3.6904226808220413,-0.750688798048058,15.576567061734155
8440.2,3.69204118792987,-0.750688798048058,15.57810352378635
8442.2,3.621757772820328,1.4727635062897617,15.579059459622398
8444.2,3.61676288911859,1.49919536121807,15.576048243382202
8446.2,3.6149381066671644,1.49919536121807,15.573036102689708
8448.2,3.6133583429412,1.49919536121807,15.570025576144353
8450.2,3.6120343527611,1.49919536121807,15.567015386230104
8452.2,3.6111554773027494,1.49919536121807,15.564007075759946
8454.2,3.6100206930205396,1.49919536121807,15.56099888936634
8456.2,3.60919723094661,1.49919536121807,15.557992164106595
8458.2,3.6083846955210697,1.49919536121807,15.554986146560015
8460.2,3.60768409931221,1.49919536121807,15.551980555726281
8462.2,3.60692753349501,1.49919536121807,15.548975112218034
8464.2,3.6061041899812354,1.49919536121807,15.545971131003741
8466.2,3.60579268476921,1.49919536121807,15.54296750876843
8468.2,3.6051584335015914,1.49919536121807,15.539964365986366
8470.2,3.6043461332745705,1.49919536121807,15.536960631778195
8472.2,3.62073485965889,0.99946357414538,15.534733304013002
8474.2,3.6209519956055907,0.99946357414538,15.532720986231283
8476.2,3.62092400111319,1.0013228223244623,15.530709413683656
8478.2,3.62130228402179,1.0013228040556692,15.528696695221523
8480.2,3.6210852520772523,0.9997853629398437,15.526685588234457
8482.2,3.62111314256749,0.9997865689447282,15.524673762880381
8484.2,3.6208961419685393,1.0013243818812165,15.522662313222808
8486.2,3.620706870035356,0.99946357414538,15.520649585755516
8488.2,3.62054571820459,1.0013228534889254,15.518637528685819
8490.2,3.62054571820459,0.9997865344151528,15.516626060276494
8492.2,3.6207069423650142,1.00164580902343,15.51461404213742
8494.2,3.620195432544856,1.00164580902343,15.512602728173714
8496.2,3.62016743529599,0.99946357414538,15.510591074583719
8498.2,3.62016743529599,1.0013228067888322,15.508578779366928
8500.2,3.61997829384169,0.9997865581076782,15.506566612573563
8502.2,3.6199505807034034,0.99946357414538,15.50455461176534
8504.2,3.6199503379514497,0.9997861174976809,15.502543576524037
8506.2,3.6196280052462466,0.99946357414538,15.500532043711354
8508.2,3.6025619154170396,1.49919536121807,15.497923526734212
8510.2,3.6017184602007335,1.49919536121807,15.494922914740819
8512.2,3.6007881186742425,1.49919536121807,15.491923449023961
8514.2,3.6003944684332865,1.49919536121807,15.488923453490784
8516.2,3.5998424105458473,1.49919536121807,15.48592460062706
8518.2,3.59917273386872,1.50137759609612,15.482925938335208
8520.2,3.598400804618087,1.5001978502270672,15.479927267463772
8522.2,3.5981401400312243,1.49919536121807,15.476929593365261
8524.2,3.5975573556181013,1.49919536121807,15.473931652589012
8526.2,3.59709217787143,1.49919536121807,15.470935411201726
8528.2,3.59671389496283,1.500375067523328,15.467939301340937
8530.2,3.59652475350853,1.5001978843464006,15.464942673122165
8532.2,3.5958550724180944,1.49919536121807,15.461946906623895
8534.2,3.59576818769133,1.50137759609612,15.458950919671457
8536.2,3.595287652210703,1.49919536121807,15.455954737129995
8538.2,3.59482248041983,1.49919536121807,15.452959782949913
8540.2,3.594341941897291,1.49919536121807,15.449964925391113
8542.2,3.59406591460263,1.49919536121807,15.446969787179752
8544.2,3.6667850892985667,-0.7588122836355198,15.444637755768865
8546.2,3.671554663168738,-0.748506563170012,15.446167952356124
8548.2,3.6740727497714,-0.7488483324564557,15.447696040891072
8550.2,3.6761829261048584,-0.748506563170012,15.449224349037884
8552.2,3.678015097302123,-0.750688798048058,15.450757329962645
8554.2,3.679776616751358,-0.748506563170012,15.452289658654013
8556.2,3.6813900289854087,-0.748506563170012,15.453820177527547
8558.2,3.68277325666918,-0.748506563170012,15.45535208761133
8560.2,3.684227142784472,-0.748506563170012,15.456883756463485
8562.2,3.580969699516923,2.4796481467493137,15.457443823384368
8564.2,3.5738095937772187,2.5008411702415,15.452476609979728
8566.2,3.57023409136087,2.5008411702415,15.447513815904431
8568.2,3.5679462415540106,2.5008411702415,15.442555154313615
8570.2,3.5654964626963688,2.5008411702415,15.437599824621007
8572.2,3.5639742379984303,2.5008411702415,15.432646529882707
8574.2,3.56172272591739,2.5008411702415,15.427696081934743
8576.2,3.55983131137439,2.5008411702415,15.422748412231986
8578.2,3.5586783080399176,2.5008411702415,15.417803271079782
8580.2,3.55718333101419,2.5008411702415,15.412860164530866
8582.2,3.5556611068483908,2.5008411702415,15.407918873974332
8584.2,3.554544441602466,2.5008411702415,15.40297945043216
8586.2,3.5534091967979635,2.5008411702415,15.398041450434919
8588.2,3.5524638681537746,2.5008411702415,15.393105092480555
8590.2,3.551689137816983,2.5008411702415,15.388170200319827
8592.2,3.550743620956708,2.5008411702415,15.383236627662226
8594.2,3.54942853138791,2.5008411702415,15.378304396346202
8596.2,3.6069929029370806,0.752871032926105,15.374997900776178
8598.2,3.609320759992676,0.752871032926105,15.37348870809596
8600.2,3.610710362581,0.752871032926105,15.37197882200659
8602.2,3.611532541840989,0.752871032926105,15.370468445310143
8604.2,3.6121578807733257,0.752871032926105,15.368957726775916
8606.2,3.6127909185783,0.752871032926105,15.367446744807824
8608.2,3.613481874056716,0.752871032926105,15.365935524218541
8610.2,3.6137366258498,0.752871032926105,15.36442409157346
8612.2,3.6143040502127,0.752871032926105,15.362912512652183
8614.2,3.6147475732313814,0.752871032926105,15.361400774618408
8616.2,3.614747525316852,0.752871032926105,15.359888874966646
8618.2,3.6150606160299,0.751444028617703,15.358377191472895
8620.2,3.615184146661705,0.752871032926105,15.356865428797006
8622.2,3.6157515662705797,0.752871032926105,15.355353187049147
8624.2,3.6652439834222252,-0.748506563170012,15.35468667835199
8626.2,3.6682927100824654,-0.750688798048058,15.356213314143652
8628.2,3.670585113085331,-0.750688798048058,15.357740577559333
8630.2,3.6723704766827,-0.748506563170012,15.35926933671407
8632.2,3.6740727497714,-0.748506563170012,15.360799803982545
8634.2,3.675419192765403,-0.748506563170012,15.36233004646245
8636.2,3.6768040733767453,-0.750688798048058,15.363862158024274
8638.2,3.587914435224334,2.0004156775366386,15.363806547920476
8640.2,3.58347399316185,2.00110938316881,15.359820635121377
8642.2,3.5808560757467136,2.00110938316881,15.355838246376434
8644.2,3.57912373971296,1.9992740135538358,15.351858435645662
8646.2,3.577262392111408,2.00110938316881,15.347880717763912
8648.2,3.5755901831526193,2.00110938316881,15.34390459095955
8650.2,3.57423612567555,2.00110938316881,15.339930003155448
8652.2,3.5731313437409673,2.00110938316881,15.335956928358899
8654.2,3.571966430490786,2.00110938316881,15.331985087258404
8656.2,3.5708315799980372,2.00110938316881,15.328014570432268
8658.2,3.57004494990657,2.00110938316881,15.324045224341145
8660.2,3.569318453121211,2.00110938316881,15.320077013050152
8662.2,3.6021533350841626,0.99946357414538,15.317730383239056
8664.2,3.60276642150042,0.99946357414538,15.315728358134644
8666.2,3.6030990455823986,0.99946357414538,15.313726110934054
8668.2,3.6034776760401925,0.99946357414538,15.311723718942066
8670.2,3.6034773265207956,0.999990389294172,15.309721670007466
8672.2,3.60371212877192,1.00164580902343,15.307719194014988
8674.2,3.6036664655741215,0.999990416995606,15.305716209886935
8676.2,3.63681188327436,0.0011916006551523281,15.304591804319614
8678.2,3.6387891495431255,0.0021822348780466,15.304588334987622
8680.2,3.6397522958301614,0.0021822348780466,15.304585206934416
8682.2,3.6628561863898783,-0.8858622747766287,15.30464061097292
8684.2,3.667695959984753,-0.750688798048058,15.30617726469922
8686.2,3.6697772725324875,-0.748506563170012,15.30770297995209
8688.2,3.6712901979739962,-0.748506563170012,15.309229299635842
8690.2,3.672559618137,-0.748506563170012,15.310756576200344
8692.2,3.62262627420188,0.752871032926105,15.309304866922126
8694.2,3.6217767856454146,0.752871032926105,15.307790067331378
8696.2,3.621206342698804,0.752871032926105,15.306275555941507
8698.2,3.6208280598299165,0.752871032926105,15.304761085230073
8700.2,3.620026262139338,0.752871032926105,15.303246740636988
8702.2,3.62016743529599,0.752871032926105,15.301732828100834
8704.2,3.619647978045772,0.752871032926105,15.300218765115002
8706.2,3.61978915238739,0.752871032926105,15.29870485994449
8708.2,3.619459241264094,0.752871032926105,15.297190948873853
8710.2,3.6193176693456635,0.752871032926105,15.295677430019095
8712.2,3.619551960159732,0.7512431877450556,15.294163653354236
8714.2,3.6190807840607095,0.752871032926105,15.292649987107156
8716.2,3.61884344511589,0.752871032926105,15.291136330967115
8718.2,3.6187951015672994,0.752871032926105,15.28962324599281
8720.2,3.6105212211267,0.99946357414538,15.28794928350432
8722.2,3.60976465530951,0.99946357414538,15.28594357218984
8724.2,3.609401269781081,1.0006406314507392,15.283937822611204
8726.2,3.6091101097690066,1.0006406413668418,15.281932268210312
8728.2,3.60844066512941,1.0004687868422193,15.27992613530146
8730.2,3.6083535421129644,0.99946357414538,15.277921329362956
8732.2,3.607960362677177,0.99946357414538,15.275917315869096
8734.2,3.60749495785791,0.99946357414538,15.273913034236909
8736.2,3.6072186927822814,1.00164580902343,15.271909195012146
8738.2,3.60701465711574,0.99946357414538,15.269905363794903
8740.2,3.6068255179787343,0.99946357414538,15.26790182940892
8742.2,3.606462126841516,0.99946357414538,15.265898457383837
8744.2,3.6063452137120575,1.000468763025586,15.263895926244587
8746.2,3.6058947008929554,0.99946357414538,15.261892981672322
8748.2,3.60579268476921,0.99946357414538,15.25989064121895
8750.2,3.6055083470229716,1.00164580902343,15.257888163466141
8752.2,3.6051776701743514,1.0000126503086084,15.255884967546711
8754.2,3.6047054310208653,1.0010966781086492,15.253882456832647
8756.2,3.60484697749771,1.0000126958225652,15.251879463066818
8758.2,3.60451628759025,1.00164580902343,15.24987554283199
8760.2,3.604231958160216,1.0000127050272682,15.247873240567557
8762.2,3.6042319617157252,0.99946357414538,15.245871356929367
8764.2,3.604042819086577,0.99946357414538,15.243870136823706
8766.2,3.6036643901481664,1.0010950207778218,15.241868517576282
8768.2,3.603616293390496,0.99946357414538,15.239866919352357
8770.2,3.60333384586332,0.99946357414538,15.23786533495058
8772.2,3.60295556295472,1.0010967009010245,15.235862597490538
8774.2,3.6598011290163712,-0.7514836634720954,15.234503904933234
8776.2,3.663583921177036,-0.748506563170012,15.236027353488884
8778.2,3.6657676594368303,-0.750688798048058,15.23755246667059
8780.2,3.667744877572386,-0.750688798048058,15.239081609192871
8782.2,3.669069065175019,-0.750688798048058,15.240611457068317
8784.2,3.6236157240184355,0.7078811042833204,15.241875655856388
8786.2,3.61978915238739,0.752871032926105,15.240368156100072
8788.2,3.61884344511589,0.752871032926105,15.23885432058941
8790.2,3.6183052475466737,0.752871032926105,15.237340797721064
8792.2,3.61770859639009,0.752871032926105,15.235827518312876
8794.2,3.6176794811358364,0.752871032926105,15.234314377619777
8796.2,3.6171120581123404,0.752871032926105,15.232801391695073
8798.2,3.616893797381587,0.752871032926105,15.231288496340344
8800.2,3.6165446122691978,0.752871032926105,15.229775731124692
8802.2,3.61638460621,0.752871032926105,15.22826304682338
8804.2,3.6161954647557,0.752871032926105,15.226750459623672
8806.2,3.616166349747026,0.752871032926105,15.225237944880952
8808.2,3.6160063233014,0.7525350824041735,15.223725724917504
8810.2,3.6156280403928,0.752871032926105,15.222213620604037
8812.2,3.6407006671282227,0.0009597731453562411,15.221513801623132
8814.2,3.641646372813227,0.0021822348780466,15.221509489039375
8816.2,3.64248612690335,0.0021822348780466,15.221505832927315
8818.2,3.64324269272055,0.0021822348780466,15.22150231521101
8820.2,3.6437041656772386,0.0021822348780466,15.22149876144143
8822.2,3.644271591436515,0.0021822348780466,15.22149489800676
8824.2,3.644861775256327,0.0021822348780466,15.22149073575028
8826.2,3.64532324871785,0.0021822348780466,15.221486332175532
8828.2,3.64551239017215,0.0021822348780466,15.221482319126002
8830.2,3.6459966257552496,0.0021822348780466,15.22147826322397
8832.2,3.646185765050178,0.0021822348780466,15.221474687452625
8834.2,3.64683638035224,0.0021822348780466,15.221470538532213
8836.2,3.6471087123614447,0.0021822348780466,15.221466194568071
8838.2,3.6472978538158847,0.0,15.2214620647063
8840.2,3.64759294616944,0.0009597914339436863,15.221459010658931
8842.2,3.647865267719783,0.0021822348780466,15.2214555711875
8844.2,3.64816037053234,0.0021822348780466,15.221451148352918
8846.2,3.64834951198664,0.0009598155589173184,15.221446796535423
8848.2,3.64872779489524,0.0021822348780466,15.22144239909951
8850.2,3.649000125126381,0.0021822348780466,15.22143797536209
8852.2,3.64910607780384,0.0021822348780466,15.221433551317219
8854.2,3.6495675528540317,0.0021822348780466,15.22142912700114
8856.2,3.6495675470184543,0.0021822348780466,15.221424702395481
8858.2,3.64986264362104,0.0021822348780466,15.221420277569656
8860.2,3.65005178507534,0.0021822348780466,15.221415852451386
8862.2,3.650346878316188,0.0021822348780466,15.22141145808027
8864.2,3.650785585982765,0.0021822348780466,15.221407032464773
8866.2,3.6507023984091007,0.0021822348780466,15.221402606666892
8868.2,3.6509143049626496,0.0021822348780466,15.221398196099672
8870.2,3.65099749234684,0.0021822348780466,15.221393867212761
8872.2,3.6512926284189335,0.0012229215043848502,15.221389495554622
8874.2,3.65137577525544,0.0021822348780466,15.221385564794728
8876.2,3.6516481054881225,0.0021822348780466,15.221381312357495
8878.2,3.651776821298194,0.0009598016852440795,15.221377217310165
8880.2,3.651837247831792,0.0021822348780466,15.221372807337616
8882.2,3.6519201511801085,0.0021822348780466,15.221368725236948
8884.2,3.652215447158143,0.0021822348780466,15.221364313166148
8886.2,3.6522155325155636,0.0021822348780466,15.221359885320531
8888.2,3.6524046732721316,0.0021822348780466,15.221355457443554
8890.2,3.6524046709916846,0.0021822348780466,15.221351029355873
8892.2,3.6527826158948944,0.0021822348780466,15.221346601227717
8894.2,3.652722524008551,0.0021822348780466,15.221342172728942
8896.2,3.65288890688983,0.0021822348780466,15.221337744186517
8898.2,3.65307804834413,0.0021822348780466,15.221333330972156
8900.2,3.65326718979843,0.0021822348780466,15.221329030575069
8902.2,3.6531840006405587,0.0021822348780466,15.221324601634686
8904.2,3.65345633125273,0.0021822348780466,15.221320172562445
8906.2,3.6533503803527174,0.0021822348780466,15.221315743446436
8908.2,3.6533503794648605,0.0021822348780466,15.221311314164227
8910.2,3.6537286592041216,0.0021822348780466,15.221306884740619
8912.2,3.6537514216410294,0.0021822348780466,15.221302455175802
8914.2,3.65383461416133,0.0021822348780466,15.221298071949994
8916.2,3.6539405661387083,0.0021822348780466,15.221293642085316
8918.2,3.65402375561563,0.0021822348780466,15.221289227722531
8920.2,3.654318846387263,0.0021822348780466,15.221284804472043
8922.2,3.6541901371061742,0.0021822348780466,15.221280919124995
8924.2,3.6544852295824963,0.0021822348780466,15.221276535377458
8926.2,3.65440203852423,0.0021822348780466,15.221272167078983
8928.2,3.65440203852423,0.0021822348780466,15.221267736647416
8930.2,3.654296088323501,0.0021822348780466,15.221263450134611
8932.2,3.65459117997853,0.0021822348780466,15.221259019549064
8934.2,3.6548635119894963,0.0021822348780466,15.221254588882571
8936.2,3.65469713107028,0.0021822348780466,15.221250158035758
8938.2,3.6550754122044626,0.0021822348780466,15.221245727170443
8940.2,3.6548635086231775,0.0021822348780466,15.221241424730394
8942.2,3.65496946288713,0.0021822348780466,15.221236993651972
8944.2,3.65496946288713,0.0021822348780466,15.221232562560118
8946.2,3.655264554355008,0.0021822348780466,15.221228131364445
8948.2,3.65515860434143,0.001222429545874682,15.221223758458539
8950.2,3.65534774579573,0.0021822348780466,15.221219428203081
8952.2,3.6551813674815556,0.0021822348780466,15.221215027745238
8954.2,3.65534774579573,0.0021822348780466,15.221210596199061
8956.2,3.6553704998027223,0.0021822348780466,15.221206359545263
8958.2,3.65534774579573,0.0021822348780466,15.221202371034055
8960.2,3.655324985061932,0.0021822348780466,15.221198036846058
8962.2,3.6555596503853445,0.0021822348780466,15.221193635986511
8964.2,3.6554309340664513,0.0021822348780466,15.22118941470851
8966.2,3.655620077108042,0.0021822348780466,15.22118511976457
8968.2,3.65572602870433,0.0021822348780466,15.221180922896362
8970.2,3.6556428402449663,0.0021822348780466,15.2211765044202
8972.2,3.6558319862639115,0.0021822348780466,15.221172481881373
8974.2,3.655831981000759,0.0021822348780466,15.221168271340366
8976.2,3.6559983570360677,0.0021822348780466,15.221164173670388
8978.2,3.6557487981796783,0.0021822348780466,15.221159741382964
8980.2,3.65629345306723,0.0021822348780466,15.221155510664321
8982.2,3.655892269420358,0.0021822348780466,15.221151078222771
8984.2,3.65610431161293,0.0021822348780466,15.221147042553705
8986.2,3.656187502165633,0.0021822348780466,15.22114302179075
8988.2,3.65629345306723,0.0021822348780466,15.221138589077578
8990.2,3.656187499500263,0.0021822348780466,15.221134156401414
8992.2,3.656210263405547,0.0021822348780466,15.221129794143602
8994.2,3.65629345306723,0.0021822348780466,15.221125361415288
8996.2,3.65629345306723,0.0012224251575608648,15.2211210328577
8998.2,3.65629345306723,0.001222483022596163,15.221116688542423
9000.2,3.6565885463124816,0.0021822348780466,15.221112654159647
9002.2,3.65667173597583,0.0021822348780466,15.221108252192629
9004.2,3.65648259452153,0.0021822348780466,15.221104091243317
9006.2,3.65629345306723,0.0021822348780466,15.221100120998628
9008.2,3.656588547390717,0.0021822348780466,15.221096076201965
9010.2,3.656777691060284,0.0021822348780466,15.221092633589832
9012.2,3.6567776871926316,0.0021822348780466,15.221088561606479
9014.2,3.6567776854831657,0.0021822348780466,15.22108428794239
9016.2,3.65667173597583,0.0021822348780466,15.22108053514805
9018.2,3.656588547010474,0.0021822348780466,15.221076261473867
9020.2,3.6569440672843183,0.0021822348780466,15.221071925704477
9022.2,3.6571559690881448,0.0021822348780466,15.221068070670611
9024.2,3.65675492633846,0.0021822348780466,15.221063823368514
9026.2,3.65705001888443,0.0021822348780466,15.221059420852509
9028.2,3.65696682940985,0.0021822348780466,15.22105515792032
9030.2,3.65723916033873,0.0021822348780466,15.221050755379071
9032.2,3.65705001888443,0.0021822348780466,15.221046383837654
9034.2,3.6571559694706295,0.0021822348780466,15.221041981201934
9036.2,3.6569668301099143,0.0021822348780466,15.2210375784096
9038.2,3.65723916033873,0.0021822348780466,15.221033805285186
9040.2,3.657345111937977,0.0021822348780466,15.221029511115155
9042.2,3.657155967313854,0.0021822348780466,15.221025236866135
9044.2,3.657155969087361,0.00122240906430448,15.221021327081525
9046.2,3.6573223517779105,0.0021822348780466,15.221017003118144
9048.2,3.65742830179303,0.0021822348780466,15.221012868441184
9050.2,3.657405536878605,0.0021822348780466,15.22100845487909
9052.2,3.657488723057229,0.0021822348780466,15.221004093453208
9054.2,3.65734511085628,0.0021822348780466,15.220999752433471
9056.2,3.65761744324733,0.0021822348780466,15.22099531826644
9058.2,3.6575342563714335,0.0021822348780466,15.220991281003196
9060.2,3.657451066710538,0.0021822348780466,15.2209868468297
9062.2,3.6575342535173223,0.0021822348780466,15.220982412646073
9064.2,3.65753425377275,0.0012224295641532208,15.220977987290276
9066.2,3.65761744324733,0.0021822348780466,15.220973750320336
9068.2,3.65742830179303,0.0021822348780466,15.220970012253723
9070.2,3.657700631136107,0.0021822348780466,15.220965808583145
9072.2,3.65780658470163,0.0012224126928237445,15.2209621835408
9074.2,3.65780658470163,0.00095982360197639,15.22095852296829
9076.2,3.6579125371896932,0.0021822348780466,15.220954866546007
9078.2,3.6577233996025367,0.0021822348780466,15.220951019641706
9080.2,3.6827011211294667,-0.7812668854829347,15.221114205689496
9082.2,3.68354046105969,-0.748506563170012,15.222647901409006
9084.2,3.65950885779032,0.0020594986419661078,15.223289013764862
9086.2,3.65913057488172,0.0021822348780466,15.223285059006905
9088.2,3.659309076530778,0.0021822348780466,15.223281592306419
9090.2,3.658952073140048,0.0021822348780466,15.22327757977743
9092.2,3.6589307969740235,0.0021822348780466,15.223275304386789
9094.2,3.6585738021506824,0.0021822348780466,15.223272050507429
9096.2,3.65872038154543,0.0021822348780466,15.223268594904752
9098.2,3.65875229197312,0.0021822348780466,15.22326520133171
9100.2,3.65856315051882,0.0021822348780466,15.223260765680815
9102.2,3.658741651988729,0.0021822348780466,15.223256376641011
9104.2,3.658920153822334,0.0021822348780466,15.223251941009508
9106.2,3.6587629287836716,0.0021822348780466,15.22324750529114
9108.2,3.6585737903204825,0.0020594773029344593,15.223243180862182
9110.2,3.65875229197312,0.0021822348780466,15.223238926660951
9112.2,3.6587416521721186,0.0021822348780466,15.22323528502237
9114.2,3.6589307921265224,0.0021822348780466,15.223231148630822
9116.2,3.6585950784250607,0.0021822348780466,15.223226837114668
9118.2,3.65910925375296,0.002059237751393645,15.223224132882091
9120.2,3.658930798291673,0.0021822348780466,15.223220837941394
9122.2,3.65875229197312,0.002059473178329529,15.223217985571878
9124.2,3.65894143342742,0.0021822348780466,15.22321474460214
9126.2,3.6587416551594862,0.0021822348780466,15.223211148912041
9128.2,3.658573790056038,0.0021822348780466,15.223207352652922
9130.2,3.6585737898099318,0.0021822348780466,15.22320293157665
9132.2,3.65894143342742,0.00012270790522114381,15.223199207052186
9134.2,3.658920111240223,0.0021822348780466,15.2231952621035
9136.2,3.65875229197312,0.0,15.2231915761341
9138.2,3.658930793800013,0.0021822348780466,15.22318836539447
9140.2,3.65875229197312,0.0021822348780466,15.223184038228935
9142.2,3.65875229197312,0.0021822348780466,15.223179602373847
9144.2,3.658930793625758,0.0021822348780466,15.223175197558616
9146.2,3.658952071913036,0.002059492486923723,15.223170984344868
9148.2,3.65894143342742,0.0001227709415098045,15.223166954201073
9150.2,3.658952073231108,0.0021822348780466,15.223163435522778
9152.2,3.6587735655973304,0.0021822348780466,15.22315953620313
9154.2,3.6587629346816355,0.0021822348780466,15.223155703555149
9156.2,3.65894143342742,0.0021822348780466,15.22315128304164
9158.2,3.6589307952113423,0.0021822348780466,15.223147099859263
9160.2,3.659119934987455,0.0021822348780466,15.223142663817411
9162.2,3.6593090780251383,0.0021822348780466,15.223138227748395
9164.2,3.659109298267443,0.0021822348780466,15.22313379171084
9166.2,3.6591199364822673,0.0021822348780466,15.223129355640106
9168.2,3.65894143342742,0.0021822348780466,15.223124950556118
9170.2,3.65913057488172,0.0021822348780466,15.223120833842874
9172.2,3.6591412132765493,0.0021822348780466,15.223116732804892
9174.2,3.6594981954656425,0.0021822348780466,15.223112658142115
9176.2,3.65913057488172,0.002055103515898398,15.223108868481278
9178.2,3.65931971633602,0.0021822348780466,15.223104661922138
9180.2,3.65894143342742,0.0021822348780466,15.223100560442594
9182.2,3.6591412161834866,0.0021822348780466,15.223096139705918
9184.2,3.65913057488172,0.0021822348780466,15.22309170352501
9186.2,3.65895238516498,0.0021822348780466,15.223087267327434
9188.2,3.65913057488172,0.0021822348780466,15.223082831036754
9190.2,3.6593090795208445,0.0021822348780466,15.223078394692465
9192.2,3.65913057488172,0.0021822348780466,15.223074071401347
9194.2,3.6593090793434473,0.0021822348780466,15.22306981452723
9196.2,3.6593303589510313,0.0021822348780466,15.22306593107729
9198.2,3.6593303546469014,0.0021822348780466,15.223061778564299
9200.2,3.65931971633602,0.0021822348780466,15.223057692459841
9202.2,3.65950885779032,0.0021822348780466,15.223053318082453
9204.2,3.6591195723766505,0.0021822348780466,15.22304989576865
9206.2,3.6594982226535406,0.0021822348780466,15.223046275949828
9208.2,3.65931971633602,0.0021822348780466,15.223042107713837
9210.2,3.659309079524808,0.0021822348780466,15.223037671292595
9212.2,3.659330356138563,0.0021822348780466,15.223033405966937
9214.2,3.65913057488172,0.0021822348780466,15.223028969502648
9216.2,3.6595198618764075,0.0021822348780466,15.223024639099178
9218.2,3.659676725446814,0.0021822348780466,15.223020205316054
9220.2,3.65931971633602,0.0021822348780466,15.223015768700234
9222.2,3.6593409903238325,0.0021822348780466,15.223011590067076
9224.2,3.608599592028515,1.5010289932136065,15.220652960801994
9226.2,3.60636010913211,1.49919536121807,15.2176474645601
9228.2,3.60465783604341,1.4995439860949462,15.214644103449366
9230.2,3.60295556295472,1.49919536121807,15.211642343867661
9232.2,3.60144243132032,1.49919536121807,15.208641547822577
9234.2,3.60049672404882,1.49919536121807,15.205642376141904
9236.2,3.599112299935275,1.50137759609612,15.202643905816894
9238.2,3.5977200351489795,1.50137759609612,15.199645170404946
9240.2,3.5626027340883284,2.5008411702415,15.195073747097666
9242.2,3.5598970104788283,2.5008411702415,15.190125838753577
9244.2,3.558063337180392,2.5008411702415,15.185181001874318
9246.2,3.556114180291367,2.5008411702415,15.180239107546983
9248.2,3.5540992001550378,2.5008411702415,15.175299747591804
9250.2,3.5529565199848827,2.5008411702415,15.170362797663785
9252.2,3.6572611640004333,-0.748506563170012,15.167118709402994
9254.2,3.662542455548472,-0.748506563170012,15.168642900164752
9256.2,3.6651904360964465,-0.748506563170012,15.170166582405267
9258.2,3.667460130188016,-0.748506563170012,15.171691209727623
9260.2,3.64425373022835,0.0021822348780466,15.17252747107855
9262.2,3.64437754144635,0.0021822348780466,15.172523428409393
9264.2,3.6448796334951914,0.0021822348780466,15.172519405319262
9266.2,3.6455777224857036,0.0021822348780466,15.17251515623331
9268.2,3.645766863333742,0.0,15.1725119267014
9270.2,3.64626895598935,0.0021822348780466,15.172509065519359
9272.2,3.64645809744365,0.0021822348780466,15.172505113461316
9274.2,3.64683638035224,0.0021822348780466,15.17250184862902
9276.2,3.64702552180654,0.0014284636871059642,15.172497847226417
9278.2,3.64746913861051,0.0021822348780466,15.17249399343845
9280.2,3.64778208762374,0.0021822348780466,15.172489581776743
9282.2,3.6480365608441234,0.0021822348780466,15.172485179395798
9284.2,3.64834951198664,0.0021822348780466,15.172480838348232
9286.2,3.64834951198664,0.0021822348780466,15.172476476944304
9288.2,3.6490411139043277,0.0021822348780466,15.172472053387562
9290.2,3.64910607780384,0.0021822348780466,15.172467819792756
9292.2,3.6493605543086116,0.0021822348780466,15.172463472976824
9294.2,3.64967350216674,0.0021822348780466,15.172459110402423
9296.2,3.6499279754438065,0.0021822348780466,15.172454957834152
9298.2,3.65018156884038,0.0021822348780466,15.172450943903268
9300.2,3.65024092652964,0.0021822348780466,15.1724465546394
9302.2,3.65043006798394,0.0021822348780466,15.172442288856198
9304.2,3.65061920943824,0.0021822348780466,15.172438439756158
9306.2,3.65061920943824,0.0021822348780466,15.172434328149912
9308.2,3.65099749234684,0.0021822348780466,15.172430313798213
9310.2,3.650932159055363,0.0021822348780466,15.172426047428802
9312.2,3.6512519699445316,0.0021822348780466,15.172422433656434
9314.2,3.6514411060397167,0.0021822348780466,15.172418676004806
9316.2,3.65156491670974,0.0021822348780466,15.172415092748574
9318.2,3.65156491670974,0.0021822348780466,15.172410763174906
9320.2,3.65181938840042,0.0021822348780466,15.17240633608256
9322.2,3.651877869928466,0.0021822348780466,15.172402063691116
9324.2,3.6518193889468518,0.0021822348780466,15.172397775771477
9326.2,3.65213234107264,0.0,15.17239362328715
9328.2,3.6523868184985067,0.0021822348780466,15.172391067915315
9330.2,3.6522561511939524,0.0021822348780466,15.172386923325615
9332.2,3.6524452932542815,0.0021822348780466,15.172382836282054
9334.2,3.65269976543553,0.0021822348780466,15.172378908587929
9336.2,3.65269976543553,0.0007537761602944391,15.172374969669121
9338.2,3.65251062398124,0.0021822348780466,15.17237071174652
9340.2,3.652823577142519,0.0021822348780466,15.172366520172858
9342.2,3.65307804834413,0.0,15.172363105029905
9344.2,3.65288890688983,0.0,15.1723612822287
9346.2,3.65307804834413,0.0021822348780466,15.172358466489955
9348.2,3.6533322934612986,0.0014310960844558123,15.172355412117444
9350.2,3.65345633125273,0.0021822348780466,15.172353111074731
9352.2,3.6535216625819857,0.0,15.17235047290319
9354.2,3.653514815406041,0.0021822348780466,15.172346821872555
9356.2,3.65345633125273,0.0,15.1723442142028
9358.2,3.65364547270703,0.0007537598788584203,15.172342959318085
9360.2,3.6537108045282554,0.0007537711891425336,15.17234011081207
9362.2,3.65383461416133,0.0021822348780466,15.172335778922347
9364.2,3.65383461416133,0.0014284636787422437,15.172333032362202
9366.2,3.65364547270703,0.0021822348780466,15.172330516115931
9368.2,3.653769281848076,0.0014284580120817218,15.172327857083294
9370.2,3.65402375561563,0.0021822348780466,15.172325001153997
9372.2,3.6538999460975363,0.0007537725157465813,15.172322393895943
9374.2,3.6538930972244397,0.0014284939823220886,15.172319325990502
9376.2,3.65421289706993,0.0,15.1723168635457
9378.2,3.65402375561563,0.0007537838350813879,15.17231464648139
9380.2,3.65421289706993,0.0021822348780466,15.172311456244474
9382.2,3.65440203852423,0.0007537831807627567,15.172310234240548
9384.2,3.6542782341344364,0.0014284031941247323,15.172307571301117
9386.2,3.65452584755255,0.0021822348780466,15.172304086565852
9388.2,3.65440203852423,0.0021822348780466,15.172301016178245
9390.2,3.654467368703887,0.0021822348780466,15.172298490809979
9392.2,3.65453269997817,0.0007537585640859681,15.172295858610212
9394.2,3.6547149922336355,0.0021822348780466,15.172292850149784
9396.2,3.6546565133243694,0.0021822348780466,15.172288986516076
9398.2,3.654721840565873,0.0,15.1722861986956
9400.2,3.6547871723293786,0.0021822348780466,15.17228260195414
9402.2,3.6548456542903254,0.0021822348780466,15.17227919783873
9404.2,3.6550932719706735,0.0021822348780466,15.172275162181664
9406.2,3.6549041327088587,0.0021822348780466,15.172271336068196
9408.2,3.6549041305199608,0.0021822348780466,15.172267130683023
9410.2,3.6552239381794163,0.0021822348780466,15.17226269954746
9412.2,3.65534774579573,0.0021822348780466,15.172258582910697
9414.2,3.655027947044845,0.0021822348780466,15.17225473833388
9416.2,3.6553408888447887,0.0021822348780466,15.172250754612891
9418.2,3.65515860434143,0.0021822348780466,15.172247080984356
9420.2,3.655223936708443,0.0021822348780466,15.172243132606207
9422.2,3.65534774579573,0.0021822348780466,15.172239233367113
9424.2,3.6552824087304874,0.0021822348780466,15.17223537318462
9426.2,3.6552170787499367,0.0021822348780466,15.172231867947223
9428.2,3.6556022159595414,0.0021822348780466,15.17222799243957
9430.2,3.655413074389621,0.0021822348780466,15.172223736350208
9432.2,3.6556607010945537,0.0021822348780466,15.172219944862714
9434.2,3.6556606979246773,0.0014284757061302266,15.172216272664535
9436.2,3.65572602870433,0.0021822348780466,15.172213419935854
9438.2,3.65572602870433,0.0021822348780466,15.172210379066016
9440.2,3.65572602870433,0.0021822348780466,15.172206561429503
9442.2,3.655791130325585,0.0014311196397426085,15.172202232629514
9444.2,3.65572602870433,0.0021822348780466,15.172198200553128
9446.2,3.6556022196185847,0.0021822348780466,15.172193815103904
9448.2,3.65584984053059,0.0021822348780466,15.172189651227805
9450.2,3.6559805003935333,0.0021822348780466,15.172185569310562
9452.2,3.656038979737221,0.0014284630602869122,15.172181727362725
9454.2,3.655849843586727,0.0014285242533838192,15.172177793610862
9456.2,3.65610431161293,0.001428458026403421,15.172175084038
9458.2,3.655849839374277,0.0007537592261438901,15.172172685293978
9460.2,3.65591517015863,0.0021822348780466,15.172168354628642
9462.2,3.655856688082317,0.0021822348780466,15.17216406248017
9464.2,3.6560389802828697,0.0,15.172160045739616
9466.2,3.65572602870433,0.0007537768338602868,15.17215644974221
9468.2,3.65610431161293,0.00143089184879666,15.172152333309908
9470.2,3.656039102213961,0.0021822348780466,15.172148394447763
9472.2,3.65610431161293,0.0021822348780466,15.172143962055827
9474.2,3.6564172627023623,0.0021822348780466,15.172139576037903
9476.2,3.65610431161293,0.0021822348780466,15.172135400638176
9478.2,3.6562284943400565,0.001432768291799736,15.172131187255172
9480.2,3.6563523422212385,0.0021822348780466,15.172127076259653
9482.2,3.65610431161293,0.0021822348780466,15.172122973796359
9484.2,3.65629345306723,0.0021822348780466,15.172118541082815
9486.2,3.656417262757649,0.0021822348780466,15.172114108396885
9488.2,3.65629345306723,0.0021822348780466,15.172109846352512
9490.2,3.6563583332199876,0.0014336748505002885,15.172106727514882
9492.2,3.6563586352040884,0.0021822348780466,15.17210369830297
9494.2,3.65648259452153,0.0021822348780466,15.1721000730986
9496.2,3.656169642942186,0.0007537655130072362,15.172096499565296
9498.2,3.6565475574246666,0.0021822348780466,15.172092194726204
9500.2,3.656228313959414,0.0007515477425464287,15.17208829870697
9502.2,3.656358786416152,0.0021822348780466,15.172084344208582
9504.2,3.6565479273769035,0.0021822348780466,15.172080019814876
9506.2,3.656606404157467,0.0021822348780466,15.172075586880505
9508.2,3.656541745465207,0.0021822348780466,15.172071437663908
9510.2,3.65648259452153,0.0021822348780466,15.172067437003562
9512.2,3.6566132602353596,0.0021822348780466,15.172063143661159
9514.2,3.6566064015353246,0.0021822348780466,15.172059359372522
9516.2,3.6563584743509177,0.0,15.1720557337327
9518.2,3.65667173597583,0.0,15.172053210215351
9520.2,3.65667173597583,0.0021822348780466,15.172051476232866
9522.2,3.65686087743013,0.0021822348780466,15.172047382969751
9524.2,3.6567370688902576,0.0021822348780466,15.172044105219745
9526.2,3.605273704272191,1.4997542862519517,15.169401251301904
9528.2,3.60314470440902,1.5008187029464144,15.166397785654059
9530.2,3.6013018048876493,1.50137759609612,15.163393736040963
9532.2,3.600026577458922,1.4997565363181833,15.160392994825063
9534.2,3.59841616805152,1.5008182730722361,15.157393805231093
9536.2,3.597140620926192,1.5008186804205943,15.154395629158511
9538.2,3.59576818769133,1.49919536121807,15.151398325612249
9540.2,3.594870990595905,1.49919536121807,15.14840304081804
9542.2,3.5939254289469176,1.5008162258714406,15.145408489396234
9544.2,3.592790370242473,1.500818648517086,15.142414067027715
9546.2,3.59179621715104,1.50137759609612,15.139420444993442
9548.2,3.59103965133384,1.5008186710698597,15.136428545683273
9550.2,3.59047222697094,1.49919536121807,15.1334358787262
9552.2,3.58933737824514,1.49919536121807,15.13044499904733
9554.2,3.5542916277871974,2.5008411702415,15.125709524837943
9556.2,3.5517255227156275,2.5008411702415,15.120773166503296
9558.2,3.549968665272805,2.5008411702415,15.115839765396128
9560.2,3.547942693401585,2.5008411702415,15.110909009193852
9562.2,3.54659140957341,2.5008411702415,15.105980452398175
9564.2,3.545050985205017,2.5008411702415,15.101053962347073
9566.2,3.5434032743080697,2.5008411702415,15.096129720592678
9568.2,3.5422138572795987,2.5008411702415,15.091207310962872
9570.2,3.5410790130653425,2.5008411702415,15.08628690915872
9572.2,3.539620464447756,2.5008411702415,15.081368083751514
9574.2,3.53845832703852,2.5008411702415,15.076451022699857
9576.2,3.5374580329226375,2.5008411702415,15.071535524883338
9578.2,3.536350477393155,2.5008411702415,15.066621610446184
9580.2,3.535188341357659,2.5008411702415,15.061709255231934
9582.2,3.53410807358963,2.5008411702415,15.056798372303417
9584.2,3.53316236631813,2.5008411702415,15.051888796651513
9586.2,3.531892962979412,2.5008411702415,15.046980790520578
9588.2,3.531298244736038,2.5008411702415,15.04207400322748
9590.2,3.53032524450364,2.5008411702415,15.037168497264409
9592.2,3.6116560698525,-0.0027989827039199087,15.033451520920057
9594.2,3.6152978490878045,0.0021822348780466,15.033447505684018
9596.2,3.642928324589238,-0.748506563170012,15.03409731442094
9598.2,3.6459548493261758,-0.748506563170012,15.035613128941186
9600.2,3.6486028194964044,-0.748506563170012,15.037132331240706
9602.2,3.65061920943824,-0.748506563170012,15.03865114404814
9604.2,3.652574799147646,-0.748506563170012,15.040169636593959
9606.2,3.65421289706993,-0.748506563170012,15.041690066226431
9608.2,3.6556010608307656,-0.748506563170012,15.043209936601475
9610.2,3.65705001888443,-0.748506563170012,15.044733119729504
9612.2,3.658813080995303,-0.750688798048058,15.0462561101751
9614.2,3.6124204353949563,0.7512118592767939,15.047595787663958
9616.2,3.6090534249216555,0.752871032926105,15.04608583150634
9618.2,3.60825152367511,0.752871032926105,15.044576430450288
9620.2,3.607540198083178,0.752871032926105,15.043067333908043
9622.2,3.60711667494931,0.752871032926105,15.041558573138884
9624.2,3.606882197618497,0.752871032926105,15.04004988347831
9626.2,3.606405443425914,0.752871032926105,15.038541343696446
9628.2,3.6063147748397,0.752871032926105,15.037032940646826
9630.2,3.606314774457174,0.752871032926105,15.035524623185852
9632.2,3.6059364903456226,0.752871032926105,15.034016366559138
9634.2,3.6056488803307483,0.752871032926105,15.032508225606431
9636.2,3.605270595459135,0.752871032926105,15.031000162254088
9638.2,3.6052705943169334,0.752871032926105,15.029492191238838
9640.2,3.60484697749771,0.752871032926105,15.027984297942714
9642.2,3.6051799221174545,0.752871032926105,15.026476546165915
9644.2,3.604703171097776,0.752871032926105,15.024968807677435
9646.2,3.6048016412402184,0.752871032926105,15.023461126351705
9648.2,3.65581052986311,-0.748506563170012,15.024763895380048
9650.2,3.633055930704746,0.0003100899887497843,15.025840539256784
9652.2,3.6333804642101772,0.0021822348780466,15.025837680574572
9654.2,3.63378562000557,0.00031012919881667013,15.025835057357982
9656.2,3.6343261642209583,0.0021822348780466,15.025831997812727
9658.2,3.6347582015285735,0.0021822348780466,15.025828283458683
9660.2,3.63492046873136,0.0021822348780466,15.025824415018471
9662.2,3.6353256267967233,0.0003100743021086669,15.02582090580674
9664.2,3.6353525028607967,0.0021822348780466,15.025816906025904
9666.2,3.636028445246302,0.0018721945645622188,15.025814588019367
9668.2,3.63624445891146,0.0021822348780466,15.025811076144477
9670.2,3.63662274182006,0.0021822348780466,15.025806755618877
9672.2,3.63700102472866,0.0,15.025803054719676
9674.2,3.637054766429334,0.0021822348780466,15.025800079711889
9676.2,3.63756844909156,0.0018722442290952054,15.025797112445254
9678.2,3.637730717422539,0.0021822348780466,15.02579347991538
9680.2,3.6379736073823468,0.0021822348780466,15.02578969555863
9682.2,3.63813587345446,0.0021822348780466,15.02578594640535
9684.2,3.63851415636306,0.0018721109242167279,15.02578192407781
9686.2,3.638919312846361,0.0021822348780466,15.025778094552265
9688.2,3.6389193130687194,0.0021822348780466,15.025774245401712
9690.2,3.639406116483397,0.0021822348780466,15.025770466827453
9692.2,3.63945986363456,0.0021822348780466,15.025766398810191
9694.2,3.63964900508886,0.0021822348780466,15.025762555283318
9696.2,3.63983814654316,0.0021822348780466,15.02575850897084
9698.2,3.63964900508886,0.0021822348780466,15.025755007101854
9700.2,3.6400541672351427,0.0021822348780466,15.025750757543252
9702.2,3.640270025106693,0.0021822348780466,15.025746913861733
9704.2,3.64056783538457,0.0021822348780466,15.025742500430033
9706.2,3.64059471236035,0.0021822348780466,15.025738102309106
9708.2,3.6408376014166333,0.00031005865978244747,15.025734138263447
9710.2,3.640946127360567,0.0021822348780466,15.025730256122849
9712.2,3.64135127817755,0.0021822348780466,15.025726534893781
9714.2,3.6411352665474643,0.00187221804437113,15.025722224881351
9716.2,3.6413244059616856,0.0021822348780466,15.02571834136803
9718.2,3.6417026897834863,0.0021822348780466,15.025714297245347
9720.2,3.64172956108615,0.0,15.0257106377758
9722.2,3.64172956108615,0.0021822348780466,15.025706981717947
9724.2,3.64191870254045,0.0021822348780466,15.02570265922365
9726.2,3.64191870254045,0.0021822348780466,15.025698654417983
9728.2,3.6422701080246123,0.0021822348780466,15.02569458778233
9730.2,3.6424323756898214,0.0021822348780466,15.02569050102579
9732.2,3.64248612690335,0.0021822348780466,15.025686270679484
9734.2,3.64248612690335,0.0021822348780466,15.025682311806806
9736.2,3.642702140795832,0.0021822348780466,15.025678461106851
9738.2,3.64286440981195,0.0021822348780466,15.02567439305944
9740.2,3.64286440981195,0.0021822348780466,15.025670264092483
9742.2,3.6429998036717532,0.0018721762614522625,15.025665978411013
9744.2,3.64305355126625,0.0021822348780466,15.025661698072241
9746.2,3.64321582028372,0.0021822348780466,15.02565738959316
9748.2,3.64343183417485,0.0021822348780466,15.025653003661663
9750.2,3.643269567880396,0.001872160540371553,15.025649040202204
9752.2,3.64324269272055,0.0021822348780466,15.025645166428312
9754.2,3.6434049590201996,0.0021822348780466,15.025640780153145
9756.2,3.64343183417485,0.0021822348780466,15.02563668546403
9758.2,3.64381011708345,0.0021822348780466,15.025632705362733
9760.2,3.6436478521484568,0.0021822348780466,15.025629140278353
9762.2,3.6439724657066925,0.0021822348780466,15.025624722662998
9764.2,3.64399925853775,0.0021822348780466,15.025620326980006
9766.2,3.6436747209666556,0.0021822348780466,15.025615964507486
9768.2,3.644323789768917,0.0021822348780466,15.025611546628005
9770.2,3.64418839999205,0.0021822348780466,15.025607585907396
9772.2,3.644026133916854,0.0021822348780466,15.025603346414199
9774.2,3.64437754144635,0.0,15.025600185874788
9776.2,3.644053004785912,0.0021822348780466,15.025596480739186
9778.2,3.64456668290065,0.0021822348780466,15.025592899976193
9780.2,3.644215275147272,0.0021822348780466,15.02558887265017
9782.2,3.6444044163798957,0.00031007172671720023,15.025585758215236
9784.2,3.644539807969217,0.0,15.025582553159927
9786.2,3.64475582435495,0.0021822348780466,15.0255793404006
9788.2,3.6449180911023835,0.0021822348780466,15.025576150046081
9790.2,3.64475582435495,0.0021822348780466,15.025571870380048
9792.2,3.6449718416429864,0.0021822348780466,15.025567789053165
9794.2,3.6447020713218827,0.0021822348780466,15.025563435839768
9796.2,3.6451072361886716,0.0021822348780466,15.025559865225443
9798.2,3.645107232108328,0.0021822348780466,15.025555918965363
9800.2,3.6451609794749795,0.0021822348780466,15.025551988881517
9802.2,3.645296417412151,0.0021822348780466,15.025548026843547
9804.2,3.64532324871785,0.0021822348780466,15.025543762190738
9806.2,3.645350122513557,0.0021822348780466,15.02553951733797
9808.2,3.645485516823516,0.0021822348780466,15.025535338845408
9810.2,3.64532324871785,0.0003100638079352651,15.025530948101165
9812.2,3.645674657832195,0.0021822348780466,15.025526648262018
9814.2,3.645350122289657,0.0021822348780466,15.025522259554775
9816.2,3.6456746569211242,0.0021822348780466,15.025518882982126
9818.2,3.64586379928303,0.0021822348780466,15.025514571568579
9820.2,3.64589067308075,0.0021822348780466,15.02551026450561
9822.2,3.646053026236726,0.0021822348780466,15.025505844641012
9824.2,3.64570153162645,0.0021822348780466,15.025501645718592
9826.2,3.64570153162645,0.0021822348780466,15.025497776018684
9828.2,3.6458639312500205,0.0021822348780466,15.02549417353966
9830.2,3.64570153162645,0.0021822348780466,15.025490036284527
9832.2,3.6460529393767453,0.0021822348780466,15.025485899076404
9834.2,3.6462422192182777,0.0021822348780466,15.025481766098084
9836.2,3.64607981453505,0.0021822348780466,15.0254776287285
9838.2,3.64607981453505,0.0021822348780466,15.02547356857032
9840.2,3.64626895598935,0.0021822348780466,15.025469199188539
9842.2,3.645755276946514,0.0021822348780466,15.02546517437496
9844.2,3.6461066894642498,0.0021822348780466,15.025461346105883
9846.2,3.64626895598935,0.0021822348780466,15.025456956560145
9848.2,3.64645809744365,0.00031010568250959634,15.025452721697741
9850.2,3.646295831373078,0.0021822348780466,15.025449065896314
9852.2,3.6463226972454135,0.0018722128265383712,15.025445335300926
9854.2,3.64626895598935,0.0021822348780466,15.025441997105263
9856.2,3.64626895598935,0.0018721787669183974,15.0254383881452
9858.2,3.64645809744365,0.0018722128544836187,15.025434810559362
9860.2,3.6464849739614142,0.00031009000478191847,15.025430641104485
9862.2,3.64645809744365,0.0021822348780466,15.025426496520138
9864.2,3.646593488132184,0.0021822348780466,15.025422102074561
9866.2,3.6466741113360333,0.0021822348780466,15.025418978664174
9868.2,3.646863252337423,0.0021822348780466,15.025415594744219
9870.2,3.62092400111319,0.752871032926105,15.024096769878184
9872.2,3.61997829384169,0.752871032926105,15.022582460441445
9874.2,3.6191732385488806,0.752871032926105,15.021068575463126
9876.2,3.6182275388391223,0.752871032926105,15.019555014385361
9878.2,3.6177571010721876,0.752871032926105,15.018041732687767
9880.2,3.6170009204586386,0.752871032926105,15.016528692974738
9882.2,3.61676288911859,0.752871032926105,15.01501590443458
9884.2,3.615865667299027,0.752871032926105,15.013503315044487
9886.2,3.6155795219601057,0.752871032926105,15.011990956107052
9888.2,3.6151577362018914,0.752871032926105,15.010479024020555
9890.2,3.6143525889109154,0.752871032926105,15.008967119944156
9892.2,3.614255371655367,0.752871032926105,15.007455351251942
9894.2,3.613498993414573,0.752871032926105,15.005943786679191
9896.2,3.6131692014869,0.752871032926105,15.004432385901051
9898.2,3.6130287432935053,0.752871032926105,15.00292124579366
9900.2,3.6124126356697,0.752871032926105,15.00141024092186
9902.2,3.6120343527611,0.752871032926105,14.99989933876149
9904.2,3.66291340396772,-0.748506563170012,15.000796268776687
9906.2,3.5783027908644227,1.9460426313494201,15.001912806302077
9908.2,3.5711637092131534,2.00110938316881,14.997948505619538
9910.2,3.568634433705745,2.00110938316881,14.993979738488342
9912.2,3.56664040372918,2.00110938316881,14.990014020919554
9914.2,3.5648516030341693,2.00110938316881,14.986049906464373
9916.2,3.5635117702309675,2.00110938316881,14.982087685156237
9918.2,3.56191186737169,2.00110938316881,14.9781270609642
9920.2,3.5606037312291474,2.00110938316881,14.974168173550272
9922.2,3.5593665021744476,2.00110938316881,14.970210515407809
9924.2,3.557853373983157,2.00110938316881,14.966254344289464
9926.2,3.5397903318718695,2.5008411702415,14.961548938058465
9928.2,3.5382531626161535,2.5008411702415,14.956631468972207
9930.2,3.536204594858153,2.5008411702415,14.951717000039315
9932.2,3.5348486088638515,2.5008411702415,14.946804641391166
9934.2,3.5335326360912065,2.5008411702415,14.941894488842493
9936.2,3.531846057409036,2.5008411702415,14.936986290040613
9938.2,3.5306875157022777,2.5008411702415,14.932079721546716
9940.2,3.52956867868644,2.5008411702415,14.927175261346463
9942.2,3.52824468850634,2.5008411702415,14.922272344900422
9944.2,3.527101826640021,2.5008411702415,14.917371196493091
9946.2,3.52616413250904,2.5008411702415,14.912471556365121
9948.2,3.52521842523755,2.5008411702415,14.907573464282574
9950.2,3.523886681816478,2.5009306238883964,14.902676733491045
9952.2,3.522940988373014,2.5008411702415,14.89778139783448
9954.2,3.5220110229896324,2.5008411702415,14.892887349920507
9956.2,3.52105731324295,2.5008411702415,14.887994269532104
9958.2,3.520481894027718,2.5008411702415,14.883102607371832
9960.2,3.5785070355678563,0.752871032926105,14.880057506544777
9962.2,3.58044772989305,0.752871032926105,14.878560323522509
9964.2,3.58177172007315,0.752871032926105,14.877062512199645
9966.2,3.5826681830128764,0.752871032926105,14.875564227137472
9968.2,3.58323561158464,0.752871032926105,14.874065558543318
9970.2,3.58423055897905,0.752871032926105,14.872566685854004
9972.2,3.584658188217274,0.752871032926105,14.871067488262518
9974.2,3.58517626625055,0.752871032926105,14.869568106374704
9976.2,3.58555454915915,0.752871032926105,14.868068526853458
9978.2,3.5858421825732387,0.752871032926105,14.866568758013889
9980.2,3.58631111497635,0.752871032926105,14.865068881756683
9982.2,3.5866401546588547,0.752871032926105,14.863568844020927
9984.2,3.586919935806394,0.752871032926105,14.862068675850264
9986.2,3.58706768079354,0.752871032926105,14.860568399354467
9988.2,3.587306068642507,0.752871032926105,14.859068057940886
9990.2,3.5871662352633957,0.752871032926105,14.857567618898273
9992.2,3.58744596370214,0.752871032926105,14.85606712428885
9994.2,3.5875444523687703,0.752871032926105,14.854566531772733
9996.2,3.5878734956996485,0.752871032926105,14.853065863234486
9998.2,3.63945986363456,-0.750688798048058,14.85436575121539
10000.2,3.641708441881576,-0.750688798048058,14.85588140955146
10002.2,3.64362097562915,-0.748506563170012,14.857396516251228
10004.2,3.64532324871785,-0.750688798048058,14.858914895338616
10006.2,3.646815298510648,-0.750688798048058,14.860433925080132
10008.2,3.6484335088397444,-0.750688798048058,14.86195270659449
10010.2,3.649379193467596,-0.750688798048058,14.863474427950896
10012.2,3.65043006798394,-0.748506563170012,14.864995123020885
10014.2,3.651670020253658,-0.750688798048058,14.866517191289896
10016.2,3.65288890688983,-0.7497199164948515,14.868040335841018
10018.2,3.57685404226136,1.49919536121807,14.865839949308896
10020.2,3.5744637385039577,1.5005868662586146,14.862860712240423
10022.2,3.5729506044099915,1.4999860626780146,14.859882967980868
10024.2,3.57136894008667,1.49919536121807,14.856907314067705
10026.2,3.5701655563482615,1.49919536121807,14.853932560592222
10028.2,3.56909924263507,1.49919536121807,14.85095891271437
10030.2,3.567912319853318,1.499986074333845,14.847986026863685
10032.2,3.56701868663778,1.5005868347434608,14.845013977407786
10034.2,3.566519798435774,1.49919536121807,14.842042083268801
10036.2,3.56512727209478,1.49919536121807,14.839072206301818
10038.2,3.564680456495988,1.49919536121807,14.836102000655863
10040.2,3.563871817638641,1.49919536121807,14.833132207163981
10042.2,3.56304671609748,1.49919536121807,14.830163754921017
10044.2,3.5621695467104133,1.50137759609612,14.82719531397288
10046.2,3.56179125847062,1.499986061112466,14.824227941135133
10048.2,3.561034871463629,1.49919536121807,14.821261071103214
10050.2,3.5604672710258956,1.49919536121807,14.818294462752908
10052.2,3.5603301972793013,1.49919536121807,14.815328214026025
10054.2,3.55926388701149,1.49919536121807,14.812363381756418
10056.2,3.6359073336569487,-0.750688798048058,14.812942610212296
10058.2,3.63870329781736,-0.750688798048058,14.81445950490444
10060.2,3.640923650863865,-0.750688798048058,14.81597744992808
10062.2,3.6425354943187997,-0.750688798048058,14.817492205624703
10064.2,3.6183638054155183,0.0021822348780466,14.817549090089171
10066.2,3.6185663831948514,0.0021822348780466,14.817544764671648
10068.2,3.6191339111528005,0.0021822348780466,14.817540377370351
10070.2,3.6197010266514207,0.0021822348780466,14.817536020171659
10072.2,3.62016743529599,0.0021822348780466,14.81753163158212
10074.2,3.620633522225072,0.0021822348780466,14.817527242501955
10076.2,3.6210251431217606,0.0021822348780466,14.817522852877607
10078.2,3.6213900710009526,0.0021822348780466,14.817518462749442
10080.2,3.6217684839570214,0.0021822348780466,14.817514072033743
10082.2,3.62233578699588,0.0021822348780466,14.817509711571654
10084.2,3.62262627420188,0.0021822348780466,14.817505508273344
10086.2,3.623105781701249,0.0021822348780466,14.817501177643262
10088.2,3.6232072111406985,0.0021822348780466,14.817496785127705
10090.2,3.62365978906584,0.0021822348780466,14.817492699567572
10092.2,3.62395026438198,0.0021822348780466,14.817488306231871
10094.2,3.6241259004004784,0.0021822348780466,14.817483978008887
10096.2,3.62470683019918,0.0021822348780466,14.817479739799504
10098.2,3.62489597165348,0.0021822348780466,14.817475420035857
10100.2,3.6253755930710607,0.0021822348780466,14.817471479683727
10102.2,3.62546339601638,0.0021822348780466,14.81746727314103
10104.2,3.6257403345284813,0.0021822348780466,14.817462892981775
10106.2,3.6257537514131637,0.0021822348780466,14.817458655476432
10108.2,3.6263077472308867,0.0021822348780466,14.817454826398048
10110.2,3.626321261447819,0.0021822348780466,14.817450488815274
10112.2,3.62678738619648,0.0,14.8174463290713
10114.2,3.62678738619648,0.0021822348780466,14.817442684960717
10116.2,3.6271524778655944,0.0021822348780466,14.817438747244514
10118.2,3.62716566910508,0.0021822348780466,14.817435029310435
10120.2,3.62773309346798,0.0021822348780466,14.817430646953994
10122.2,3.627834448673946,0.0010128409641165141,14.817426315070623
10124.2,3.6280100213974524,0.0021822348780466,14.817422479608654
10126.2,3.6281246357828523,0.0021822348780466,14.817418536397499
10128.2,3.628401863587988,0.0021822348780466,14.817414538466187
10130.2,3.62867880073947,0.0021822348780466,14.817410420440284
10132.2,3.628577447000898,0.0021822348780466,14.81740690012489
10134.2,3.628854411271339,0.0021822348780466,14.81740255903344
10136.2,3.628955842364329,0.0,14.8173990544139
10138.2,3.629144868306855,0.0021822348780466,14.817395346201815
10140.2,3.6293340136666905,0.0021822348780466,14.817391243239827
10142.2,3.6293340120830737,0.0021822348780466,14.817387658274628
10144.2,3.62962450801097,0.0011694037340888898,14.817384217216983
10146.2,3.6299015576801685,0.0021822348780466,14.817380167561124
10148.2,3.6299149832157567,0.0021822348780466,14.8173760177229
10150.2,3.6301041342341587,0.0010129781618475671,14.817372937815845
10152.2,3.630293287582258,0.0021822348780466,14.817369513057399
10154.2,3.6302932678256563,0.0021822348780466,14.817365188823477
10156.2,3.63038107382817,0.0021822348780466,14.817361471140739
10158.2,3.63057021528247,0.0010129075467297955,14.817357801903825
10160.2,3.63057021528247,0.0021822348780466,14.817353759958644
10162.2,3.63075935673677,0.0021822348780466,14.817349778562601
10164.2,3.6308471397002853,0.0021822348780466,14.817345770642993
10166.2,3.6310497997729962,0.0021822348780466,14.817342070619087
10168.2,3.631225426005296,0.0011693926264266011,14.817337908337741
10170.2,3.6314281185311836,0.0021822348780466,14.81733513489673
10172.2,3.63132678109967,0.0021822348780466,14.817331218963865
10174.2,3.6316172518888026,0.0021822348780466,14.81732753838461
10176.2,3.6316039380848526,0.0011667485479212318,14.817323642370463
10178.2,3.6317185841723387,0.0021822348780466,14.817319819241646
10180.2,3.6316915457754764,0.0021822348780466,14.817315682595668
10182.2,3.63208334691687,0.0021822348780466,14.817311310321983
10184.2,3.63208334691687,0.0021822348780466,14.817307219730981
10186.2,3.632171221542602,0.0011683742525307012,14.817303695301664
10188.2,3.6319954221733615,0.0021822348780466,14.817299575497794
10190.2,3.6320701075748443,0.0021822348780466,14.81729587007125
10192.2,3.6321845993136512,0.0021822348780466,14.817292521203758
10194.2,3.6323603205387687,0.0011688641166909036,14.817289091711077
10196.2,3.6325494348721863,0.0,14.8172855671388
10198.2,3.63246162982547,0.0011690013440278774,14.817281975702105
10200.2,3.63246162982547,0.0010130970200837015,14.8172783162271
10202.2,3.63265077127977,0.0011694122382373113,14.81727529972426
10204.2,3.63265077127977,0.0021822348780466,14.817272802312685
10206.2,3.632927720328157,0.0021822348780466,14.817269834059232
10208.2,3.63302905418837,0.0011692364725951459,14.817267970858177
10210.2,3.6329412089433277,0.0021822348780466,14.817265121339814
10212.2,3.6333194574802343,0.0021822348780466,14.817260901688332
10214.2,3.6335086844326696,0.0021822348780466,14.81725730541028
10216.2,3.6332317051588205,0.0021822348780466,14.817252900591168
10218.2,3.6334951644465288,0.0021822348780466,14.817248541991955
10220.2,3.63321819564267,0.0021822348780466,14.817244310555942
10222.2,3.6335086635998106,0.0010131721287551544,14.817241201986452
10224.2,3.63359647855127,0.0021822348780466,14.817237318171763
10226.2,3.63342086868943,0.0021822348780466,14.817233087063135
10228.2,3.63359647855127,0.0021822348780466,14.817228794281212
10230.2,3.633684339325054,0.001168534070504996,14.817224581772813
10232.2,3.6336977361963707,0.0021822348780466,14.817221212714824
10234.2,3.63397476145987,0.0010130199745292082,14.817217024959357
10236.2,3.6338734235788754,0.0021822348780466,14.817212930379542
10238.2,3.6340625674071636,0.0021822348780466,14.81720926633082
10240.2,3.63397476145987,0.0021822348780466,14.817205424553933
10242.2,3.6340896900394233,0.0021822348780466,14.81720123474641
10244.2,3.634150439283504,0.0021822348780466,14.817197265143097
10246.2,3.6340625461217213,0.001012822659938977,14.817193062681424
10248.2,3.634177358985901,0.0021822348780466,14.817189724517473
10250.2,3.6341505015907094,0.0010138080105419527,14.817185955857056
10252.2,3.63416390291417,0.0021822348780466,14.817182549363498
10254.2,3.6342517114690085,0.0011691365508251384,14.81717979659417
10256.2,3.6342517062602693,0.001013038230966445,14.817175776717427
10258.2,3.63435304436847,0.0021822348780466,14.817172235479923
10260.2,3.634440841658026,0.0011692665248845624,14.817168378288654
10262.2,3.634150332484982,0.0021822348780466,14.817164334495372
10264.2,3.63492046873136,0.0021822348780466,14.817159928149717
10266.2,3.63473132727706,0.0021822348780466,14.81715558346118
10268.2,3.63473132727706,0.0021822348780466,14.817151176978571
10270.2,3.634643460334008,0.0021822348780466,14.817146770473745
10272.2,3.634630049835089,0.0021822348780466,14.817142410250009
10274.2,3.6350082593419333,0.0021822348780466,14.817138034540456
10276.2,3.6348326731379936,0.0021822348780466,14.817133704966796
10278.2,3.634643518950917,0.0011691391894193513,14.817129675085615
10280.2,3.6350082762118126,0.0021822348780466,14.817125296898626
10282.2,3.635008258545116,0.0021822348780466,14.817121489415506
10284.2,3.63492046873136,0.0021822348780466,14.817117283000796
10286.2,3.6349339918361356,0.0021822348780466,14.817112999492993
10288.2,3.63510961018566,0.0021822348780466,14.817108823821489
10290.2,3.63510961018566,0.0021822348780466,14.817104586417248
10292.2,3.63529875163996,0.0011687748133925348,14.817100341422298
10294.2,3.63492046873136,0.0021822348780466,14.817096545855344
10296.2,3.63510961018566,0.0021822348780466,14.817092138793289
10298.2,3.6098140192886348,0.752871032926105,14.81614175733952
10300.2,3.608539386344385,0.752871032926105,14.814632127535619
10302.2,3.6078238738913035,0.752871032926105,14.813122924641718
10304.2,3.60730581640361,0.752871032926105,14.811614052681358
10306.2,3.60636010913211,0.752871032926105,14.810105442917521
10308.2,3.6058830949532417,0.752871032926105,14.8085971199249
10310.2,3.6053650341587082,0.752871032926105,14.807089024542776
10312.2,3.604797612689565,0.752871032926105,14.805581178976082
10314.2,3.60413977352412,0.752871032926105,14.80407355454766
10316.2,3.60390127022622,0.752871032926105,14.802566120375962
10318.2,3.603054297391003,0.752871032926105,14.801058870360851
10320.2,3.6026266460931753,0.752871032926105,14.799551843072544
10322.2,3.65269976543553,-0.750688798048058,14.799508597618335
10324.2,3.6550572959612087,-0.750688798048058,14.80103250087429
10326.2,3.63075935673677,0.0021822348780466,14.801089215844424
10328.2,3.63057021528247,0.0021822348780466,14.801084814173558
10330.2,3.6308471744056288,0.0021822348780466,14.801080412329044
10332.2,3.63113763964537,0.0021822348780466,14.801076087257638
10334.2,3.6311511642202583,0.0021822348780466,14.801071684986484
10336.2,3.6314146082202927,0.0021822348780466,14.801067282402101
10338.2,3.5466916681131058,2.5008411702415,14.797703196025562
10340.2,3.5430982125253263,2.5008411702415,14.792778032998369
10342.2,3.5401101671297894,2.5008411702415,14.787857459263341
10344.2,3.53794103572847,2.5008411702415,14.782940415998498
10346.2,3.5356713305787335,2.5008411702415,14.778026585473254
10348.2,3.5337799223780175,2.5008411702415,14.7731156578407
10350.2,3.5317494917372505,2.5008411702415,14.768207424234161
10352.2,3.529997164688036,2.5008411702415,14.763301498657059
10354.2,3.52824468850634,2.5008411702415,14.758398061369993
10356.2,3.52654241541764,2.5008411702415,14.75349697409818
10358.2,3.525357437745948,2.5008411702415,14.748598120718567
10360.2,3.52351615214885,2.5008411702415,14.743701272812853
10362.2,3.5223425510410475,2.5008411702415,14.73880644439465
10364.2,3.5211963234237746,2.5008411702415,14.733913471154949
10366.2,3.519681448192956,2.5008411702415,14.729022315716424
10368.2,3.5189248810761553,2.5008411702415,14.724132776965273
10370.2,3.5173004210931964,2.5008411702415,14.719245104367886
10372.2,3.5160877619984636,2.5008411702415,14.714359171584746
10374.2,3.51481564525106,2.5008411702415,14.709474891705012
10376.2,3.5137067373493043,2.5008411702415,14.70459217999803
10378.2,3.51273508925377,2.5008411702415,14.699710848793307
10380.2,3.5119525880883544,2.5008411702415,14.694830966375354
10382.2,3.51103281616507,2.5008411702415,14.689952438185331
10384.2,3.509949838572107,2.5008411702415,14.68507508387008
10386.2,3.5091154646829708,2.5008411702415,14.680198677405066
10388.2,3.5082216338068513,2.5008411702415,14.675323672149297
10390.2,3.50743912853338,2.5008411702415,14.670449734382032
10392.2,3.50687170417048,2.5011404305291522,14.665576928188845
10394.2,3.5061582538418286,2.5008411702415,14.660704951623552
10396.2,3.5917083841919335,0.0021822348780466,14.66061245949585
10398.2,3.59425505605693,0.0021822348780466,14.660608103559426
10400.2,3.59595732914563,0.0021822348780466,14.660603775241727
10402.2,3.59765960223433,0.0021822348780466,14.660599475342387
10404.2,3.6250098712021903,-0.750688798048058,14.661713677380476
10406.2,3.62716566910508,-0.748506563170012,14.663225074667034
10408.2,3.62924622510237,-0.750688798048058,14.66473781626517
10410.2,3.631252442712778,-0.750688798048058,14.666251776216015
10412.2,3.6326642514683924,-0.748506563170012,14.667762848556084
10414.2,3.634265215205922,-0.750688798048058,14.66927694670326
10416.2,3.635690525943718,-0.750688798048058,14.67079288219053
10418.2,3.637102324109894,-0.750688798048058,14.672309383055767
10420.2,3.6384263263522083,-0.750688798048058,14.673826452178012
10422.2,3.591762533521123,0.7297692493795633,14.674877781081102
10424.2,3.588625390388736,0.752871032926105,14.673378571126127
10426.2,3.587735124976471,0.752871032926105,14.67187787122548
10428.2,3.5869230962392775,0.752871032926105,14.670377500897766
10430.2,3.5864556929991966,0.752871032926105,14.668877336894347
10432.2,3.58593283206775,0.752871032926105,14.667377371239814
10434.2,3.5855099846159004,0.752871032926105,14.665877566460418
10436.2,3.585409962188145,0.752871032926105,14.664377891815796
10438.2,3.58517626625055,0.752871032926105,14.662878425265843
10440.2,3.5848425745523746,0.752871032926105,14.661378957308884
10442.2,3.58479798334195,0.752871032926105,14.659879554706885
10444.2,3.58460884188765,0.752871032926105,14.658380237181523
10446.2,3.58441970043335,0.752871032926105,14.65688100159392
10448.2,3.5246395982985987,2.5008411702415,14.652694364740732
10450.2,3.52143559615155,2.5008411702415,14.647799634722336
10452.2,3.51916589869996,2.502891853594425,14.642908532904178
10454.2,3.51708534270266,2.5008411702415,14.638020267087914
10456.2,3.5159276925737943,2.5008411702415,14.633134387193111
10458.2,3.51386993797957,2.5008411702415,14.628251112033988
10460.2,3.5121562626033382,2.5008411702415,14.623370083590002
10462.2,3.6171907627916835,-0.748506563170012,14.619827796584532
10464.2,3.6228402098707715,-0.750688798048058,14.62133583824901
10466.2,3.6256770235361264,-0.750688798048058,14.622847386043487
10468.2,3.628136171549545,-0.748506563170012,14.624357159512162
10470.2,3.60522526040631,0.0021822348780466,14.62522496193077
10472.2,3.60541440186061,0.0021822348780466,14.625220591139273
10474.2,3.60598182622351,0.0021822348780466,14.625216219693774
10476.2,3.6065798731164915,0.0021822348780466,14.625211847424563
10478.2,3.607147298810775,0.0021822348780466,14.625207474521108
10480.2,3.607745338549966,0.0021822348780466,14.625203100825997
10482.2,3.60862980658371,0.0021822348780466,14.62519872646671
10484.2,3.60881894803801,0.0021822348780466,14.625194539543298
10486.2,3.60938637240091,0.0021822348780466,14.625190164038417
10488.2,3.60963675094379,0.0021822348780466,14.6251857879266
10490.2,3.610459989350649,0.0021822348780466,14.625181411048219
10492.2,3.610710362581,0.0021822348780466,14.625177033718465
10494.2,3.611119266438765,0.0021822348780466,14.625172655898146
10496.2,3.611686688955531,0.0021822348780466,14.625168343282619
10498.2,3.6120037395285496,0.0021822348780466,14.625163964462729
10500.2,3.612382012624775,0.0021822348780466,14.625159773630115
10502.2,3.612760298960303,0.0021822348780466,14.625155393883297
10504.2,3.613138577882729,0.0021822348780466,14.625151028981417
10506.2,3.6136753829285055,0.0021822348780466,14.625146771033645
10508.2,3.613767245213172,0.0021822348780466,14.625142420729718
10510.2,3.6141149087584,0.0021822348780466,14.625138039349913
10512.2,3.614462574707001,0.0021822348780466,14.625133657712087
10514.2,3.6146823331213,0.0021822348780466,14.625129275693512
10516.2,3.6148714745756,0.0021822348780466,14.625124893327218
10518.2,3.615091234321992,0.0021822348780466,14.62512051061812
10520.2,3.6154388989385,0.0021822348780466,14.625116250303229
10522.2,3.6158171818471,0.0021822348780466,14.625111866891023
10524.2,3.6161954647557,0.0021822348780466,14.625107483207723
10526.2,3.6160369413351328,0.0021822348780466,14.625103099324015
10528.2,3.61651249626441,0.0021822348780466,14.62509871511757
10530.2,3.61676288911859,0.0021822348780466,14.625094330597074
10532.2,3.6170799285952095,0.0021822348780466,14.625089945837871
10534.2,3.6167935092976333,0.0021822348780466,14.625085560847632
10536.2,3.6172996960066923,0.0021822348780466,14.625081175506738
10538.2,3.61751945493579,0.0021822348780466,14.62507678993291
10540.2,3.61751945493579,0.0021822348780466,14.625072404177846
10542.2,3.61789773784439,0.0021822348780466,14.625068018204587
10544.2,3.6179283654366605,0.0021822348780466,14.625063632038072
10546.2,3.6182147841771655,0.0021822348780466,14.625059337676367
10548.2,3.61846516220729,0.0021822348780466,14.625054951027078
10550.2,3.61827602075299,0.0021822348780466,14.625050579567024
10552.2,3.618812820743334,0.0021822348780466,14.625046411881403
10554.2,3.618812823657665,0.0021822348780466,14.625042070681127
10556.2,3.6189353095004737,0.0021822348780466,14.625037683125026
10558.2,3.6192523465727433,0.0021822348780466,14.625033563814261
10560.2,3.6190938342962027,0.0021822348780466,14.625029423105536
10562.2,3.61941086947879,0.0021822348780466,14.62502567781252
10564.2,3.61960001093309,0.0021822348780466,14.625021519889135
10566.2,3.6197585327678516,0.0021822348780466,14.62501720827582
10568.2,3.6198197728202137,0.0021822348780466,14.625013162066331
10570.2,3.62016743529599,0.0021822348780466,14.625008773316617
10572.2,3.620198054100625,0.0021822348780466,14.625004721738593
10574.2,3.620198057014182,0.0021822348780466,14.625000445239285
10576.2,3.62035657675029,0.0021822348780466,14.624996056111401
10578.2,3.620862761878957,0.0021822348780466,14.624991697457618
10580.2,3.62054571820459,0.0021822348780466,14.624987338660954
10582.2,3.62073485965889,0.0021822348780466,14.62498294902766
10584.2,3.620765479021566,0.0021822348780466,14.624978559260864
10586.2,3.6210825250918472,0.0021822348780466,14.62497416947062
10588.2,3.621271662816666,0.0021822348780466,14.624969779420645
10590.2,3.62149142547609,0.0021822348780466,14.62496622564234
10592.2,3.62114376535864,0.0021822348780466,14.624962142630295
10594.2,3.62149142547609,0.0021822348780466,14.62495945094565
10596.2,3.62149142547609,0.0018289372908603689,14.62495531069518
10598.2,3.6216193255440423,0.00035328873240205545,14.62495157886828
10600.2,3.62168056693039,0.0021822348780466,14.624947962928179
10602.2,3.6218390876923965,0.0021822348780466,14.624943637954154
10604.2,3.621711186552827,0.0021822348780466,14.62493924691528
10606.2,3.6220894721170978,0.0021822348780466,14.624934855797711
10608.2,3.544516034490573,2.4428120451210624,14.624592681432533
10610.2,3.5357279235772197,2.5008411702415,14.619684564897474
10612.2,3.5322409538970665,2.5008411702415,14.614774376042638
10614.2,3.52975782014074,2.5008411702415,14.609868613725535
10616.2,3.5270274180641916,2.5008411702415,14.604966153821383
10618.2,3.5249468602768643,2.5008411702415,14.6000672071309
10620.2,3.52294872778595,2.5008411702415,14.595171356426416
10622.2,3.631619298465443,-0.9215925651574964,14.59075623477021
10624.2,3.631769015653171,-0.750688798048058,14.592281439865653
10626.2,3.634478231544421,-0.750688798048058,14.593796708445923
10628.2,3.6112076471828267,0.0021822348780466,14.594225543024592
10630.2,3.6115157971296536,0.0021822348780466,14.594221199942362
10632.2,3.6121044980452934,0.0021822348780466,14.59421686683904
10634.2,3.6127909185783,0.0021822348780466,14.594212625185014
10636.2,3.6131203343908234,0.0021822348780466,14.59420832613755
10638.2,3.6135474843955,0.0021822348780466,14.5942040834524
10640.2,3.6140447704033662,0.0021822348780466,14.594199763605909
10642.2,3.614493191667,0.0021822348780466,14.594195712788784
10644.2,3.6147524736503205,0.0021822348780466,14.594191461289572
10646.2,3.6150606160299,0.0021822348780466,14.594187274677042
10648.2,3.615557900452841,0.0021822348780466,14.59418304507284
10650.2,3.615747042726349,0.0021822348780466,14.594178900619326
10652.2,3.6160063233014,0.0021822348780466,14.594174516874501
10654.2,3.6162656031116143,0.0021822348780466,14.594170132828738
10656.2,3.6165950265609377,0.0021822348780466,14.59416574845013
10658.2,3.61657374766429,0.0021822348780466,14.5941617238514
10660.2,3.617190032781416,0.0021822348780466,14.594157452581744
10662.2,3.6172601731308203,0.0021822348780466,14.594153067348207
10664.2,3.617379180217666,0.0021822348780466,14.594148712637608
10666.2,3.6178275987240522,0.0021822348780466,14.5941443576857
10668.2,3.61770859639009,0.0021822348780466,14.59413998717343
10670.2,3.6180167373632037,0.0021822348780466,14.594135601049754
10672.2,3.61808687929869,0.0021822348780466,14.594131214579706
10674.2,3.61846516220729,0.0021822348780466,14.594126858647929
10676.2,3.61846516220729,0.0021822348780466,14.594122471830515
10678.2,3.61865430366159,0.0021822348780466,14.594118084777977
10680.2,3.61872444301412,0.0021822348780466,14.59411371294021
10682.2,3.6191515849144613,0.0021822348780466,14.594109421960034
10684.2,3.619340728362101,0.0021822348780466,14.594105034353007
10686.2,3.6193895923339148,0.0021822348780466,14.594100692624218
10688.2,3.619291869783988,0.0021822348780466,14.59409630467652
10690.2,3.6197190150298697,0.0021822348780466,14.594091916497794
10692.2,3.61960001093309,0.0021822348780466,14.594087528159934
10694.2,3.61997829384169,0.0021822348780466,14.594083139658366
10696.2,3.6202163012108133,0.0021822348780466,14.594078750989452
10698.2,3.62016743529599,0.0021822348780466,14.594074362251561
10700.2,3.62035657675029,0.0021822348780466,14.594069973380877
10702.2,3.620097295356031,0.0021822348780466,14.594065584377645
10704.2,3.62035657675029,0.0021822348780466,14.594061379446819
10706.2,3.6204754672538817,0.0021822348780466,14.59405703617708
10708.2,3.6206647208932004,0.0021822348780466,14.59405264678445
10710.2,3.620853862166107,0.0021822348780466,14.594048257247875
10712.2,3.6208538605833707,0.0021822348780466,14.59404413283582
10714.2,3.6210429994565807,0.0021822348780466,14.594039743101325
10716.2,3.6209941384691695,0.0021822348780466,14.594035353155308
10718.2,3.6212321458430687,0.0021822348780466,14.594030963157492
10720.2,3.62130228402179,0.0021822348780466,14.594026720285465
10722.2,3.62130228402179,0.0021822348780466,14.59402259108893
10724.2,3.62130228402179,0.0021822348780466,14.594018297281854
10726.2,3.62168056693039,0.0021822348780466,14.594013937552475
10728.2,3.6216104285716133,0.0021822348780466,14.594010021178246
10730.2,3.62168056693039,0.0021822348780466,14.594005630405551
10732.2,3.62168056693039,0.0021822348780466,14.594001239685825
10734.2,3.6217995696180103,0.0021822348780466,14.593996848844776
10736.2,3.621799570205887,0.0021822348780466,14.593992473340721
10738.2,3.62186970838469,0.0021822348780466,14.593988332665251
10740.2,3.62186970838469,0.0021822348780466,14.59398398764436
10742.2,3.622177851175649,0.0021822348780466,14.593979611806798
10744.2,3.62224799129329,0.0021822348780466,14.593975220587764
10746.2,3.62224799129329,0.0021822348780466,14.59397086789766
10748.2,3.62224799129329,0.0021822348780466,14.593966514569821
10750.2,3.6225561354382867,0.0021822348780466,14.593962188927154
10752.2,3.622366994803308,0.0021822348780466,14.593957904897852
10754.2,3.62243713274759,0.0021822348780466,14.593953513193423
10756.2,3.622675134599464,0.0021822348780466,14.593949121456417
10758.2,3.62262627420188,0.0021822348780466,14.593944729614403
10760.2,3.62262627420188,0.0021822348780466,14.593940337659449
10762.2,3.6227452761237253,0.0013729943304406282,14.593936183418215
10764.2,3.62255613267678,0.0021822348780466,14.593931808458597
10766.2,3.622647560326291,0.0021822348780466,14.593927416303025
10768.2,3.6227452753061433,0.0021822348780466,14.59392302414428
10770.2,3.6229344169912974,0.0021822348780466,14.593918632002222
10772.2,3.6228855556001016,0.0021822348780466,14.59391425508479
10774.2,3.6229344169365825,0.0021822348780466,14.593909862704937
10776.2,3.6230746972320027,0.0021822348780466,14.593905470309561
10778.2,3.6233127000773893,0.0021822348780466,14.593901108624483
10780.2,3.6230746970528607,0.0021822348780466,14.59389673146003
10782.2,3.62300455711048,0.0021822348780466,14.59389233896177
10784.2,3.6233126984911137,0.0021822348780466,14.593887961700615
10786.2,3.62338284001908,0.0021822348780466,14.593883568969149
10788.2,3.62338284001908,0.0021822348780466,14.593879206986351
10790.2,3.623452981954896,0.0021822348780466,14.59387481411864
10792.2,3.6233127018927864,0.0021822348780466,14.593870421299938
10794.2,3.62319369856478,0.0021822348780466,14.593866028416894
10796.2,3.623263847302359,0.0021822348780466,14.593861635530708
10798.2,3.623642123002227,0.0021822348780466,14.59385724253698
10800.2,3.62357198147338,0.0021822348780466,14.593852849470485
10802.2,3.62357198147338,0.0021822348780466,14.593848456404752
10804.2,3.6238800563645377,0.0021822348780466,14.59384435525488
10806.2,3.623642213099378,0.0021822348780466,14.593839962011053
10808.2,3.6237823917856877,0.0021822348780466,14.593835568682355
10810.2,3.6236909857482393,0.0021822348780466,14.59383117536463
10812.2,3.623880128021769,0.0021822348780466,14.59382692031598
10814.2,3.623999125133124,0.0021822348780466,14.59382274210445
10816.2,3.62376112292768,0.0021822348780466,14.593818471582958
10818.2,3.62395026438198,0.0021822348780466,14.59381407808694
10820.2,3.623642119418543,0.0021822348780466,14.593809684570992
10822.2,3.62413940583628,0.0021822348780466,14.59380529101221
10824.2,3.62413940583628,0.0021822348780466,14.593800978693691
10826.2,3.6240204047355125,0.0021822348780466,14.593796958503738
10828.2,3.624209542837239,0.0021822348780466,14.593792830573467
10830.2,3.624258409343876,0.0021822348780466,14.59378843677155
10832.2,3.6242584085254417,0.0021822348780466,14.593784042975134
10834.2,3.624566550314859,0.0021822348780466,14.593779888648282
10836.2,3.624258406171138,0.0021822348780466,14.593775571646262
10838.2,3.6244475473952877,0.0021822348780466,14.593771208410372
10840.2,3.62451768874488,0.0021822348780466,14.59376681437432
10842.2,3.542039890355871,2.5008411702415,14.592300958417704
10844.2,3.537121372486709,2.5008411702415,14.587383710547414
10846.2,3.5337172126100738,2.5008411702415,14.582471919148697
10848.2,3.5310884954284294,2.5008411702415,14.577563923231539
10850.2,3.52881211286924,2.5008411702415,14.572659698601688
10852.2,3.52654241541764,2.5008411702415,14.56775826705763
10854.2,3.524638448788435,2.5008411702415,14.562860122945878
10856.2,3.522577134471703,2.5008411702415,14.557964696325978
10858.2,3.5206924313622654,2.5008411702415,14.553071864641076
10860.2,3.518793900935762,2.5008411702415,14.548181422558319
10862.2,3.5174703183301856,2.5008411702415,14.54329327781178
10864.2,3.5157549629337175,2.5008411702415,14.538407338753101
10866.2,3.514241524192103,2.5008411702415,14.533523706186308
10868.2,3.512741789766186,2.5008411702415,14.528642059819582
10870.2,3.51122826283757,2.5008411702415,14.523762155655117
10872.2,3.6189101641260124,-0.75033568332695,14.521722731319164
10874.2,3.62319369856478,-0.7503356862506719,14.523231592124048
10876.2,3.626347886747697,-0.750688798048058,14.52474333258282
10878.2,3.62830051783088,-0.748506563170012,14.526253540523973
10880.2,3.6302892585359423,-0.750688798048058,14.527766669905061
10882.2,3.58177172007315,0.752871032926105,14.527839293905949
10884.2,3.5805870610227,0.752871032926105,14.526341499668346
10886.2,3.58006944698446,0.752871032926105,14.52484408533027
10888.2,3.57960163842862,0.752871032926105,14.523346774239354
10890.2,3.5791735531229234,0.752871032926105,14.521849615985166
10892.2,3.5792630765934836,0.752871032926105,14.520352549797998
10894.2,3.57912373971296,0.752871032926105,14.518855536467862
10896.2,3.578655931999644,0.752871032926105,14.517358630997846
10898.2,3.5790739329765797,0.752871032926105,14.515861758602693
10900.2,3.5787952655462734,0.752871032926105,14.51436492918256
10902.2,3.5786061225083565,0.752871032926105,14.512868186903457
10904.2,3.545915990963239,1.88991865435694,14.511281797501121
10906.2,3.53505378086113,2.00110938316881,14.507365043401316
10908.2,3.5330053039042286,2.00110938316881,14.503436257178407
10910.2,3.5314921722729213,2.00110938316881,14.499509374538516
10912.2,3.530450232598977,2.00110938316881,14.495584098430294
10914.2,3.52862297141494,2.00110938316881,14.491660586043373
10916.2,3.527741497060012,2.00110938316881,14.487738313232061
10918.2,3.52673155687194,2.00110938316881,14.48381721003648
10920.2,3.5915007497793288,-0.01922712877133128,14.480592768385419
10922.2,3.59406591460263,0.0021822348780466,14.480590679970097
10924.2,3.596040143791332,0.0021822348780466,14.48058633682193
10926.2,3.5971749951896705,0.0021822348780466,14.480581991767915
10928.2,3.5983333516280878,0.0021822348780466,14.480577630146692
10930.2,3.59906640388481,0.0021822348780466,14.480573267293796
10932.2,3.6000121154183704,0.0021822348780466,14.480568903390282
10934.2,3.60049672404882,0.0021822348780466,14.480564553833918
10936.2,3.601359617373778,0.0021822348780466,14.480560188105237
10938.2,3.60182071422892,0.0021822348780466,14.4805558216118
10940.2,3.6025537700538264,0.0021822348780466,14.48055150025936
10942.2,3.603251030329608,0.0021822348780466,14.480547132262334
10944.2,3.603440171783057,0.0021822348780466,14.480542763811345
10946.2,3.603984081202268,0.0021822348780466,14.480538394680691
10948.2,3.604575021400034,0.0021822348780466,14.480534086197137
10950.2,3.6047641633518093,0.0021822348780466,14.480529715989665
10952.2,3.605331586821905,0.0021822348780466,14.480525345268282
10954.2,3.605769171208242,0.0021822348780466,14.480520974028405
10956.2,3.60617096767781,0.0021822348780466,14.480516602398222
10958.2,3.60654925058641,0.0021822348780466,14.48051223024621
10960.2,3.606714882048476,0.0021822348780466,14.480507857714082
10962.2,3.607093161785679,0.0021822348780466,14.480503653089198
10964.2,3.6074714478671894,0.0021822348780466,14.480499417530988
10966.2,3.60787324076651,0.0021822348780466,14.48049505918751
10968.2,3.6079795668856525,0.0021822348780466,14.480490685180198
10970.2,3.608168709528358,0.0021822348780466,14.480486468282185
10972.2,3.608546992437052,0.0012267599405109209,14.480482169271374
10974.2,3.60881894803801,0.0021822348780466,14.480478044537028
10976.2,3.6091144154128036,0.0021822348780466,14.48047366929197
10978.2,3.60919723094661,0.0021822348780466,14.480469650173005
10980.2,3.609681840666794,0.0021822348780466,14.480465274240178
10982.2,3.6096818404697713,0.0021822348780466,14.480460897993979
10984.2,3.60995379676381,0.0021822348780466,14.480456521601955
10986.2,3.6102492655264125,0.0021822348780466,14.480452160185381
10988.2,3.610544729338637,0.0021822348780466,14.480447813855193
10990.2,3.610627549526415,0.0021822348780466,14.48044364013193
10992.2,3.610604035076889,0.0021822348780466,14.48043926269642
10994.2,3.6111949694329937,0.0021822348780466,14.48043488493758
10996.2,3.6114669283982,0.0021822348780466,14.48043075655897
10998.2,3.6112777869439,0.0021822348780466,14.480426378387126
11000.2,3.6112777869439,0.0021822348780466,14.480422146845513
11002.2,3.6118452113068,0.0021822348780466,14.480417768275393
11004.2,3.6118452113068,0.0021822348780466,14.48041342018385
11006.2,3.6118452113068,0.0021822348780466,14.480409041285492
11008.2,3.612140680466088,0.0021822348780466,14.480404692768166
11010.2,3.6122234942154,0.0021822348780466,14.480400374826008
11012.2,3.6124954529872797,0.0021822348780466,14.480396010696376
11014.2,3.612495451895069,0.0021822348780466,14.480391631008443
11016.2,3.6126845903773668,0.0021822348780466,14.480387251125736
11018.2,3.6128972443037988,0.0021822348780466,14.480382871067826
11020.2,3.613086386255589,0.0021822348780466,14.480378552180753
11022.2,3.6131692014869,0.0021822348780466,14.480374171814686
11024.2,3.6132520095817338,0.0021822348780466,14.480369791341014
11026.2,3.613441156590502,0.0021822348780466,14.480365410687334
11028.2,3.6137366258498,0.0021822348780466,14.480361029886282
11030.2,3.613819441580927,0.0021822348780466,14.480356648971096
11032.2,3.613630298539956,0.0021822348780466,14.480352267922074
11034.2,3.6140913991543813,0.0021822348780466,14.48034790203798
11036.2,3.613842953656243,0.0021822348780466,14.480343520645995
11038.2,3.61400857877449,0.0021822348780466,14.480339139099254
11040.2,3.6141149087584,0.0021822348780466,14.480334757473866
11042.2,3.6143868668340073,0.0021822348780466,14.480330529089567
11044.2,3.614493191667,0.0021822348780466,14.480326147188286
11046.2,3.6143040502127,0.0021822348780466,14.480321765149034
11048.2,3.614493191667,0.0021822348780466,14.480317383038575
11050.2,3.6146823331213,0.0021822348780466,14.480313000779024
11052.2,3.6147886604303894,0.0021822348780466,14.48030861834544
11054.2,3.6146823331213,0.0021822348780466,14.48030423600425
11056.2,3.6148714745756,0.0021822348780466,14.480299853552346
11058.2,3.6149542916943447,0.0021822348780466,14.480295536923391
11060.2,3.6151434301766523,0.0021822348780466,14.480291169474926
11062.2,3.615332576778003,0.0021822348780466,14.480286786499379
11064.2,3.6154388989385,0.0021822348780466,14.480282403564187
11066.2,3.6155217116967324,0.0021822348780466,14.480278020520183
11068.2,3.6154388989385,0.0021822348780466,14.480273810426073
11070.2,3.615710854340787,0.0021822348780466,14.480269427095712
11072.2,3.6158171818471,0.0021822348780466,14.480265043715287
11074.2,3.6156280403928,0.0021822348780466,14.480260695303983
11076.2,3.6157343683958096,0.0021822348780466,14.480256311723968
11078.2,3.6158171818471,0.0021822348780466,14.480251943381665
11080.2,3.615923507177628,0.0021822348780466,14.480247840189126
11082.2,3.6161126490255477,0.0021822348780466,14.48024345634109
11084.2,3.6159235098515565,0.0021822348780466,14.480239072409926
11086.2,3.6162782815757226,0.0021822348780466,14.480234688370993
11088.2,3.616278279398416,0.0021822348780466,14.480230304334034
11090.2,3.641818172581177,-0.750688798048058,14.481213527615454
11092.2,3.642914961280655,-0.750688798048058,14.482732593821588
11094.2,3.643759613488809,-0.750688798048058,14.484251984863196
11096.2,3.5535896433825,1.99892714829076,14.483654065667194
11098.2,3.54886110702501,2.00110938316881,14.479707980367635
11100.2,3.54602398521051,2.00110938316881,14.475764225467232
11102.2,3.5437859826716345,1.99892714829076,14.471824044634603
11104.2,3.54189457582877,1.99892714829076,14.467886998609334
11106.2,3.5398457266904715,2.00110938316881,14.463953620630893
11108.2,3.53826918558422,1.99892714829076,14.460021050340682
11110.2,3.5368818108530693,2.0007437309680114,14.456091447942255
11112.2,3.5350854757753485,2.00110938316881,14.45216129916556
11114.2,3.533761494610558,2.00110938316881,14.448231861247042
11116.2,3.53240580050093,2.00110938316881,14.444304750816151
11118.2,3.5313026940654693,2.00110938316881,14.44037826126134
11120.2,3.5301041291478983,2.00110938316881,14.436453666784983
11122.2,3.528780416102226,2.00110938316881,14.432530296058284
11124.2,3.568949781348116,0.723738957593411,14.428985787364516
11126.2,3.5698822618900907,0.752871032926105,14.427496069410447
11128.2,3.570599150498746,0.752871032926105,14.426002961664139
11130.2,3.5707882918397265,0.752871032926105,14.424509449783661
11132.2,3.571342486644855,0.752871032926105,14.423015792364176
11134.2,3.5713556148619165,0.752871032926105,14.421522084368053
11136.2,3.571355714620074,0.752871032926105,14.420028308679552
11138.2,3.57155808154097,0.752871032926105,14.418534511504806
11140.2,3.571382166806036,0.752871032926105,14.417040711777757
11142.2,3.5717340008039873,0.752871032926105,14.415546878385863
11144.2,3.571544856069566,0.752871032926105,14.414053066004277
11146.2,3.57136894008667,0.752871032926105,14.412559291063301
11148.2,3.571531622202981,0.752871032926105,14.41106552640033
11150.2,3.57117979863237,0.752871032926105,14.409571778851419
11152.2,3.57117979863237,0.752871032926105,14.408078051093678
11154.2,3.57136894008667,0.752871032926105,14.406584347794983
11156.2,3.571166576114517,0.752871032926105,14.405090663132908
11158.2,3.57117979863237,0.752871032926105,14.403597020369077
11160.2,3.570977433517586,0.752871032926105,14.402103434364276
11162.2,3.5708900945782664,0.752871032926105,14.400609913393863
11164.2,3.5707129345434527,0.752871032926105,14.399116375823708
11166.2,3.57061237426947,0.752871032926105,14.397622907040459
11168.2,3.5706243561292226,0.752871032926105,14.396129472926889
11170.2,3.570511811668229,0.752871032926105,14.394636038069486
11172.2,3.570133687817969,0.752871032926105,14.393142689793764
11174.2,3.57023409136087,0.752871032926105,14.391649390204488
11176.2,3.57004494990657,0.752871032926105,14.390156104674102
11178.2,3.5697552483763855,0.752871032926105,14.388662892087149
11180.2,3.5699443858207247,0.752871032926105,14.387169736187907
11182.2,3.569755246591588,0.752871032926105,14.385676610236631
11184.2,3.5697552472340757,0.752871032926105,14.384183503819505
11186.2,3.619285719829232,-0.748506563170012,14.383660312340844
11188.2,3.622186832369099,-0.750688798048058,14.385169904708393
11190.2,3.6238251147333025,-0.750688798048058,14.3866809190565
11192.2,3.62565253747068,-0.750688798048058,14.388192621392616
11194.2,3.626912534823009,-0.750688798048058,14.38970491918956
11196.2,3.6283645101233404,-0.750688798048058,14.391217773357058
11198.2,3.6293102174156084,-0.750688798048058,14.392731140275448
11200.2,3.5801203427522963,0.752871032926105,14.392955473240793
11202.2,3.578228925039226,0.752871032926105,14.391458464794251
11204.2,3.5771449697578994,0.752871032926105,14.389961980982818
11206.2,3.576752091060212,0.752871032926105,14.38846584405889
11208.2,3.576148612356752,0.752871032926105,14.386969945703152
11210.2,3.5754791571707156,0.752871032926105,14.385474318357417
11212.2,3.57515176917266,0.752871032926105,14.383978860543005
11214.2,3.57496262771836,0.752871032926105,14.38248356832735
11216.2,3.57458434480976,0.752871032926105,14.380988465222014
11218.2,3.57401692044687,0.752871032926105,14.379493506400307
11220.2,3.57363863753827,0.752871032926105,14.377998712836217
11222.2,3.5735877449442475,0.752871032926105,14.37650401813778
11224.2,3.5728949119903977,0.752871032926105,14.375009542960456
11226.2,3.57270577222677,0.752871032926105,14.373515131648844
11228.2,3.5723403367560462,0.752871032926105,14.372020843298897
11230.2,3.57250378881247,0.752871032926105,14.370526648826775
11232.2,3.572112658248455,0.752871032926105,14.369032559902505
11234.2,3.57174722299527,0.752871032926105,14.36753855315459
11236.2,3.5717343779751056,0.752871032926105,14.366044660848114
11238.2,3.57136894008667,0.752871032926105,14.364550882735228
11240.2,3.57080151572377,0.752871032926105,14.363057188685502
11242.2,3.5707886706098466,0.752871032926105,14.361563629358221
11244.2,3.5706252161217398,0.752871032926105,14.360070138098568
11246.2,3.621177140685391,-0.750688798048058,14.360296793355474
11248.2,3.6233216978763627,-0.750688798048058,14.361807485214817
11250.2,3.534435665909148,1.998128454244303,14.36181097530007
11252.2,3.530084941816469,2.00110938316881,14.357884692196459
11254.2,3.5277973974118915,2.00110938316881,14.353961493660666
11256.2,3.525854841292481,2.00110938316881,14.35004059097223
11258.2,3.524203726702669,2.00110938316881,14.346123271697584
11260.2,3.522639437730213,2.00110938316881,14.342206125496011
11262.2,3.52181387906015,2.00110938316881,14.338290525968215
11264.2,3.520231531404471,2.00110938316881,14.334376304205502
11266.2,3.519045748939152,2.00110938316881,14.3304634230665
11268.2,3.51784190851986,2.00110938316881,14.326551797697398
11270.2,3.51689620124836,2.00110938316881,14.322641424907752
11272.2,3.51576135252256,2.00110938316881,14.31873213605474
11274.2,3.5149536222975417,2.00110938316881,14.314823884293194
11276.2,3.51405907943386,2.00110938316881,14.31091668729719
11278.2,3.513542806502365,2.00110938316881,14.307011064316077
11280.2,3.5125971058650243,2.00110938316881,14.303105783323366
11282.2,3.51160024052797,2.00110938316881,14.299201370824315
11284.2,3.544088603489007,0.9982958890473234,14.295828154291994
11286.2,3.5450338551427034,1.00164580902343,14.29385693583419
11288.2,3.54583484375621,1.00164580902343,14.291885089876974
11290.2,3.54630197300406,1.00164580902343,14.289912155893246
11292.2,3.5465472627282257,0.99946357414538,14.287939764000987
11294.2,3.546736390322919,1.00164580902343,14.285967590411241
11296.2,3.546881610944874,1.00164580902343,14.28399541586211
11298.2,3.54692564769581,1.00164580902343,14.282021969311879
11300.2,3.54678055102771,1.00164580902343,14.28004851220562
11302.2,3.54678055102771,1.00164580902343,14.278075477235996
11304.2,3.546925803231433,1.00164580902343,14.276102408228317
11306.2,3.5468245921694264,1.00164580902343,14.274129115746128
11308.2,3.547070757562973,1.0011377148709886,14.272156475060063
11310.2,3.5471148958703886,1.00164580902343,14.270183638611714
11312.2,3.54715883393631,1.0011375838437504,14.268210857756593
11314.2,3.54659140957341,0.9999708996692184,14.266237964741777
11316.2,3.54678055102771,1.00164580902343,14.26426591218033
11318.2,3.54696969248201,1.00164580902343,14.262292735165717
11320.2,3.547070775769691,0.999971563267078,14.260320006863962
11322.2,3.5466354589658438,1.00164580902343,14.258347778768421
11324.2,3.54659140957341,0.99946357414538,14.256375912299482
11326.2,3.5465473668483103,1.00164580902343,14.254404188187602
11328.2,3.5464463115801963,0.9999717291518443,14.252432356283348
11330.2,3.546358333705897,1.00164580902343,14.250459187034568
11332.2,3.54640226811911,0.99946357414538,14.248486278438781
11334.2,3.58082601280165,0.0021822348780466,14.24825398532454
11336.2,3.5820684257807365,0.0021822348780466,14.24824964347106
11338.2,3.5829882955103627,0.0021822348780466,14.248245300194018
11340.2,3.58385227607045,0.0021822348780466,14.248240955687136
11342.2,3.58450142152756,0.0021822348780466,14.248236610271459
11344.2,3.58555454915915,0.0021822348780466,14.248232263872334
11346.2,3.5862037018174555,0.0021822348780466,14.248228038209547
11348.2,3.58668939788494,0.0021822348780466,14.248223690083268
11350.2,3.5873644221620857,0.0021822348780466,14.248219432541228
11352.2,3.58782424661074,0.0021822348780466,14.248215143888649
11354.2,3.588473396313196,0.0021822348780466,14.248211026392626
11356.2,3.589229965985766,0.0021822348780466,14.24820667548478
11358.2,3.5895008344040176,0.0021822348780466,14.248202415384384
11360.2,3.5900122166646704,0.0021822348780466,14.248198326607234
11362.2,3.59047222697094,0.0021822348780466,14.24819414589187
11364.2,3.5908248214201564,0.0009429260966291564,14.248189908643129
11366.2,3.5911472742134483,0.0021822348780466,14.24818564147286
11368.2,3.5916886460733695,0.0021822348780466,14.24818128735763
11370.2,3.592092772663512,0.0021822348780466,14.248176932718504
11372.2,3.592256227025642,0.0021822348780466,14.248172577699817
11374.2,3.59255278296823,0.0021822348780466,14.24816840511004
11376.2,3.593038601239683,0.0021822348780466,14.248164049346157
11378.2,3.59349849023973,0.0021822348780466,14.24815979381797
11380.2,3.5939024588735746,0.0021822348780466,14.248155584705904
11382.2,3.59387677314833,0.0021822348780466,14.248151227718205
11384.2,3.594173337448911,0.0021822348780466,14.248147090693399
11386.2,3.5948481639164274,0.0021822348780466,14.248142780787727
11388.2,3.594740988499763,0.0021822348780466,14.248138422745319
11390.2,3.595226710461557,0.0021822348780466,14.248134064389617
11392.2,3.5951190395318484,0.0021822348780466,14.248129847408617
11394.2,3.595471630848487,0.0021822348780466,14.248125675908351
11396.2,3.595471633978412,0.0021822348780466,14.248121362392594
11398.2,3.59595732914563,0.0009429443564804362,14.248117059710609
11400.2,3.596039059243019,0.0021822348780466,14.248112723809408
11402.2,3.5966321670974213,0.0021822348780466,14.24810864711498
11404.2,3.59671389496283,0.0021822348780466,14.248104286778956
11406.2,3.596821306537473,0.0021822348780466,14.248100205281153
11408.2,3.59709217787143,0.0021822348780466,14.248095844427091
11410.2,3.59728131932573,0.0021822348780466,14.248091533554495
11412.2,3.59747046078003,0.0021822348780466,14.248087172271456
11414.2,3.59747046078003,0.0021822348780466,14.248082876137909
11416.2,3.597822780772675,0.0021822348780466,14.248078762989609
11418.2,3.5981452969335135,0.0021822348780466,14.24807452699212
11420.2,3.598119610050731,0.0,14.2480703245456
11422.2,3.59841616805152,0.0021822348780466,14.248066958491
11424.2,3.598497895447648,0.0021822348780466,14.24806297555696
11426.2,3.598687036683409,0.0021822348780466,14.248059049052097
11428.2,3.59860530950582,0.0021822348780466,14.248055137066919
11430.2,3.59909100669047,0.0009429339513173709,14.248051461279914
11432.2,3.59917273386872,0.0021822348780466,14.24804756679008
11434.2,3.59936187532302,0.0021822348780466,14.248043976487018
11436.2,3.599658661016158,0.0021822348780466,14.248039906788456
11438.2,3.59974015823162,0.0021822348780466,14.24803560392991
11440.2,3.5999031972396955,0.0021822348780466,14.248031300936429
11442.2,3.599847573876353,0.0021822348780466,14.24802693657804
11444.2,3.600011027512836,0.0021822348780466,14.24802283620018
11446.2,3.600199985814808,0.0021822348780466,14.248018700618417
11448.2,3.600389310889303,0.0021822348780466,14.248014335922676
11450.2,3.6002001690048813,0.0021822348780466,14.248009971084286
11452.2,3.60049672404882,0.0021822348780466,14.248005854766836
11454.2,3.600522897500905,0.0021822348780466,14.248001688156569
11456.2,3.60068586550312,0.0021822348780466,14.247997429806519
11458.2,3.60087500695742,0.0021822348780466,14.247993064294903
11460.2,3.60106414841172,0.0021822348780466,14.24798869865984
11462.2,3.60125328986602,0.0021822348780466,14.24798452502815
11464.2,3.60125328986602,0.0021822348780466,14.24798095194798
11466.2,3.6013608932198458,0.001241482426907201,14.247976625201733
11468.2,3.60144243132032,0.0021822348780466,14.247973189060254
11470.2,3.6016572603013954,0.0021822348780466,14.247969091435372
11472.2,3.60144243132032,0.0009429023689183003,14.247965243109071
11474.2,3.6276136819838123,-0.748506563170012,14.249240490391971
11476.2,3.62867880073947,-0.750688798048058,14.250753329184997
11478.2,3.62962450801097,-0.748506563170012,14.252264487752717
11480.2,3.630241608711981,-0.748506563170012,14.253775627289768
11482.2,3.6312074193275437,-0.748506563170012,14.255285471743337
11484.2,3.63189420546257,-0.750688798048058,14.256796802417542
11486.2,3.6327205074229236,-0.750688798048058,14.258311663119667
11488.2,3.6140856064699713,-0.10461221521878741,14.25977491776205
11490.2,3.6080944285188234,0.0021822348780466,14.259784381763563
11492.2,3.6073378632411495,0.0018124918892944868,14.259780043038235
11494.2,3.60711667494931,0.0021822348780466,14.259775669602016
11496.2,3.60711667494931,0.0021822348780466,14.259771667898006
11498.2,3.606959721857225,0.0018108590368693192,14.259767749347064
11500.2,3.606895484828786,0.0021822348780466,14.259763816403959
11502.2,3.6069595795276603,0.0,14.2597602306868
11504.2,3.606581295298618,0.0021822348780466,14.259756484846452
11506.2,3.60654925058641,0.0021822348780466,14.259752112407616
11508.2,3.6066737269846256,0.0021822348780466,14.259748131254579
11510.2,3.6065812971551474,0.0021822348780466,14.259744327539222
11512.2,3.606424206997336,0.0021822348780466,14.259740285725227
11514.2,3.6062350629112467,0.0021822348780466,14.259736787482796
11516.2,3.60636010913211,0.0021822348780466,14.259732821350468
11518.2,3.6064846547632774,0.0021822348780466,14.25972965366684
11520.2,3.6063921570143878,0.0021822348780466,14.259726044616515
11522.2,3.6060459240895053,0.0021822348780466,14.259721860365831
11524.2,3.6065172042856273,0.0021822348780466,14.25971780240609
11526.2,3.60654925058641,0.0021822348780466,14.259713480680492
11528.2,3.6062030142465473,0.0021822348780466,14.259709108408314
11530.2,3.6063921538484456,0.0021822348780466,14.259704939406722
11532.2,3.606517202969654,0.0021822348780466,14.25970064374491
11534.2,3.60654925058641,0.0021822348780466,14.259696658525359
11536.2,3.606517184047006,0.0021822348780466,14.259693094815821
11538.2,3.606392359509349,0.0021822348780466,14.259688783639586
11540.2,3.606328061516933,0.0021822348780466,14.259684680367489
11542.2,3.60654925058641,0.0021822348780466,14.259680546383686
11544.2,3.6065172040207556,0.0021822348780466,14.259676189159105
11546.2,3.60654925058641,0.0021822348780466,14.259672437526511
11548.2,3.606581295302966,0.0021822348780466,14.259668827997073
11550.2,3.60673839204071,0.0021822348780466,14.259664455442524
11552.2,3.606706343621082,0.0021822348780466,14.25966050483361
11554.2,3.606706345742312,0.0021822348780466,14.25965638156179
11556.2,3.6067063271439217,0.0021822348780466,14.259652074596252
11558.2,3.606706201822446,0.0021822348780466,14.259648637953537
11560.2,3.6068954871944103,0.0021822348780466,14.259644545145333
11562.2,3.60673839204071,0.0021822348780466,14.259640487052812
11564.2,3.6067063441543046,0.0021822348780466,14.259636190895025
11566.2,3.6070525818056702,0.0021822348780466,14.259632266324617
11568.2,3.606770438072132,0.0021822348780466,14.259628859894894
11570.2,3.6070846296960615,0.0021822348780466,14.259624664476329
11572.2,3.6068954877330377,0.0021822348780466,14.2596203069831
11574.2,3.60692753349501,0.0021822348780466,14.2596159341326
11576.2,3.60730581640361,0.0021822348780466,14.259611561237639
11578.2,3.6070844482115354,0.0021822348780466,14.259607228939135
11580.2,3.606802487271982,0.0021822348780466,14.259603018580652
11582.2,3.607084629698301,0.00036972468403104804,14.259598738227204
11584.2,3.6068954827082482,0.0021822348780466,14.259594384096832
11586.2,3.6069916260931274,0.0021822348780466,14.259590168572254
11588.2,3.60711667494931,0.0021822348780466,14.259585795471947
11590.2,3.6070846286511324,0.0021822348780466,14.259581514174792
11592.2,3.6072737703709596,0.0018125011757701098,14.25957743291249
11594.2,3.607084628382775,0.0021822348780466,14.259573382491762
11596.2,3.607273743168986,0.0021822348780466,14.259569734724666
11598.2,3.60711667494931,0.0021822348780466,14.259566004744196
11600.2,3.6075270052067068,0.0021822348780466,14.259562425130527
11602.2,3.60730581640361,0.00036975195847986837,14.25955868901642
11604.2,3.60730581640361,0.00036970643331172225,14.259555056268566
11606.2,3.60711667494931,0.0021822348780466,14.259551192699846
11608.2,3.6072735657535966,0.0021822348780466,14.259546819346317
11610.2,3.60730581640361,0.0021822348780466,14.259542944504318
11612.2,3.607462912334785,0.0021822348780466,14.259538743795751
11614.2,3.60727376956541,0.0021822348780466,14.259534446805215
11616.2,3.6073378837229715,0.0021822348780466,14.259530246138569
11618.2,3.60768409931221,0.0021822348780466,14.25952587255903
11620.2,3.607652051697235,0.0021822348780466,14.259521625898
11622.2,3.6075270015272523,0.0021822348780466,14.259517252339755
11624.2,3.607652052472431,0.0021822348780466,14.259513097101737
11626.2,3.60762000461546,0.0021822348780466,14.25950872341995
11628.2,3.6076520532795597,0.0021822348780466,14.259504438653266
11630.2,3.607527006792064,0.0021822348780466,14.259500402408545
11632.2,3.607527004427528,0.00036973989758591554,14.259496232706793
11634.2,3.607841192614156,0.0021822348780466,14.259492000337925
11636.2,3.60768409931221,0.0021822348780466,14.259488271785719
11638.2,3.60755905416317,0.0018124767163293718,14.259484319253483
11640.2,3.6077161445623758,0.0021822348780466,14.259480530152551
11642.2,3.6079982896165275,0.0021822348780466,14.25947621749687
11644.2,3.60787324076651,0.0021822348780466,14.25947199661064
11646.2,3.60768409931221,0.0021822348780466,14.259468079066291
11648.2,3.6075590551885965,0.0021822348780466,14.259464030928324
11650.2,3.60787324076651,0.0021822348780466,14.259460206007839
11652.2,3.607905288382183,0.0021822348780466,14.25945657985729
11654.2,3.6079052881164264,0.0021822348780466,14.259452455140385
11656.2,3.6077161746746405,0.0021822348780466,14.259448411414834
11658.2,3.6077163105574956,0.0021822348780466,14.259445257896818
11660.2,3.6080303359186687,0.0021822348780466,14.259442252325428
11662.2,3.60787324076651,0.0021822348780466,14.259438203780473
11664.2,3.6078411928786003,0.0021822348780466,14.25943382967315
11666.2,3.6082194773762533,0.0021822348780466,14.259430310575445
11668.2,3.6079052886537593,0.0021822348780466,14.25942662311379
11670.2,3.60768409931221,0.0021822348780466,14.25942253329054
11672.2,3.6082194771065557,0.0021822348780466,14.25941834718007
11674.2,3.6082194776409184,0.0021822348780466,14.25941423761616
11676.2,3.60806238222081,0.0021822348780466,14.259410667898676
11678.2,3.60806238222081,0.0021822348780466,14.259407387163774
11680.2,3.608219476326735,0.0021822348780466,14.259403404609982
11682.2,3.6082194760561523,0.0021822348780466,14.259399452302054
11684.2,3.6080303343354494,0.0021822348780466,14.259395230992107
11686.2,3.6082194757880437,0.0018124797802937262,14.259391212151863
11688.2,3.60825152367511,0.0021822348780466,14.259387168700822
11690.2,3.60840861909729,0.0021822348780466,14.259382870729631
11692.2,3.60825152367511,0.0021822348780466,14.259378577235275
11694.2,3.60862980658371,0.0021822348780466,14.259374609308338
11696.2,3.60825152367511,0.0021822348780466,14.259370844784256
11698.2,3.6080945913417786,0.0021822348780466,14.259367222456406
11700.2,3.60825152367511,0.0018125011757701098,14.259363240201903
11702.2,3.5249773893407093,2.5008411702415,14.257513510848318
11704.2,3.5207476526877026,2.5008411702415,14.252619442562798
11706.2,3.51727448415696,2.5008411702415,14.247730559010277
11708.2,3.51481564525106,2.5008411702415,14.242845793838171
11710.2,3.512047144203275,2.5008411702415,14.237964513882535
11712.2,3.51008710889357,2.5008411702415,14.233086514908537
11714.2,3.50800655289627,2.5008411702415,14.228211321848619
11716.2,3.50592599689898,2.5008411702415,14.223338862650973
11718.2,3.5619239655667014,0.7389401202174539,14.219157335468573
11720.2,3.56361414046038,0.752871032926105,14.217668304569026
11722.2,3.56399242336898,0.7527314661625687,14.216178372413417
11724.2,3.56455984773188,0.752871032926105,14.214687553505573
11726.2,3.56455984773188,0.752871032926105,14.213196635914654
11728.2,3.56493813064048,0.752871032926105,14.211705665593627
11730.2,3.564913902413479,0.752871032926105,14.210214645762429
11732.2,3.5649133685535226,0.752871032926105,14.208723655991017
11734.2,3.5647368771067196,0.752871032926105,14.207232700834888
11736.2,3.56455984773188,0.752871032926105,14.205741746462753
11738.2,3.5643948969358195,0.752871032926105,14.204250936084538
11740.2,3.5643828210024235,0.752871032926105,14.202760082079458
11742.2,3.564169158435386,0.752871032926105,14.201269299946794
11744.2,3.5641936631182407,0.752871032926105,14.199778549713802
11746.2,3.56399242336898,0.752871032926105,14.19828791535181
11748.2,3.56380328191468,0.752871032926105,14.196797309611195
11750.2,3.56361414046038,0.752871032926105,14.195306745840151
11752.2,3.5634370942342013,0.752871032926105,14.193816256871477
11754.2,3.56323585755178,0.752871032926105,14.192325834514758
11756.2,3.5214229581921312,2.00110938316881,14.18952161147745
11758.2,3.51878761579136,2.00110938316881,14.185608413359617
11760.2,3.51708534270266,2.00110938316881,14.181697408127052
11762.2,3.515565469238094,2.00110938316881,14.1777883118013
11764.2,3.51424822088816,2.00110938316881,14.173880690718542
11766.2,3.513290207702784,2.00110938316881,14.169974487799218
11768.2,3.511593518308863,2.00110938316881,14.166069622264239
11770.2,3.510661281201214,2.00110938316881,14.162166082109461
11772.2,3.5757134045719097,-0.010577221200766023,14.159072803838605
11774.2,3.578732981242183,0.0021822348780466,14.159069575447852
11776.2,3.58025858843876,0.0021822348780466,14.159065502916123
11778.2,3.5813996763760403,0.0021822348780466,14.159061747578154
11780.2,3.58271742734465,0.0021822348780466,14.159057496084731
11782.2,3.58347399316185,0.0021822348780466,14.159053152088209
11784.2,3.6098652456448104,-0.750688798048058,14.160313481743618
11786.2,3.6116560698525,-0.750688798048058,14.161818198764777
11788.2,3.6134590699379143,-0.750688798048058,14.163324814321367
11790.2,3.6149598508009433,-0.750688798048058,14.16483180647838
11792.2,3.616094654132346,-0.750688798048058,14.166339619585763
11794.2,3.6172295011666535,-0.750688798048058,14.167846288000897
11796.2,3.5986974329844448,0.514399301704745,14.169337123951705
11798.2,3.56720782809208,0.752871032926105,14.167866559110577
11800.2,3.566287938633371,0.752871032926105,14.166374733909981
11802.2,3.5654797303490025,0.752871032926105,14.164883302413477
11804.2,3.564774806495196,0.752871032926105,14.163392171038184
11806.2,3.56418156482328,0.752871032926105,14.161901304401843
11808.2,3.563639959855285,0.752871032926105,14.160410647286637
11810.2,3.563261675579584,0.752871032926105,14.158920192334374
11812.2,3.56304671609748,0.752871032926105,14.157429873909816
11814.2,3.562831755244423,0.752871032926105,14.155939731085422
11816.2,3.56210100882599,0.752871032926105,14.154449725473537
11818.2,3.562075191013229,0.752871032926105,14.152959847526418
11820.2,3.56153358446309,0.752871032926105,14.151470127414429
11822.2,3.6107726506219393,-0.7614352218554512,14.1504080018491
11824.2,3.6133583429412,-0.750688798048058,14.151913482843192
11826.2,3.5897659513829163,0.0021822348780466,14.152482196748501
11828.2,3.58990480260804,0.0021822348780466,14.152477844612568
11830.2,3.5651020550596098,0.752871032926105,14.151794810005752
11832.2,3.56418156482328,0.752871032926105,14.150303930562623
11834.2,3.563343034313419,0.752871032926105,14.148813397670494
11836.2,3.56285757464318,0.752871032926105,14.147323102478989
11838.2,3.5625612575917494,0.752871032926105,14.145832976437294
11840.2,3.5618299019906914,0.752871032926105,14.144343057849444
11842.2,3.5614264061166616,0.752871032926105,14.142853299939125
11844.2,3.56134444300879,0.752871032926105,14.141363667651927
11846.2,3.561073394259973,0.752871032926105,14.13987418222808
11848.2,3.56058787719159,0.752871032926105,14.138384811484038
11850.2,3.5605059145051774,0.752871032926105,14.136895574932307
11852.2,3.559913273158594,0.752871032926105,14.135406463702983
11854.2,3.559667380190999,0.752871032926105,14.13391747007848
11856.2,3.55945302846579,0.752871032926105,14.13242859598238
11858.2,3.5593710639837477,0.752871032926105,14.130939824453112
11860.2,3.5591819257017883,0.752871032926105,14.129451144955034
11862.2,3.558992784035965,0.752871032926105,14.127962548624177
11864.2,3.55869646264859,0.752871032926105,14.126474024990065
11866.2,3.55831817973999,0.752871032926105,14.124985651536575
11868.2,3.5582679498623246,0.752871032926105,14.123497396518706
11870.2,3.557914864946406,0.752871032926105,14.122009203099365
11872.2,3.55775075537709,0.752871032926105,14.12052110880957
11874.2,3.5577256510673605,0.752871032926105,14.119033065228901
11876.2,3.557208387986879,0.752871032926105,14.117545131533896
11878.2,3.5570192995763983,0.752871032926105,14.116057278864794
11880.2,3.5569439891506898,0.752871032926105,14.114569525248347
11882.2,3.55680504810559,0.752871032926105,14.113081834346794
11884.2,3.5562627359329895,0.752871032926105,14.111594234810921
11886.2,3.55661590665129,0.752871032926105,14.110106710676437
11888.2,3.556376551530489,0.752871032926105,14.108619232602116
11890.2,3.5560484822884,0.752871032926105,14.107131852038323
11892.2,3.555695310616175,0.752871032926105,14.105644532582943
11894.2,3.5556701993798,0.752871032926105,14.10415727828847
11896.2,3.5553170302492685,0.752871032926105,14.102670116882944
11898.2,3.572484388805814,-0.199954277780101,14.101212588463508
11900.2,3.5812667266210143,0.0021822348780466,14.101227892496327
11902.2,3.5822124291257773,0.0021822348780466,14.101223550190062
11904.2,3.582844143181467,0.0014619942504161651,14.101219213434337
11906.2,3.60806238222081,-0.7522160564495971,14.101493121521473
11908.2,3.610200936772511,-0.750688798048058,14.102998031029832
11910.2,3.6115736952221256,-0.748506563170012,14.10450306339688
11912.2,3.6130624359678123,-0.750688798048058,14.106009166039206
11914.2,3.56304671609748,0.752871032926105,14.105363746510042
11916.2,3.56172272591739,0.752871032926105,14.103873811070336
11918.2,3.560765930641112,0.752871032926105,14.102384298757462
11920.2,3.5599203440664886,0.752871032926105,14.10089513021857
11922.2,3.559553133869582,0.752871032926105,14.099406209435587
11924.2,3.5592749561867727,0.752871032926105,14.097917462549598
11926.2,3.55869646264859,0.752871032926105,14.096428910735558
11928.2,3.5584182867312992,0.752871032926105,14.094940513872409
11930.2,3.55775075537709,0.752871032926105,14.093452277833903
11932.2,3.557661720636534,0.752871032926105,14.091964184038185
11934.2,3.5574725770346967,0.752871032926105,14.090476217292144
11936.2,3.55718333101419,0.752871032926105,14.088988373561971
11938.2,3.55690515500598,0.752871032926105,14.087500654510963
11940.2,3.5562376237427,0.752871032926105,14.086013042049142
11942.2,3.5562376237427,0.7517160952732242,14.084525641328426
11944.2,3.5558593408341,0.752871032926105,14.083038419516665
11946.2,3.5558593408341,0.752871032926105,14.081551195342476
11948.2,3.5555970598532807,0.752871032926105,14.08006401369337
11950.2,3.5552675368359092,0.752871032926105,14.078576996121445
11952.2,3.554889256074956,0.752871032926105,14.077090048447003
11954.2,3.554889255512897,0.752871032926105,14.07560317887248
11956.2,3.5547001138512306,0.752871032926105,14.07411643609617
11958.2,3.554297456271852,0.752871032926105,14.072629740778133
11960.2,3.5541814466157233,0.752871032926105,14.071143153405961
11962.2,3.5541814462047174,0.752871032926105,14.069656606025228
11964.2,3.5535896433825,0.752871032926105,14.06817017431467
11966.2,3.5537544079632597,0.752871032926105,14.06668383448323
11968.2,3.553186979456476,0.752871032926105,14.065197589088656
11970.2,3.5533761250539992,0.752871032926105,14.063711410086876
11972.2,3.5532113604739,0.752871032926105,14.062225283944382
11974.2,3.552643936111,0.752871032926105,14.060739220916906
11976.2,3.521871186144499,2.299217528813142,14.059202007681394
11978.2,3.4918671041877465,2.5008411702415,14.054363128810307
11980.2,3.48947069037491,2.5008411702415,14.049512257288557
11982.2,3.48720099292331,2.5008411702415,14.044665695961816
11984.2,3.4852452881637643,2.5023031644758307,14.039821208215757
11986.2,3.4837340232558582,2.5008411702415,14.034979876813178
11988.2,3.48215846495051,2.5008411702415,14.030140768584639
11990.2,3.4808326101254803,2.5008411702415,14.025303515388888
11992.2,3.47982447620562,2.5008411702415,14.020467400304815
11994.2,3.478438061994637,2.5008411702415,14.015633401816418
11996.2,3.47755477875403,2.5008411702415,14.010801000843317
11998.2,3.47660907148253,2.5008411702415,14.00596981345059
12000.2,3.56210100882599,0.0021822348780466,14.005909940438281
12002.2,3.56437070627758,0.0021822348780466,14.005905620372667
12004.2,3.5661730801047757,0.0021822348780466,14.005901297901861
12006.2,3.567575045187308,0.0021822348780466,14.005896973629895
12008.2,3.56872095972647,0.0021822348780466,14.005892647830375
12010.2,3.5696777281458743,0.0021822348780466,14.005888320704189
12012.2,3.57061237426947,0.0021822348780466,14.0058839923763
12014.2,3.5714690406418024,0.0021822348780466,14.005879663012239
12016.2,3.57221454932143,0.0021822348780466,14.00587544325376
12018.2,3.572793030729798,0.0021822348780466,14.005871112078141
12020.2,3.573549601772234,0.0021822348780466,14.005866780059243
12022.2,3.5739168141087396,0.0021822348780466,14.005862447204011
12024.2,3.574862528004385,0.0021822348780466,14.005858113597967
12026.2,3.57534091062696,0.0021822348780466,14.005853840037389
12028.2,3.57590833498986,0.0021822348780466,14.005849505175199
12030.2,3.57628661789846,0.0021822348780466,14.005845169723573
12032.2,3.57666490080706,0.0021822348780466,14.005840833611586
12034.2,3.57723232516996,0.0021822348780466,14.005836496998777
12036.2,3.57779974953286,0.0021822348780466,14.005832159876698
12038.2,3.5780889975113177,0.0021822348780466,14.00582782220436
12040.2,3.57836717389576,0.0021822348780466,14.005823609848324
12042.2,3.57893459825866,0.0021822348780466,14.005819271340918
12044.2,3.579223840081438,0.0021822348780466,14.005814932349171
12046.2,3.5794129776197625,0.0021822348780466,14.005810592908373
12048.2,3.579680096216246,0.0021822348780466,14.005806253044826
12050.2,3.5799693449355354,0.0021822348780466,14.005801912894675
12052.2,3.58054783110267,0.0021822348780466,14.005797572281077
12054.2,3.580837078798868,0.0021822348780466,14.005793231374366
12056.2,3.58120429571025,0.0021822348780466,14.005788935538563
12058.2,3.5814044981253192,0.0021822348780466,14.005784593989501
12060.2,3.5816826806661295,0.0021822348780466,14.0057802520913
12062.2,3.58158257861885,0.0021822348780466,14.005776157291367
12064.2,3.5818718197877857,0.0021822348780466,14.005771814811697
12066.2,3.58233914443605,0.0021822348780466,14.005768119066426
12068.2,3.5825393539356956,0.0021822348780466,14.00576384116178
12070.2,3.58280646758933,0.0021822348780466,14.005759497725137
12072.2,3.58309571025325,0.0021822348780466,14.005755154079315
12074.2,3.5830846506016893,0.0021822348780466,14.00575081015453
12076.2,3.583563036578398,0.0021822348780466,14.005746466027787
12078.2,3.58328485170755,0.0021822348780466,14.005742136799675
12080.2,3.583574097539532,0.0021822348780466,14.005737792183114
12082.2,3.5837632378714646,0.0021822348780466,14.005733447387264
12084.2,3.58404141752475,0.0021822348780466,14.005729102340801
12086.2,3.58404141752475,0.0011548924625912425,14.005725147740314
12088.2,3.58460884188765,0.0021822348780466,14.005720830880113
12090.2,3.5847089431902934,0.0021822348780466,14.00571648520808
12092.2,3.584708942258447,0.0021822348780466,14.00571225659485
12094.2,3.5850761672805764,0.0021822348780466,14.00570800629814
12096.2,3.585076165696959,0.0021822348780466,14.00570366002859
12098.2,3.5849760560015866,0.0021822348780466,14.005699313600422
12100.2,3.5854655098458013,0.0021822348780466,14.005695005484174
12102.2,3.5854655113363805,0.0021822348780466,14.005690665935065
12104.2,3.585654652140405,0.0021822348780466,14.005686395044242
12106.2,3.5858437935917387,0.0021822348780466,14.005682124019877
12108.2,3.58593283206775,0.0021822348780466,14.005677807168814
12110.2,3.5859435178091146,0.0021822348780466,14.00567364688645
12112.2,3.5860329270249687,0.0021822348780466,14.00566931460288
12114.2,3.586222078363277,0.0021822348780466,14.005664982105253
12116.2,3.586400158860942,0.0021822348780466,14.005660760442757
12118.2,3.5865892975163307,0.0021822348780466,14.005656412536663
12120.2,3.58658929826242,0.0021822348780466,14.005652064394944
12122.2,3.5866003569857723,0.0021822348780466,14.005647822694147
12124.2,3.58668939788494,0.0021822348780466,14.005643474313317
12126.2,3.5866783337528454,0.0021822348780466,14.005639141106634
12128.2,3.5869675768856055,0.0021822348780466,14.005634979489118
12130.2,3.58706768079354,0.0021822348780466,14.005630630793746
12132.2,3.5871567208546193,0.0021822348780466,14.005626312350682
12134.2,3.58725682224784,0.0021822348780466,14.005622170049744
12136.2,3.587356921962476,0.0011549085808243297,14.005617949746357
12138.2,3.58725682224784,0.0021822348780466,14.00561364349028
12140.2,3.5875349985403155,0.0021822348780466,14.00560937018879
12142.2,3.5877241402773503,0.0021822348780466,14.005605283840659
12144.2,3.587724145308097,0.0021822348780466,14.005601010363
12146.2,3.5879243485644543,0.0021822348780466,14.00559672162586
12148.2,3.5880023284059925,0.0021822348780466,14.005592524004294
12150.2,3.587935409336452,0.0021822348780466,14.00558817413513
12152.2,3.58820252951934,0.0021822348780466,14.005583839359497
12154.2,3.588291569672538,0.0021822348780466,14.005579489272279
12156.2,3.5879243454864076,0.0021822348780466,14.005575432715911
12158.2,3.58839167097364,0.0021822348780466,14.005571513007915
12160.2,3.58839167097364,0.0021822348780466,14.005567162645415
12162.2,3.58820252951934,0.0021822348780466,14.005562812193117
12164.2,3.5884917722734206,0.0021822348780466,14.005558461662757
12166.2,3.5887589009401832,0.0021822348780466,14.00555418717665
12168.2,3.5886698518349607,0.0021822348780466,14.005549836516701
12170.2,3.588680913543349,0.0021822348780466,14.005545485783339
12172.2,3.588758885086309,0.0021822348780466,14.005541337262802
12174.2,3.58895909533654,0.0021822348780466,14.005536986371043
12176.2,3.5889480323294602,0.0021822348780466,14.005532741822634
12178.2,3.58895909533654,0.0021822348780466,14.005528440781697
12180.2,3.5890591925338375,0.0021822348780466,14.005524089591741
12182.2,3.58914823679084,0.0021822348780466,14.005519799223881
12184.2,3.5892483366896903,0.0021822348780466,14.005515447936476
12186.2,3.58933737824514,0.0021822348780466,14.0055110964599
12188.2,3.5893263152396426,0.0021822348780466,14.005506744893996
12190.2,3.58933737824514,0.0021822348780466,14.00550239331454
12192.2,3.58952651969944,0.0021822348780466,14.005498041702074
12194.2,3.5894264183047815,0.0021822348780466,14.00549369001911
12196.2,3.58952651969944,0.0021822348780466,14.005489475349767
12198.2,3.589348429877329,0.0021822348780466,14.005485123584304
12200.2,3.5896266231436726,0.0021822348780466,14.005480771795652
12202.2,3.58990480260804,0.0021822348780466,14.005476419794645
12204.2,3.5896266224904356,0.0021822348780466,14.005472067823149
12206.2,3.589993843415734,0.0021822348780466,14.005467715636737
12208.2,3.5898047059736373,0.0021822348780466,14.005463409082115
12210.2,3.5900049022304557,0.0021822348780466,14.005459163407592
12212.2,3.58971566115374,0.0021822348780466,14.005454811110505
12214.2,3.5901940454540195,0.0021822348780466,14.005450752554244
12216.2,3.6158171818471,-0.748506563170012,14.006778012154001
12218.2,3.6168441568025864,-0.750688798048058,14.008283261843374
12220.2,3.61808687929869,-0.750688798048058,14.009791938897255
12222.2,3.618762176074514,-0.750688798048058,14.011300963616216
12224.2,3.6194921396479525,-0.750688798048058,14.012810319000323
12226.2,3.6202487038824422,-0.750688798048058,14.014319996693779
12228.2,3.6080471744865705,-0.18296357260127355,14.015802947897908
12230.2,3.59538990478273,0.0021822348780466,14.015817036001373
12232.2,3.59501162187413,0.0021822348780466,14.015813002037609
12234.2,3.56020959428299,1.00164580902343,14.014042158022896
12236.2,3.5583684208098627,1.00164580902343,14.012063314766149
12238.2,3.557207987180213,1.00164580902343,14.01008447523993
12240.2,3.5558593408341,0.9997526084755963,14.008105922958299
12242.2,3.554888522792197,0.99946357414538,14.00612871487658
12244.2,3.5537787848368,1.0013559263905347,14.004152347634935
12246.2,3.5532113604739,0.99946357414538,14.002176690490167
12248.2,3.5520765117481,0.9997534433445985,14.000202100071157
12250.2,3.5513199459309,1.00164580902343,13.998227592874654
12252.2,3.5503742386594,0.99946357414538,13.996254584300626
12254.2,3.549970835215874,1.00164580902343,13.994281077842068
12256.2,3.54905024847931,1.0013559629753004,13.99230698265151
12258.2,3.5486468404930243,0.99946357414538,13.990335043478007
12260.2,3.547890357194776,1.0013568784698061,13.988362581448724
12262.2,3.5468307807337762,1.00164580902343,13.986389370364257
12264.2,3.54659140957341,1.0013559812596353,13.984417876329692
12266.2,3.54621312666481,0.99946357414538,13.982448064185114
12268.2,3.5454816861347185,0.99946357414538,13.980478289886547
12270.2,3.511064954923522,2.00110938316881,13.977291402005337
12272.2,3.50876311871347,2.00110938316881,13.973389388363227
12274.2,3.5071251215845045,2.00110938316881,13.969489489340722
12276.2,3.50554771399038,2.00110938316881,13.965591388558446
12278.2,3.5039418461455183,2.00110938316881,13.96169499498488
12280.2,3.50271059217588,2.00110938316881,13.957800127981471
12282.2,3.50138660199579,2.00110938316881,13.953906748778452
12284.2,3.5002196152897462,2.00110938316881,13.950014758444174
12286.2,3.4989920432945576,2.00110938316881,13.946123987248146
12288.2,3.5911312834442555,-0.750688798048058,13.945169139792638
12290.2,3.5943791079236336,-0.750688798048058,13.946667556282824
12292.2,3.59709217787143,-0.750688798048058,13.948167190123304
12294.2,3.5986378139364894,-0.750688798048058,13.949667717724486
12296.2,3.600620851936715,-0.750688798048058,13.95116898831882
12298.2,3.5508226637010334,0.752871032926105,13.950660173594434
12300.2,3.54949867234737,0.752871032926105,13.949175243832714
12302.2,3.54905024847931,0.752871032926105,13.947690919746375
12304.2,3.5486018234354746,0.752871032926105,13.94620666509567
12306.2,3.54829368266211,0.752871032926105,13.944722520860767
12308.2,3.5480344020678745,0.752871032926105,13.943238485105653
12310.2,3.54791539975351,0.752871032926105,13.941754573313931
12312.2,3.54753711684491,0.752871032926105,13.940270809800927
12314.2,3.5470398340261595,0.752871032926105,13.938787110602274
12316.2,3.5468506949233514,0.752871032926105,13.93730353342967
12318.2,3.54659140957341,0.752871032926105,13.935820070568079
12320.2,3.54640226811911,0.752871032926105,13.934336727029702
12322.2,3.5461429861160543,0.752871032926105,13.93285343038384
12324.2,3.546072844750075,0.752871032926105,13.931370247552398
12326.2,3.54564570230191,0.752871032926105,13.929887136378703
12328.2,3.54545656084761,0.752871032926105,13.928404109368095
12330.2,3.545407693687174,0.752871032926105,13.926921160488838
12332.2,3.545316275763051,0.752871032926105,13.92543831644805
12334.2,3.5714946143953665,-0.06108440514722728,13.924069444517727
12336.2,3.5710538077453227,0.0021822348780466,13.924075484728009
12338.2,3.571684069787879,0.0021822348780466,13.924071154920066
12340.2,3.57250378881247,0.0021822348780466,13.924066824297494
12342.2,3.5730083485025435,0.0021822348780466,13.924062492820225
12344.2,3.5735757507486117,0.0021822348780466,13.924058548174154
12346.2,3.57401692044687,0.0021822348780466,13.924054215361792
12348.2,3.5747104060120436,0.0021822348780466,13.924049882162468
12350.2,3.5748365649344027,0.0021822348780466,13.924045563541247
12352.2,3.57515176917266,0.0021822348780466,13.924041229308505
12354.2,3.5755931518743145,0.0021822348780466,13.924037358545824
12356.2,3.57590833498986,0.0021822348780466,13.924033214277763
12358.2,3.5764127171127877,0.0021822348780466,13.924028944108024
12360.2,3.576601758688136,0.0021822348780466,13.924024744780116
12362.2,3.576980046911768,0.0021822348780466,13.924020499620264
12364.2,3.5769800278607424,0.0021822348780466,13.924016162950622
12366.2,3.57704318371566,0.0021822348780466,13.92401184125802
12368.2,3.57761060807856,0.0021822348780466,13.924007504071714
12370.2,3.577862886899613,0.0021822348780466,13.924003307399632
12372.2,3.57817803244146,0.0021822348780466,13.923999045474552
12374.2,3.578052041553609,0.0021822348780466,13.9239949445633
12376.2,3.5786193057384788,0.0021822348780466,13.923990833271786
12378.2,3.57855631535006,0.0014542036599382957,13.923986884561424
12380.2,3.5788714862434796,0.0021822348780466,13.923982720203362
12382.2,3.57912373971296,0.0007284825628214399,13.923978662745998
12384.2,3.5791868929216983,0.0021822348780466,13.923975333341708
12386.2,3.5794390407038317,0.0021822348780466,13.923971710000728
12388.2,3.5796280494848096,0.0021822348780466,13.923967919491753
12390.2,3.580006389408413,0.0021822348780466,13.923964119791114
12392.2,3.580006331332108,0.0021822348780466,13.92395982957773
12394.2,3.58006944698446,0.0021822348780466,13.923955812556452
12396.2,3.5803217395329447,0.0021822348780466,13.92395234016143
12398.2,3.58044772989305,0.0021822348780466,13.923948474659408
12400.2,3.5805739380721633,0.0021822348780466,13.923944224930816
12402.2,3.58063687134735,0.0021822348780466,13.923941010435975
12404.2,3.5808891300995995,0.0014540139309100614,13.923938194651871
12406.2,3.58107825776399,0.0021822348780466,13.923935301599581
12408.2,3.5811412101763898,0.0014543804116637004,13.923931668619904
12410.2,3.5810783069261336,0.0007286290571587503,13.9239282483854
12412.2,3.5813302865963137,0.0021822348780466,13.923924330878767
12414.2,3.5814562806479024,0.0021822348780466,13.92392149346465
12416.2,3.58158257861885,0.0,13.9239181032368
12418.2,3.58139343716455,0.0007280561766842568,13.923915547182663
12420.2,3.581834808286979,0.0021822348780466,13.923911487883927
12422.2,3.5818348505266293,0.0021822348780466,13.923908664556672
12424.2,3.58202401473418,0.0014535996304334267,13.923905040061326
12426.2,3.58196086152745,0.0021822348780466,13.923902048905136
12428.2,3.58215000298175,0.0021822348780466,13.923898553510153
12430.2,3.582465187087896,0.0021822348780466,13.923894472691389
12432.2,3.5824653789524534,0.0021822348780466,13.923891085092118
12434.2,3.58233914443605,0.0021822348780466,13.923887484511882
12436.2,3.5824650902744053,0.0021822348780466,13.923884455013978
12438.2,3.58271742734465,0.0021822348780466,13.92388081347346
12440.2,3.5830326088061493,0.001454196811363299,13.923876557577685
12442.2,3.582654271491478,0.0021822348780466,13.923873308014095
12444.2,3.58290656879895,0.0021822348780466,13.92386984388565
12446.2,3.58290656879895,0.0021822348780466,13.9238656108951
12448.2,3.583222017720778,0.0021822348780466,13.923861484226332
12450.2,3.58290656879895,0.0021822348780466,13.923857448642392
12452.2,3.5832217434512956,0.0021822348780466,13.923853241422151
12454.2,3.58309571025325,0.0021822348780466,13.923849792216739
12456.2,3.58347399316185,0.0,13.9238474991748
12458.2,3.583348002803616,0.0021822348780466,13.923844112498953
12460.2,3.58328485170755,0.0,13.9238408550452
12462.2,3.58334800385408,0.0021822348780466,13.923837600375252
12464.2,3.58366313461615,0.0021822348780466,13.923833326293055
12466.2,3.5835369766957235,0.0021822348780466,13.923829193965165
12468.2,3.5835370818703307,0.0007278910938246087,13.923825647189435
12470.2,3.58404141752475,0.0,13.9238219296418
12472.2,3.58385227607045,0.0021822348780466,13.923818591981192
12474.2,3.5839782627295182,0.0021822348780466,13.923814711767626
12476.2,3.583978583540406,0.0021822348780466,13.923810645200673
12478.2,3.58404141752475,0.0007277270532240778,13.92380652742551
12480.2,3.584104497834223,0.0021822348780466,13.923803582258001
12482.2,3.5841043710110347,0.0021822348780466,13.923800562283024
12484.2,3.58423055897905,0.0007286108324897911,13.923796756300824
12486.2,3.584293712180033,0.0021822348780466,13.923793214266775
12488.2,3.5841674084099324,0.0014536300621083814,13.923789057269715
12490.2,3.5842933971883912,0.0021822348780466,13.92378486684096
12492.2,3.584230877142739,0.0021822348780466,13.92378052147607
12494.2,3.5843565451141846,0.0021822348780466,13.923776175936347
12496.2,3.584672024796915,0.0021822348780466,13.92377186080374
12498.2,3.5842936593000423,0.0014542098039291708,13.923767951439618
12500.2,3.58441970043335,0.0021822348780466,13.923764447106446
12502.2,3.58441970043335,0.0021822348780466,13.923760803119523
12504.2,3.6105086456790443,-0.750688798048058,13.924976742668774
12506.2,3.6116434957772774,-0.750688798048058,13.92648153924688
12508.2,3.58650025643064,0.0021822348780466,13.926598557622135
12510.2,3.5862590235300833,0.0021822348780466,13.926594240075959
12512.2,3.5862590255503957,0.0021822348780466,13.926590155500612
12514.2,3.5213735229048604,1.984001164326174,13.925860117489222
12516.2,3.51632877688546,2.00110938316881,13.92195018806806
12518.2,3.5133342830539984,2.00110938316881,13.918042807709815
12520.2,3.5108754462524687,2.00110938316881,13.914138384112462
12522.2,3.5087949055463987,2.00110938316881,13.910236242635822
12524.2,3.50724998707908,2.00110938316881,13.906336328467612
12526.2,3.5053903417053918,2.00110938316881,13.902438284491225
12528.2,3.48701185146901,2.5008411702415,13.898015411089368
12530.2,3.48417472965451,2.5008411702415,13.893172629043002
12532.2,3.4824624569138853,2.5008411702415,13.888332877630962
12534.2,3.480660073748321,2.5008411702415,13.883495873081177
12536.2,3.478589882101961,2.5008411702415,13.878661387431583
12538.2,3.47717649584543,2.5018725491555354,13.87382916688243
12540.2,3.47528508130243,2.5008411702415,13.868999363864123
12542.2,3.474050631196769,2.5008411702415,13.864171618140784
12544.2,3.47263710094223,2.5008411702415,13.859345616243147
12546.2,3.471223716270715,2.5008411702415,13.854521776981283
12548.2,3.46998912058204,2.5008411702415,13.849699583249146
12550.2,3.46923255476484,2.5008411702415,13.844878872351996
12552.2,3.519823545469994,0.99946357414538,13.842591482076347
12554.2,3.52086817178865,1.00164580902343,13.840633740049098
12556.2,3.52123758639749,1.0006058509484839,13.83867525990094
12558.2,3.52181387906015,1.00164580902343,13.836717883615963
12560.2,3.5221020303711947,1.00164580902343,13.834758358487038
12562.2,3.52200302051445,1.0005035122270176,13.832799871701397
12564.2,3.52266057957262,1.00164580902343,13.830841635649787
12566.2,3.5221019766351964,0.99946357414538,13.828885046776046
12568.2,3.52238130342305,1.000503857600214,13.826927949829019
12570.2,3.522669449753615,0.99946357414538,13.824971347661135
12572.2,3.5222822943975896,0.99946357414538,13.823014138354
12574.2,3.5224716188906093,1.0006037869872504,13.821057759014812
12576.2,3.5224714405330255,0.99946357414538,13.819101143367245
12578.2,3.555491405556468,0.0010314241230160142,13.817806536880227
12580.2,3.5574722163482186,0.0021822348780466,13.817804381515943
12582.2,3.55869646264859,0.0,13.81780235117551
12584.2,3.559741920976483,0.0011508859080539566,13.817798945531388
12586.2,3.5604984819511247,0.0021822348780466,13.817795459964515
12588.2,3.561255044685801,0.001150794471776916,13.81779131942786
12590.2,3.56210100882599,0.0021822348780466,13.817787848337083
12592.2,3.562579040456323,0.0010313759062014322,13.817784312861157
12594.2,3.5633356054367678,0.0021822348780466,13.817781699983849
12596.2,3.56380328191468,0.0021822348780466,13.817778388376691
12598.2,3.564270959978204,0.0021822348780466,13.817774967895224
12600.2,3.5646492430599412,0.0021822348780466,13.817771303524554
12602.2,3.56550555500338,0.0021822348780466,13.817767353058896
12604.2,3.5657944435950033,0.0021822348780466,13.81776336021873
12606.2,3.5662517711727273,0.0021822348780466,13.817759044053274
12608.2,3.56664040372918,0.0021822348780466,13.81775496666548
12610.2,3.567118431929455,0.0021822348780466,13.817750960669434
12612.2,3.5674864887513174,0.0021822348780466,13.817747087542148
12614.2,3.5678646467733826,0.0011508406750225285,13.817743171574078
12616.2,3.56815353536357,0.0021822348780466,13.817738934383764
12618.2,3.56834267681787,0.0021822348780466,13.817734608475405
12620.2,3.5686212133396085,0.0021822348780466,13.81773051359539
12622.2,3.5690096762440247,0.0021822348780466,13.817726186904508
12624.2,3.56909924263507,0.0021822348780466,13.81772187498116
12626.2,3.56966666699797,0.0021822348780466,13.81771793487456
12628.2,3.56985580845227,0.0021822348780466,13.817713747857287
12630.2,3.5699555577469844,0.0021822348780466,13.817709495614839
12632.2,3.57042323281517,0.0021822348780466,13.817705167381899
12634.2,3.5707017686776883,0.0021822348780466,13.817700838796844
12636.2,3.5708118663418618,0.0021822348780466,13.817696540183983
12638.2,3.5708909103015096,0.0021822348780466,13.817692301902277
12640.2,3.57117979863237,0.0021822348780466,13.817688314614875
12642.2,3.571269289964178,0.0021822348780466,13.817684482955418
12644.2,3.57155808154097,0.0021822348780466,13.817680486415558
12646.2,3.5716578234861815,0.0021822348780466,13.81767629721768
12648.2,3.5722252506194723,0.0021822348780466,13.817671966898263
12650.2,3.5720464541129977,0.0021822348780466,13.817667636363327
12652.2,3.572225164543198,0.0021822348780466,13.81766330572448
12654.2,3.5724040400060226,0.0021822348780466,13.817659180591454
12656.2,3.57269293026677,0.0021822348780466,13.817654849501508
12658.2,3.57269293026677,0.0021822348780466,13.817650548493738
12660.2,3.572782327009988,0.0010314221795337162,13.817646562133433
12662.2,3.572981694979389,0.0021822348780466,13.817642424645026
12664.2,3.5732707121182528,0.0021822348780466,13.817638184582654
12666.2,3.5733600946755186,0.0021822348780466,13.817634219909381
12668.2,3.573549239040048,0.0021822348780466,13.817630169552956
12670.2,3.57344949608397,0.0021822348780466,13.817625897943904
12672.2,3.573538992500259,0.0010325721656763696,13.81762237520127
12674.2,3.573549242470948,0.0021822348780466,13.817618209715055
12676.2,3.57382777899257,0.0011508193451445416,13.817614202031033
12678.2,3.57401692044687,0.0021822348780466,13.817610269823257
12680.2,3.57401692044687,0.0021822348780466,13.817606411255477
12682.2,3.574195984068002,0.0021822348780466,13.81760222972709
12684.2,3.57420606190117,0.0021822348780466,13.817598017781043
12686.2,3.57439520335546,0.0021822348780466,13.817593855572511
12688.2,3.57429545722937,0.0021822348780466,13.817589738724774
12690.2,3.5746840910229345,0.0021822348780466,13.81758545496711
12692.2,3.574683937249898,0.0021822348780466,13.817581216525861
12694.2,3.57496262771836,0.0021822348780466,13.817576882710693
12696.2,3.5746737418098737,0.0010314251434868256,13.817572650091531
12698.2,3.57477348626406,0.0021822348780466,13.817568754423812
12700.2,3.5751414195299382,0.0021822348780466,13.817564556766596
12702.2,3.575251365373289,0.0021822348780466,13.81756028309939
12704.2,3.575251518554764,0.0021822348780466,13.817556210894079
12706.2,3.57534091062696,0.0021822348780466,13.81755206276377
12708.2,3.575430306531208,0.0021822348780466,13.817547849472847
12710.2,3.57562979837807,0.0021822348780466,13.817543514800949
12712.2,3.57534091062696,0.0021822348780466,13.817539457433611
12714.2,3.575619445564524,0.0021822348780466,13.817535183252653
12716.2,3.57553005208126,0.0021822348780466,13.817530969599687
12718.2,3.5760080810245145,0.0021822348780466,13.817526885973367
12720.2,3.57590833498986,0.0021822348780466,13.817523151292313
12722.2,3.575818767844568,0.0021822348780466,13.817518831304856
12724.2,3.57609747644416,0.001031394238591347,13.8175146015032
12726.2,3.57609747644416,0.0021822348780466,13.817511053664987
12728.2,3.5758189397455356,0.0021822348780466,13.817506878697557
12730.2,3.5761972203215824,0.0021822348780466,13.817502564657541
12732.2,3.57647575935276,0.0010323652615842264,13.817498255185686
12734.2,3.576465403545228,0.0021822348780466,13.817494413261795
12736.2,3.5765755047275363,0.0021822348780466,13.817490172918498
12738.2,3.57647575935276,0.0011508472776659922,13.817485917297098
12740.2,3.57647575935276,0.0021822348780466,13.817482589567675
12742.2,3.57647575935276,0.0021822348780466,13.817478288373541
12744.2,3.57647575935276,0.0021822348780466,13.817474028262932
12746.2,3.5765755046428938,0.0021822348780466,13.81746984400881
12748.2,3.576764646354277,0.0021822348780466,13.817465507860112
12750.2,3.576764643095024,0.0021822348780466,13.817461574931222
12752.2,3.5765651523461592,0.0021822348780466,13.817457615971136
12754.2,3.57685404226136,0.0021822348780466,13.817453299169973
12756.2,3.57685404226136,0.0021822348780466,13.817449008280173
12758.2,3.57685404226136,0.0021822348780466,13.81744513134271
12760.2,3.57685404226136,0.0021822348780466,13.817440885885986
12762.2,3.5768643973783405,0.0021822348780466,13.817436907215049
12764.2,3.5769537893081025,0.0021822348780466,13.817432893698093
12766.2,3.577132578126184,0.0021822348780466,13.81742872403737
12768.2,3.5769537863124974,0.0021822348780466,13.81742489251109
12770.2,3.57723232516996,0.0021822348780466,13.817420616456767
12772.2,3.5771428511027543,0.0021822348780466,13.817417060370284
12774.2,3.57723232516996,0.0021822348780466,13.817413172382997
12776.2,3.602420739446898,-0.750688798048058,13.818167957978398
12778.2,3.604057812629439,-0.750688798048058,13.819669576929066
12780.2,3.6046904424232045,-0.7488827619229351,13.821172677817396
12782.2,3.605668737160243,-0.750688798048058,13.82267235372415
12784.2,3.60654925058641,-0.748506563170012,13.824174088985062
12786.2,3.6071492747650273,-0.748506563170012,13.825673957930414
12788.2,3.607840640674085,-0.750688798048058,13.82717643919868
12790.2,3.5994631849609044,-0.3806767015843874,13.82865418368267
12792.2,3.58309571025325,0.0021822348780466,13.8286701157596
12794.2,3.5826080811722876,0.0021822348780466,13.828665867734623
12796.2,3.582229796680864,0.0,13.8286619746313
12798.2,3.53164923468374,1.49919536121807,13.82735530467423
12800.2,3.52862297141494,1.49919536121807,13.82441396631725
12802.2,3.5265376093237397,1.50137759609612,13.821474998527902
12804.2,3.52502928378325,1.5013223509866866,13.818537350450109
12806.2,3.5236870899679094,1.49919536121807,13.815601117396257
12808.2,3.5218090793466725,1.49919536121807,13.812666443049133
12810.2,3.52048988888005,1.49919536121807,13.809732796114957
12812.2,3.5193463168051506,1.49919536121807,13.806800425383942
12814.2,3.51784190851986,1.4992506765753433,13.80386920744997
12816.2,3.517075733608582,1.49919536121807,13.800938640182322
12818.2,3.515755813235845,1.49919536121807,13.79800936626351
12820.2,3.51443736234246,1.49919536121807,13.795081129473083
12822.2,3.51368079652527,1.49919536121807,13.792153923291949
12824.2,3.5127295492731325,1.49919536121807,13.789227145082002
12826.2,3.511972981680002,1.49919536121807,13.786301804318125
12828.2,3.511027272964378,1.4992593163458872,13.783376511437956
12830.2,3.509713951155217,1.49919536121807,13.780451929749772
12832.2,3.509325360690628,1.4992551534141225,13.777528808471649
12834.2,3.508557374768112,1.49919536121807,13.774605868957337
12836.2,3.507433585238157,1.49919536121807,13.77168399627742
12838.2,3.507049763405516,1.49919536121807,13.768762088580795
12840.2,3.50611513835328,1.5013136764757469,13.765840696317925
12842.2,3.5053641125631847,1.49919536121807,13.76291978756595
12844.2,3.5045964727955483,1.49919536121807,13.759999905556224
12846.2,3.50403458235598,1.49919536121807,13.757080458965877
12848.2,3.5034616352386836,1.49919536121807,13.754161923240815
12850.2,3.5027216663646445,1.49919536121807,13.751243742138024
12852.2,3.5023267645751575,1.49919536121807,13.748326541369632
12854.2,3.48455301256311,2.00110938316881,13.744839545228663
12856.2,3.48322902238302,2.00110938316881,13.740966268981577
12858.2,3.4823630854491516,2.00110938316881,13.737094287247121
12860.2,3.4814172974566,2.00110938316881,13.7332235109518
12862.2,3.480660743142951,2.00110938316881,13.729353542114826
12864.2,3.479744706532583,2.00110938316881,13.725484507636097
12866.2,3.47906791038842,2.0001890158228504,13.721616523118183
12868.2,3.478201980539829,2.00110938316881,13.717750234081583
12870.2,3.47774392020833,2.00110938316881,13.713883723334423
12872.2,3.4770670791235014,2.00110938316881,13.710018367402029
12874.2,3.476310560993805,1.99892714829076,13.706153714922593
12876.2,3.47547422275673,2.00110938316881,13.702289409805141
12878.2,3.4750161692622936,2.00110938316881,13.698425662618725
12880.2,3.4746379948723476,2.00110938316881,13.69456260289682
12882.2,3.47396109112233,2.00110938316881,13.690700213383547
12884.2,3.4734734370986033,2.00110938316881,13.686838970035438
12886.2,3.563985996886822,-0.7492092594428901,13.684416928495288
12888.2,3.568971012973612,-0.7492093379229914,13.685903258188059
12890.2,3.571619009102811,-0.748506563170012,13.68739087354628
12892.2,3.574077723350623,-0.750688798048058,13.68887909077295
12894.2,3.576030042322319,-0.749986693935586,13.69037004648785
12896.2,3.5777324223601106,-0.748506563170012,13.691858806590862
12898.2,3.57931288116726,-0.748506563170012,13.693348728296687
12900.2,3.5808869403620993,-0.750688798048058,13.694840689594558
12902.2,3.58252828589035,-0.750688798048058,13.69633441302396
12904.2,3.58366313461615,-0.750688798048058,13.697828686050423
12906.2,3.4935800698866237,2.0005125154494716,13.697538421628185
12908.2,3.4891442568168816,2.00110938316881,13.693657471038913
12910.2,3.48644442710611,2.00110938316881,13.689780123688537
12912.2,3.484312134736935,2.00110938316881,13.685905767074301
12914.2,3.4827133362593017,2.00110938316881,13.682033140737175
12916.2,3.49779291436409,1.49919536121807,13.678507424176336
12918.2,3.4973628988423644,1.50137759609612,13.675592442270354
12920.2,3.496331512606733,1.49919536121807,13.672678481459625
12922.2,3.4959014998211,1.49919536121807,13.669765814598758
12924.2,3.4952823442752705,1.50137759609612,13.666854072731965
12926.2,3.494577509641,1.49919536121807,13.663942264048737
12928.2,3.4939582233735904,1.49919536121807,13.661031119733893
12930.2,3.493494391661469,1.49919536121807,13.658120831572239
12932.2,3.492926965713332,1.49919536121807,13.655211161601075
12934.2,3.4920669430085542,1.5007807832533302,13.652301945245494
12936.2,3.491602975966241,1.49919536121807,13.649392045620353
12938.2,3.4912246942083884,1.49919536121807,13.646483744299543
12940.2,3.490846503401374,1.4997932715135944,13.643575833988805
12942.2,3.4902272561921,1.49919536121807,13.640668068634424
12944.2,3.4897116575453233,1.49919536121807,13.637760498451843
12946.2,3.4901237946958115,1.49919536121807,13.634853832785867
12948.2,3.48947069037491,1.5007807617089695,13.631947070429721
12950.2,3.48871412455771,1.49919536121807,13.629040590881564
12952.2,3.563920681980784,-0.748506563170012,13.628045493525686
12954.2,3.56739696954638,-0.748506563170012,13.629528865428727
12956.2,3.5701166221510467,-0.750688798048058,13.631016529331417
12958.2,3.57212550590387,-0.750688798048058,13.632504684891833
12960.2,3.57401692044687,-0.748506563170012,13.633994394626423
12962.2,3.5163893515132147,1.00164580902343,13.633728813618864
12964.2,3.51481564525106,0.99946357414538,13.631775802846247
12966.2,3.5138093606240304,1.0009468928679648,13.629822208066422
12968.2,3.5131738776983736,0.99946357414538,13.627868979508978
12970.2,3.5126745146266596,0.99946357414538,13.625917046623758
12972.2,3.51216766489087,1.00164580902343,13.62396564965242
12974.2,3.5116607924470777,0.99946357414538,13.622014709219558
12976.2,3.51160024052797,1.0009468877648782,13.620063128815977
12978.2,3.510904192662744,0.99946357414538,13.61811218811346
12980.2,3.5105333829891574,1.00164580902343,13.61616150594354
12982.2,3.51014768403104,0.99946357414538,13.61421149906365
12984.2,3.509958543651966,0.99946357414538,13.612260935842263
12986.2,3.509648360279473,0.99946357414538,13.610310937269109
12988.2,3.5093910443116227,1.000947771111951,13.608361888983803
12990.2,3.50895226016777,0.99946357414538,13.606412324016945
12992.2,3.508777344107065,1.0006367549009103,13.604462824701242
12994.2,3.5431347195506384,0.0021822348780466,13.60445644112857
12996.2,3.5446478979455187,0.0021822348780466,13.60445278840364
12998.2,3.5702030409095147,-0.7505096744969099,13.604834386365827
13000.2,3.57250378881247,-0.7486856684505082,13.606323708694562
13002.2,3.5503661276378655,-0.017177134316849127,13.607572516305734
13004.2,3.5497081841975735,0.0021822348780466,13.607570157187554
13006.2,3.5498974651761834,0.0021822348780466,13.607565933373676
13008.2,3.5252710105903575,0.7522643251507205,13.607226737198676
13010.2,3.52408357651175,0.752871032926105,13.605752504203322
13012.2,3.5234636917830757,0.752871032926105,13.604278603630364
13014.2,3.523085400957272,0.752871032926105,13.602805033840276
13016.2,3.52257044487735,0.752871032926105,13.601331546512078
13018.2,3.5222446901332094,0.752871032926105,13.599858222661405
13020.2,3.5219191430194505,0.752871032926105,13.598385069871197
13022.2,3.521708946358451,0.752871032926105,13.596912067853477
13024.2,3.52124645469725,0.752871032926105,13.595439202930052
13026.2,3.5211097746611184,0.752871032926105,13.593966437710767
13028.2,3.52067903033435,0.752871032926105,13.592493794416935
13030.2,3.520542417240913,0.752871032926105,13.591021298295795
13032.2,3.5203849655062367,0.752871032926105,13.589548831256392
13034.2,3.5202165304106563,0.752871032926105,13.588076448573986
13036.2,3.519870002390926,0.752871032926105,13.586604170961767
13038.2,3.5195966450513025,0.752871032926105,13.585131990326424
13040.2,3.563233892168187,-0.8702693835627647,13.583775951300119
13042.2,3.5715048799495053,-0.750688798048058,13.585273766797732
13044.2,3.548602514997371,0.0021822348780466,13.586166457984023
13046.2,3.5485426690566615,0.0021822348780466,13.586162160719056
13048.2,3.54905024847931,0.0021822348780466,13.586157873414935
13050.2,3.5494883758268676,0.0021822348780466,13.586153815268709
13052.2,3.524345127550926,0.752871032926105,13.585320661512515
13054.2,3.5233994222408738,0.752871032926105,13.583846787669833
13056.2,3.5230654608682093,0.752871032926105,13.582373198389746
13058.2,3.522498038463258,0.752871032926105,13.580899855121455
13060.2,3.52200302051445,0.752871032926105,13.579426708798419
13062.2,3.52150800489757,0.752871032926105,13.577953756464542
13064.2,3.52105731324295,0.752871032926105,13.57648092911354
13066.2,3.520751437726186,0.752871032926105,13.575008247820278
13068.2,3.5205622960392193,0.752871032926105,13.573535725138573
13070.2,3.5201396932717843,0.752871032926105,13.572063305652835
13072.2,3.5200391957761283,0.752871032926105,13.570591013653159
13074.2,3.51954418160856,0.7520355815667392,13.569119102631054
13076.2,3.519499863980441,0.752871032926105,13.56764715688321
13078.2,3.4585955593451008,2.5008411702415,13.563091930555165
13080.2,3.45599265296386,2.5008411702415,13.558288739399144
13082.2,3.4537949913683996,2.5008411702415,13.553488836634774
13084.2,3.4521377864390135,2.5008411702415,13.548691683391851
13086.2,3.45050755078917,2.5008411702415,13.543896670818334
13088.2,3.4491384959956175,2.5008411702415,13.539103680882185
13090.2,3.4477875341964395,2.5008411702415,13.534312613901237
13092.2,3.44672472170318,2.5008411702415,13.529523276473777
13094.2,3.44540073152308,2.5008411702415,13.524735622962373
13096.2,3.44445502425158,2.5008411702415,13.51994969786886
13098.2,3.442896829215287,2.5008411702415,13.515165236225865
13100.2,3.4420682259545226,2.5008411702415,13.510382356218667
13102.2,3.44105047807419,2.5008411702415,13.50560085188853
13104.2,3.4399606922983716,2.502192246401683,13.500820783255113
13106.2,3.4390870280534935,2.5008411702415,13.496042079559793
13108.2,3.4376729009529896,2.5008411702415,13.491264733755813
13110.2,3.4368442992047963,2.5008411702415,13.486488807865015
13112.2,3.43613280026239,2.5008411702415,13.481713967062356
13114.2,3.5212316464653894,0.0021822348780466,13.48076189833415
13116.2,3.524287352946753,0.0021822348780466,13.48075762726822
13118.2,3.5261494931407413,0.0021822348780466,13.480753353385573
13120.2,3.527851766103566,0.0021822348780466,13.480749205594316
13122.2,3.5293648977417096,0.0021822348780466,13.480745404720933
13124.2,3.5560360932946606,-0.7808112692787567,13.480908857091565
13126.2,3.55793989683139,-0.748506563170012,13.482389948851042
13128.2,3.560017353947881,-0.748506563170012,13.483871076921954
13130.2,3.56153048877744,-0.750688798048058,13.485352794448017
13132.2,3.56323585755178,-0.750688798048058,13.486838124356648
13134.2,3.5647520833637882,-0.750688798048058,13.488323972710612
13136.2,3.56607297936628,-0.748506563170012,13.489808233527059
13138.2,3.56777525245498,-0.750688798048058,13.491292412113799
13140.2,3.4741851763249336,2.00110938316881,13.488571278369754
13142.2,3.4708505215291154,2.00110938316881,13.484710789146872
13144.2,3.4683568976104304,2.00110938316881,13.480853572455054
13146.2,3.46639543295034,2.00110938316881,13.476998628474984
13148.2,3.46469315986165,2.00110938316881,13.473145827768784
13150.2,3.463333743779903,2.00110938316881,13.469295860658223
13152.2,3.461512892784248,2.00110938316881,13.46544661557608
13154.2,3.4604971019466246,2.00110938316881,13.461598861132622
13156.2,3.4594324932015565,2.000702175083982,13.457754479424553
13158.2,3.4584164425504422,2.00110938316881,13.45390931570011
13160.2,3.47339366675943,1.49919536121807,13.45037895696867
13162.2,3.473627436900068,1.4994528147632202,13.447485572562679
13164.2,3.473749635139972,1.49919536121807,13.444591189111527
13166.2,3.473226836476833,1.49919536121807,13.441697869015643
13168.2,3.472781610540079,1.49919536121807,13.438804402696473
13170.2,3.472303447846069,1.49919536121807,13.435911220872445
13172.2,3.472236502756112,1.49919536121807,13.433018954009896
13174.2,3.47169139367074,1.5011201565107675,13.43012668197089
13176.2,3.47131311076214,1.49919536121807,13.427234530316461
13178.2,3.47093482785354,1.49919536121807,13.424342815991162
13180.2,3.4706011719556358,1.49919536121807,13.421451442502748
13182.2,3.47036740349064,1.49919536121807,13.418560732208352
13184.2,3.46998912058204,1.49919536121807,13.415670008859802
13186.2,3.519436608635005,0.0021822348780466,13.413700354572073
13188.2,3.5225299540936095,0.0021822348780466,13.413696238555927
13190.2,3.52389443505745,0.00046520595106484163,13.413692632652097
13192.2,3.52521842523755,0.0021822348780466,13.413688800531212
13194.2,3.5262049186744218,0.0021822348780466,13.413684874412718
13196.2,3.52729898123484,0.0021822348780466,13.413681131011867
13198.2,3.528326265815919,0.00047060241468393143,13.413676951402907
13200.2,3.528960464769402,0.0021822348780466,13.41367314278596
13202.2,3.5299064264544806,0.0021822348780466,13.413669227526182
13204.2,3.5304736056051644,0.0021822348780466,13.41366505706944
13206.2,3.5309334543497393,0.0021822348780466,13.413661512571005
13208.2,3.5318790763424324,0.0017126529669946038,13.41365744825834
13210.2,3.5325541904106648,0.0021822348780466,13.413653451824434
13212.2,3.53278408340953,0.0021822348780466,13.413649657688
13214.2,3.53354064922673,0.0021822348780466,13.413645419144332
13216.2,3.53410807358963,0.0017116428894776224,13.41364211705353
13218.2,3.53467549795253,0.0021822348780466,13.41363912329053
13220.2,3.535012992552985,0.0,13.4136353166425
13222.2,3.53524292231543,0.0021822348780466,13.413632111944322
13224.2,3.535580416232348,0.0021822348780466,13.413628829377904
13226.2,3.5365261245263513,0.001711640373653113,13.413625936874212
13228.2,3.53656691249553,0.001712573312813308,13.413622780157757
13230.2,3.53709359303721,0.0,13.413620819433023
13232.2,3.53694519540413,0.0021822348780466,13.413617761574331
13234.2,3.5374718988126954,0.0021822348780466,13.413615436687774
13236.2,3.53789090267563,0.0,13.4136126758349
13238.2,3.5380132638825392,0.0,13.413611281381232
13240.2,3.538417542365689,0.0021822348780466,13.413609686744977
13242.2,3.5384989628227546,0.0,13.413607743400302
13244.2,3.53902575140142,0.0,13.413605775338649
13246.2,3.53925567902254,0.0017116611685159644,13.413603756583756
13248.2,3.5394448235188327,0.0017116260712753146,13.413600889204442
13250.2,3.53963396158451,0.0,13.4135998345551
13252.2,3.53997145867292,0.0021822348780466,13.413596959844567
13254.2,3.5401198905108835,0.0,13.4135943908567
13256.2,3.54034974158152,0.0021822348780466,13.413590975492355
13258.2,3.5405796047950457,0.0021822348780466,13.413587632048598
13260.2,3.54072802449012,0.0017116873579906572,13.413584232598293
13262.2,3.5412546584005615,0.0021822348780466,13.41358164204743
13264.2,3.5411469688368267,0.0021822348780466,13.413577773587043
13266.2,3.54129544885302,0.0021822348780466,13.413574654315543
13268.2,3.54129544885302,0.0,13.4135707610432
13270.2,3.54186287321592,0.0017143912224174775,13.413566924970981
13272.2,3.5415253150124646,0.0021822348780466,13.413563249294869
13274.2,3.54224115612452,0.0021822348780466,13.413559324249748
13276.2,3.5422003637443216,0.0,13.413555140799
13278.2,3.54224115612452,0.0,13.4135517054145
13280.2,3.542389512098531,0.0021822348780466,13.413548986090888
13282.2,3.5425787148443217,0.0021822348780466,13.413545191583793
13284.2,3.54280858048742,0.0004705643838258788,13.413541468612495
13286.2,3.54280858048742,0.0021822348780466,13.41353821447119
13288.2,3.54299772194172,0.0021822348780466,13.413535093494982
13290.2,3.543038479972009,0.0,13.4135322319526
13292.2,3.543038445230696,0.0017123866267393377,13.413530183679098
13294.2,3.54337600485032,0.0017116482610670882,13.413527935878504
13296.2,3.54356514630462,0.0017116859462162507,13.413525351981377
13298.2,3.54356514630462,0.0,13.413523869085607
13300.2,3.54356514630462,0.0017116834034802849,13.413521001303248
13302.2,3.543903097706838,0.0021822348780466,13.413518829587629
13304.2,3.54375428775892,0.0021822348780466,13.413516496607814
13306.2,3.5438618525985968,0.0021822348780466,13.413512709614258
13308.2,3.5442809222255405,0.00047061673835847856,13.413509562316358
13310.2,3.54394342921322,0.0021822348780466,13.413506039688317
13312.2,3.54432171212181,0.00171240681503814,13.413502991466165
13314.2,3.54432171212181,0.0021822348780466,13.413500370801279
13316.2,3.5443623934239783,0.0,13.4134980537606
13318.2,3.544173327794319,0.0,13.4134950157636
13320.2,3.544551637128496,0.0021822348780466,13.413492646458257
13322.2,3.54469999503041,0.0004687628665968932,13.413490182316298
13324.2,3.544807666387633,0.00046998392821237257,13.413486767218908
13326.2,3.544822351466653,0.0021822348780466,13.413483102480727
13328.2,3.5448483492029026,0.0021822348780466,13.413479329329794
13330.2,3.54488913648471,0.0021822348780466,13.41347514515864
13332.2,3.5448485121109403,0.0021822348780466,13.4134708774789
13334.2,3.54507827793901,0.0021822348780466,13.413466579674733
13336.2,3.545037490875324,0.0021822348780466,13.413462281752272
13338.2,3.54507827793901,0.0021822348780466,13.413457983792695
13340.2,3.545226634255896,0.0021822348780466,13.413453750221736
13342.2,3.54545656084761,0.00047049012901146184,13.413449745712489
13344.2,3.54545656084761,0.0021822348780466,13.413446088558823
13346.2,3.5454157890332456,0.0021822348780466,13.413442175091381
13348.2,3.54545656084761,0.0021822348780466,13.41343787683499
13350.2,3.54564570230191,0.0021822348780466,13.413433977929756
13352.2,3.54564570230191,0.0021822348780466,13.413429999407958
13354.2,3.5456049108207157,0.0021822348780466,13.413425700822364
13356.2,3.54583484375621,0.0021822348780466,13.413421402230027
13358.2,3.5456864881221,0.0021822348780466,13.413417103455897
13360.2,3.54583484375621,0.0021822348780466,13.413412804708871
13362.2,3.54583484375621,0.0021822348780466,13.413409071210278
13364.2,3.5461315525400803,0.0017116508360926583,13.413406106621666
13366.2,3.5459424067955267,0.0021822348780466,13.41340291355404
13368.2,3.5458756339921944,0.0021822348780466,13.413398844587576
13370.2,3.54602398521051,0.0021822348780466,13.413394590662783
13372.2,3.54602398521051,0.0021822348780466,13.413390661252338
13374.2,3.54640226811911,0.00047061275462289783,13.413386817851597
13376.2,3.546172343670342,0.00047053710826511886,13.413383283877073
13378.2,3.54621312666481,0.0021822348780466,13.413379008232821
13380.2,3.571024569835995,-0.748506563170012,13.41390228122862
13382.2,3.5727268455263888,-0.750688798048058,13.415391992547706
13384.2,3.5739490925259183,-0.750688798048058,13.41688227639729
13386.2,3.57477348626406,-0.750688798048058,13.418372957486959
13388.2,3.57553005208126,-0.748506563170012,13.419860192201272
13390.2,3.5764418440946826,-0.750688798048058,13.4213503055318
13392.2,3.46412573549875,2.5008411702415,13.416895608206865
13394.2,3.45996462350415,2.5008411702415,13.412085781893495
13396.2,3.4563860077519255,2.5008411702415,13.407281227035682
13398.2,3.45353381405797,2.5008411702415,13.402481165750144
13400.2,3.4509009059556313,2.5008411702415,13.397684867896999
13402.2,3.44858598323032,2.5008411702415,13.392892117119967
13404.2,3.44615729734028,2.5008411702415,13.388102792429933
13406.2,3.4440918149305753,2.5008411702415,13.383316442498643
13408.2,3.4418221174815056,2.5008411702415,13.378533065755525
13410.2,3.439930701607995,2.5008411702415,13.373752495702337
13412.2,3.4381982825437833,2.5008411702415,13.36897457482139
13414.2,3.43651108317099,2.5008411702415,13.36419907834791
13416.2,3.4344606746037516,2.5008411702415,13.359425875166496
13418.2,3.483250320274048,0.99946357414538,13.355686299921887
13420.2,3.4852881001297287,1.00164580902343,13.353748114953426
13422.2,3.4853310842815453,1.00164580902343,13.35180943503684
13424.2,3.4857093612085492,1.00164580902343,13.34987142179141
13426.2,3.4860876499197997,1.0013976850072968,13.347931976073818
13428.2,3.4860875026312304,0.9997099988076895,13.345994796280097
13430.2,3.48606614419751,0.9997116860999713,13.344056447256822
13432.2,3.4860876532701104,0.9997117368159927,13.342117537921643
13434.2,3.48625528565181,0.99946357414538,13.340180292801113
13436.2,3.48606614419751,1.00164580902343,13.338242506052215
13438.2,3.4857304845282466,0.9997094586867674,13.336305505678894
13440.2,3.48606614419751,0.99946357414538,13.33436715447071
13442.2,3.485709368774292,0.99946357414538,13.33242946852594
13444.2,3.48587700274321,1.00164580902343,13.330492170332596
13446.2,3.485644846677176,0.99946357414538,13.328554547714656
13448.2,3.4856665406838787,1.00164580902343,13.326616603041142
13450.2,3.485163445553654,0.9997116819112049,13.324678524428467
13452.2,3.48512043692601,1.00164580902343,13.322739541527788
13454.2,3.4851419405553337,1.0013977091550597,13.320802665205242
13456.2,3.4940793801950423,0.7225032401925258,13.318954006083192
13458.2,3.4936318023695,0.752871032926105,13.317496171920464
13460.2,3.493786299957479,0.752871032926105,13.316034891865073
13462.2,3.4938555859717537,0.752871032926105,13.314573528088278
13464.2,3.4941992267324,0.752871032926105,13.31311211663916
13466.2,3.493975440833946,0.752871032926105,13.31165071087992
13468.2,3.4941992267324,0.752871032926105,13.31018928600394
13470.2,3.4938555863956102,0.752871032926105,13.308727809651323
13472.2,3.4941992267324,0.752871032926105,13.307266336124217
13474.2,3.494353724454442,0.752871032926105,13.305804860113458
13476.2,3.494164582153045,0.752871032926105,13.30434339372307
13478.2,3.4940100852781,0.7510884861778746,13.302882056827848
13480.2,3.4943187022448874,0.752871032926105,13.301420721091397
13482.2,3.4941992267324,0.7524713430090254,13.299959448982058
13484.2,3.5190083569687713,-0.0029114036175581816,13.298880280795247
13486.2,3.5206632257174486,0.0021822348780466,13.298876163691576
13488.2,3.5216089348371145,0.0021822348780466,13.298872760526212
13490.2,3.5225546402545036,0.0021822348780466,13.29886856033388
13492.2,3.52294872778595,0.0021822348780466,13.29886507588308
13494.2,3.5239102379603846,0.0021822348780466,13.298861419417484
13496.2,3.54961767284221,-0.748506563170012,13.299507131349081
13498.2,3.5516982288395,-0.750688798048058,13.300987770066053
13500.2,3.553309706067347,-0.750688798048058,13.302469337508652
13502.2,3.5546336948510096,-0.750688798048058,13.303948431521087
13504.2,3.5558593408341,-0.750688798048058,13.30542967744984
13506.2,3.5569033915417667,-0.750688798048058,13.306912903418002
13508.2,3.558038240966444,-0.750688798048058,13.308396574550796
13510.2,3.559173089629411,-0.750688798048058,13.30988069249802
13512.2,3.560111250719258,-0.750688798048058,13.311363410084287
13514.2,3.5089371990062554,0.752871032926105,13.310078935534385
13516.2,3.507265052364994,0.752871032926105,13.308611648069627
13518.2,3.50611513835328,0.752871032926105,13.307144901456374
13520.2,3.5053887041160015,0.752871032926105,13.305678555624649
13522.2,3.50479114817318,0.752871032926105,13.304212515685304
13524.2,3.504049648705583,0.752871032926105,13.302746715988393
13526.2,3.503247885206783,0.752871032926105,13.30128125053315
13528.2,3.502536513596035,0.752871032926105,13.299816009843951
13530.2,3.5273910167238056,0.0021822348780466,13.298923937723858
13532.2,3.5287200829902403,0.0021822348780466,13.298919739491794
13534.2,3.5292875082532,0.0021822348780466,13.29891558526373
13536.2,3.5555035482202606,-0.750688798048058,13.299905201140184
13538.2,3.483918116193234,1.4767477050714217,13.300725420028266
13540.2,3.4792345599668333,1.49919536121807,13.297827635996702
13542.2,3.477154006762257,1.49919536121807,13.294930057601968
13544.2,3.47528508130243,1.50137759609612,13.292034039920862
13546.2,3.47396109112233,1.49919536121807,13.289139691347502
13548.2,3.4727812530501843,1.49919536121807,13.28624623526153
13550.2,3.47112396930784,1.49919536121807,13.28335374708409
13552.2,3.470155768383721,1.49919536121807,13.280462521779668
13554.2,3.46904341331054,1.5011180898377723,13.27757129818726
13556.2,3.46809770603904,1.49919536121807,13.274681080394675
13558.2,3.4671070114667586,1.50137759609612,13.271791985201858
13560.2,3.466161308113699,1.5011180963840045,13.268904246354023
13562.2,3.4655713951123013,1.50137759609612,13.266016090907353
13564.2,3.46488230131595,1.5011180502403498,13.263129122824067
13566.2,3.452279804700492,2.2533571049936842,13.26023392515708
13568.2,3.4284008622425284,2.5008411702415,13.255488376567236
13570.2,3.4268191398322463,2.5008411702415,13.250725597037901
13572.2,3.4249048648779543,2.5008411702415,13.245965863823749
13574.2,3.4237928745379516,2.5008411702415,13.241208314078943
13576.2,3.421924326798372,2.5008411702415,13.236453012971914
13578.2,3.4204569255364654,2.5008411702415,13.231699624344957
13580.2,3.5057787876412854,0.0021822348780466,13.231032763296282
13582.2,3.508594960228383,0.0021822348780466,13.231028511193449
13584.2,3.51027625034787,0.0021822348780466,13.231024271614588
13586.2,3.53732347831273,-0.750688798048058,13.232088866041819
13588.2,3.53963481195557,-0.748506563170012,13.2335642059655
13590.2,3.54186287321592,-0.750688798048058,13.235040073503267
13592.2,3.54356514630462,-0.750688798048058,13.236516423299566
13594.2,3.545225834907528,-0.748506563170012,13.23799248649564
13596.2,3.5207949244876633,0.0021822348780466,13.238263450125048
13598.2,3.520605780221884,0.0021822348780466,13.238259432719122
13600.2,3.521173204838654,0.0021822348780466,13.23825521605072
13602.2,3.521667380767303,0.0021822348780466,13.23825115606894
13604.2,3.52200302051445,0.0021822348780466,13.238246886539836
13606.2,3.522265692458479,0.0021822348780466,13.238242770007947
13608.2,3.5226130924446544,0.0021822348780466,13.238238499582122
13610.2,3.52275958633165,0.0021822348780466,13.238234258519418
13612.2,3.523284365586715,0.0021822348780466,13.23823001709242
13614.2,3.52351615214885,0.0021822348780466,13.238225835005956
13616.2,3.52408357651175,0.0021822348780466,13.23822156293278
13618.2,3.52408357651175,0.0021822348780466,13.238217290402616
13620.2,3.52465100087465,0.0021822348780466,13.238213345320915
13622.2,3.5249560336684973,0.0021822348780466,13.2382091618045
13624.2,3.525260580921555,0.0021822348780466,13.238204888300547
13626.2,3.52540756669185,0.0021822348780466,13.238200614465434
13628.2,3.52578584960045,0.0021822348780466,13.238196400133429
13630.2,3.525712595956567,0.0021822348780466,13.23819212564876
13632.2,3.52597499105475,0.0021822348780466,13.238187850937077
13634.2,3.52654241541764,0.0021822348780466,13.238183575964689
13636.2,3.526426525307798,0.0021822348780466,13.238179300726463
13638.2,3.5266156645640634,0.0021822348780466,13.23817502528969
13640.2,3.52692069832624,0.0021822348780466,13.238170749596838
13642.2,3.5268474497950906,0.0021822348780466,13.238166473660472
13644.2,3.527414868691102,0.0021822348780466,13.238162272266294
13646.2,3.52748812268914,0.0021822348780466,13.238157995841748
13648.2,3.52767726414344,0.0021822348780466,13.238153749094717
13650.2,3.5279823002056916,0.0021822348780466,13.238149581384285
13652.2,3.5279821212963367,0.0021822348780466,13.238145304354035
13654.2,3.528171117787464,0.0021822348780466,13.238141027190316
13656.2,3.52817143997431,0.0021822348780466,13.238136877093526
13658.2,3.52824468850634,0.0021822348780466,13.238132611124378
13660.2,3.52843382996064,0.0021822348780466,13.238128333451549
13662.2,3.528696220917194,0.0021822348780466,13.238124055590992
13664.2,3.5285497228844513,0.0021822348780466,13.238119777513209
13666.2,3.52881211286924,0.0021822348780466,13.238115499394588
13668.2,3.52900125432354,0.0021822348780466,13.238111221086388
13670.2,3.52919039577784,0.0021822348780466,13.23810694263165
13672.2,3.529306289675279,0.0021822348780466,13.238102753873115
13674.2,3.52919039577784,0.0021822348780466,13.238098475133473
13676.2,3.5294527845340937,0.0021822348780466,13.238094196156396
13678.2,3.529452787349976,0.0021822348780466,13.238089917095976
13680.2,3.52975782014074,0.0021822348780466,13.238085652954101
13682.2,3.529800467193934,0.0021822348780466,13.238081373747104
13684.2,3.529800458195684,0.0021822348780466,13.238077094389553
13686.2,3.529831308700918,0.0021822348780466,13.238072814948177
13688.2,3.52994696159504,0.0021822348780466,13.238068535454772
13690.2,3.52994696159504,0.0021822348780466,13.238064255796965
13692.2,3.53013610304934,0.0021822348780466,13.238060020980301
13694.2,3.530251995975353,0.0021822348780466,13.238055756093592
13696.2,3.5303984927782315,0.0021822348780466,13.238051476194961
13698.2,3.53039849083695,0.0013371493634492166,13.23804731206182
13700.2,3.5303984955926513,0.0021822348780466,13.238043055126772
13702.2,3.530398493390712,0.0021822348780466,13.23803880927348
13704.2,3.53070352741224,0.0021822348780466,13.238034652806453
13706.2,3.5305876318282694,0.0021822348780466,13.238030444864455
13708.2,3.5306608837364886,0.0021822348780466,13.238026291111522
13710.2,3.530935313972171,0.0021822348780466,13.238022019764665
13712.2,3.5311244554339574,0.0021822348780466,13.238017789891405
13714.2,3.53108181032084,0.0021822348780466,13.238013524115713
13716.2,3.53108181032084,0.0021822348780466,13.23800924337544
13718.2,3.53108181032084,0.0021822348780466,13.23800496255464
13720.2,3.53127095177514,0.0021822348780466,13.238000681666636
13722.2,3.53127095177514,0.0021822348780466,13.237996400741649
13724.2,3.5311550547082655,0.0021822348780466,13.237992119734605
13726.2,3.5312283015544863,0.0021822348780466,13.237987838623358
13728.2,3.531386841884763,0.0021822348780466,13.237983557445167
13730.2,3.531386849197496,0.0021822348780466,13.237979415586613
13732.2,3.53164923468374,0.0021822348780466,13.237975134218377
13734.2,3.531575986509847,0.0021822348780466,13.237970852792994
13736.2,3.53164923468374,0.0021822348780466,13.237966631309426
13738.2,3.53146009322944,0.0021822348780466,13.237962349878607
13740.2,3.5317224844422306,0.0021822348780466,13.237958068373628
13742.2,3.5317957331717356,0.0021822348780466,13.237953801807686
13744.2,3.5317224800465805,0.0021822348780466,13.237949520173547
13746.2,3.5317224787169192,0.0021822348780466,13.237945238496337
13748.2,3.5316918822411876,0.0021822348780466,13.237940956741486
13750.2,3.5317224806561884,0.0021822348780466,13.237936674916217
13752.2,3.5318810217610075,0.0021822348780466,13.237932393085893
13754.2,3.5319542687041676,0.0021822348780466,13.237928111221681
13756.2,3.53183837613804,0.0021822348780466,13.23792382934404
13758.2,3.531911624667648,0.0021822348780466,13.23791974644809
13760.2,3.5319542658908136,0.0021822348780466,13.237915573625472
13762.2,3.5321007680655416,0.0021822348780466,13.237911366475203
13764.2,3.53202751759234,0.0021822348780466,13.237907298115733
13766.2,3.53221665904663,0.0021822348780466,13.23790315078185
13768.2,3.532259306611298,0.0021822348780466,13.237898868620855
13770.2,3.53240580050093,0.0021822348780466,13.237894586394207
13772.2,3.532258992669977,0.0021822348780466,13.237890438940168
13774.2,3.5323322845091774,0.0021822348780466,13.237886156598572
13776.2,3.5324484429518748,0.0021822348780466,13.23788187428857
13778.2,3.532247257357843,0.0021822348780466,13.237877591880522
13780.2,3.53221665904663,0.0021822348780466,13.237873324483434
13782.2,3.53240580050093,0.0021822348780466,13.237869042110692
13784.2,3.5322899050230423,0.0021822348780466,13.237864759542033
13786.2,3.5325216953681835,0.0021822348780466,13.237860477027578
13788.2,3.532332552938784,0.0021822348780466,13.237856194495565
13790.2,3.532521693424741,0.0021822348780466,13.237851911897083
13792.2,3.53240580050093,0.0021822348780466,13.237847629348924
13794.2,3.53278408340953,0.0021822348780466,13.237843346626184
13796.2,3.532332550284901,0.0021822348780466,13.237839064024822
13798.2,3.5328574641664816,0.0021822348780466,13.237834781362594
13800.2,3.53259494195523,0.0021822348780466,13.237830607865408
13802.2,3.53259494195523,0.0021822348780466,13.237826325175917
13804.2,3.532637206221517,0.0021822348780466,13.23782204240617
13806.2,3.5326681895173757,0.0021822348780466,13.237818048646274
13808.2,3.53278408340953,0.0021822348780466,13.237813765795892
13810.2,3.53240580050093,0.0021822348780466,13.237809482952526
13812.2,3.5327105451868355,0.0021822348780466,13.237805200165996
13814.2,3.532826725147076,0.0021822348780466,13.237800932232279
13816.2,3.53259494195523,0.0021822348780466,13.237796649265539
13818.2,3.532899979862616,0.0021822348780466,13.23779236631706
13820.2,3.53289997950187,0.0021822348780466,13.237788083397515
13822.2,3.53278408340953,0.0021822348780466,13.23778380037869
13824.2,3.53278408340953,0.0021822348780466,13.237779517418756
13826.2,3.5327108345187144,0.0021822348780466,13.237775358519782
13828.2,3.532930576588026,0.0021822348780466,13.237771075523709
13830.2,3.53316236631813,0.0021822348780466,13.237766792420677
13832.2,3.532857562739117,0.0021822348780466,13.237762509281552
13834.2,3.53297322486383,0.0021822348780466,13.237758226134504
13836.2,3.53297322486383,0.0021822348780466,13.237753942890706
13838.2,3.5328999785297737,0.0021822348780466,13.237749674635351
13840.2,3.53297322486383,0.0021822348780466,13.237745500703511
13842.2,3.5068681185814836,0.752871032926105,13.23644790163137
13844.2,3.50592599689898,0.752871032926105,13.234981377679343
13846.2,3.5047875594472444,0.752871032926105,13.233515275138698
13848.2,3.5040309952127813,0.752871032926105,13.232049555565085
13850.2,3.50289973363018,0.752871032926105,13.230584192435131
13852.2,3.502335896441232,0.752871032926105,13.229119136007217
13854.2,3.5023229697405034,0.752871032926105,13.227654371070493
13856.2,3.501011895058641,0.752871032926105,13.226189891878137
13858.2,3.500626447480554,0.752871032926105,13.224725646627022
13860.2,3.49968432890709,0.752871032926105,13.22326169436701
13862.2,3.49949518745279,0.752871032926105,13.221797959296396
13864.2,3.49874220554857,0.752871032926105,13.220334432214218
13866.2,3.49836033872699,0.752871032926105,13.218871123672487
13868.2,3.49779291436409,0.752871032926105,13.2174080611115
13870.2,3.497789337816111,0.752871032926105,13.215945197662114
13872.2,3.4968436231179463,0.752871032926105,13.214482517119004
13874.2,3.49609064127539,0.752871032926105,13.213020032374182
13876.2,3.49609064127539,0.752871032926105,13.211557735817584
13878.2,3.4955232169125,0.752871032926105,13.210095613214028
13880.2,3.4949557925496,0.752871032926105,13.208633795368648
13882.2,3.494713723340298,0.752871032926105,13.207172043599567
13884.2,3.494335374129854,0.752871032926105,13.205710432619178
13886.2,3.4940100852781,0.752871032926105,13.204248976410978
13888.2,3.4934426609152,0.752871032926105,13.202787706840017
13890.2,3.4932535194609,0.752871032926105,13.201326584215247
13892.2,3.492928170902519,0.752871032926105,13.199865590043155
13894.2,3.4923607454002243,0.752871032926105,13.198405006864913
13896.2,3.492171602799623,0.752871032926105,13.196944302238327
13898.2,3.4919133538540015,0.752871032926105,13.195484851103286
13900.2,3.4913944523334086,0.752871032926105,13.194024410338065
13902.2,3.4911729634636,0.752871032926105,13.192565160537772
13904.2,3.490794680555,0.752871032926105,13.191105025064898
13906.2,3.4904163976464,0.752871032926105,13.18964498995102
13908.2,3.490211075102548,0.752871032926105,13.188185142440805
13910.2,3.4898651542341863,0.752871032926105,13.186725347237973
13912.2,3.4896921861288788,0.752871032926105,13.185265669607778
13914.2,3.489297728832721,0.752871032926105,13.183806108477286
13916.2,3.4894383389781636,0.752871032926105,13.182348365824552
13918.2,3.489076233351548,0.752871032926105,13.180889006142932
13920.2,3.489060058701599,0.752871032926105,13.17942971369697
13922.2,3.488681773699269,0.752871032926105,13.177970556863578
13924.2,3.539675625681113,-0.750688798048058,13.178248674271266
13926.2,3.542187830925954,-0.750688798048058,13.179725077315672
13928.2,3.54389010421421,-0.750688798048058,13.181202594906111
13930.2,3.54526741939331,-0.750688798048058,13.182680881576049
13932.2,3.487203151795148,1.00164580902343,13.182643282418915
13934.2,3.48549871983461,1.00164580902343,13.180703749089915
13936.2,3.483983483628672,1.00164580902343,13.178764926513084
13938.2,3.483224712637975,1.00164580902343,13.176826641705377
13940.2,3.4817202022710143,1.00164580902343,13.1748887265348
13942.2,3.48114846638572,1.00164580902343,13.172951329626274
13944.2,3.48039190056852,1.00164580902343,13.171014821671875
13946.2,3.479639646125241,1.00164580902343,13.169078189099059
13948.2,3.47906791038842,1.00164580902343,13.16714230799583
13950.2,3.4786874686441194,1.00164580902343,13.165206363557997
13952.2,3.478124361992722,1.00164580902343,13.163270715987498
13954.2,3.4777459567547204,1.00164580902343,13.161335876322369
13956.2,3.4771743399650283,1.00164580902343,13.159401007007704
13958.2,3.476424250839373,1.00164580902343,13.157466708947913
13960.2,3.47641993002823,0.9994884823654099,13.155532381455656
13962.2,3.4758546614206574,1.00164580902343,13.153598746679062
13964.2,3.47528508130243,1.00164580902343,13.151665209271192
13966.2,3.424855934480478,2.5008411702415,13.148720518905682
13968.2,3.421131806117887,2.5008411702415,13.143964864699324
13970.2,3.41911006937542,2.5008411702415,13.139212844328334
13972.2,3.417479595314359,2.5008411702415,13.134463610552046
13974.2,3.41551638174373,2.5008411702415,13.129716690257927
13976.2,3.4140620774611796,2.5008411702415,13.124972058496777
13978.2,3.4991764699837855,0.0021822348780466,13.124118536920601
13980.2,3.501516172254652,0.0021822348780466,13.124114293141634
13982.2,3.50308887508448,0.0021822348780466,13.124110091694941
13984.2,3.5042832908339623,0.0021822348780466,13.12410584388571
13986.2,3.50535857253608,0.0021822348780466,13.124101594714658
13988.2,3.53259494195523,-0.750688798048058,13.125334701780272
13990.2,3.534582711229732,-0.7495770975140503,13.12680764523175
13992.2,3.536281415594279,-0.750688798048058,13.12828164416506
13994.2,3.5375159463863817,-0.748506563170012,13.129756275197376
13996.2,3.4872344281756016,0.752871032926105,13.129213571503808
13998.2,3.4862381905789386,0.752871032926105,13.127755228061773
14000.2,3.4854819816374314,0.752871032926105,13.126297275383262
14002.2,3.48493129547171,0.752871032926105,13.12483960923335
14004.2,3.4842080941912763,0.752871032926105,13.123382166515169
14006.2,3.48379644674592,0.752871032926105,13.121924931766143
14008.2,3.483590621018054,0.752871032926105,13.120468250827466
14010.2,3.48322902238302,0.752871032926105,13.119011334254246
14012.2,3.48266159802012,0.752871032926105,13.117554573737971
14014.2,3.4822999947675926,0.752871032926105,13.11609796659263
14016.2,3.48209417365722,0.752871032926105,13.114641508958952
14018.2,3.4817329425171675,0.752871032926105,13.113185156239666
14020.2,3.48152674929432,0.752871032926105,13.111728920467604
14022.2,3.48133760784002,0.752871032926105,13.110272773658387
14024.2,3.48077018347712,0.752871032926105,13.108816734824948
14026.2,3.4807534657066204,0.752871032926105,13.10736080728629
14028.2,3.480408966443938,0.752871032926105,13.105904980986175
14030.2,3.480219849445927,0.752871032926105,13.10444924607988
14032.2,3.50626751309659,0.0021822348780466,13.104165895411537
14034.2,3.507097618369445,0.0021822348780466,13.104161644045934
14036.2,3.5076650408350702,0.0021822348780466,13.104157391694507
14038.2,3.50838483580487,0.0021822348780466,13.104153138497859
14040.2,3.50914140162207,0.0021822348780466,13.104148884484403
14042.2,3.50951968453067,0.0021822348780466,13.104144629814737
14044.2,3.51008710889357,0.0021822348780466,13.10414037462249
14046.2,3.51046539180217,0.0021822348780466,13.104136178479695
14048.2,3.5108069061079643,0.0021822348780466,13.104131922306797
14050.2,3.51141109907367,0.0021822348780466,13.104127665651825
14052.2,3.51160024052797,0.0021822348780466,13.104123408483446
14054.2,3.51197852343657,0.0021822348780466,13.10411915097439
14056.2,3.51216766489087,0.0021822348780466,13.104114937728454
14058.2,3.51254594779947,0.0021822348780466,13.104110679479437
14060.2,3.5129610053462605,0.0021822348780466,13.104106420760822
14062.2,3.5128086284026367,0.0021822348780466,13.10410216185651
14064.2,3.51330251361667,0.0021822348780466,13.104097902509801
14066.2,3.51368079652527,0.0021822348780466,13.104093642884642
14068.2,3.5140223130759254,0.0021822348780466,13.104089412814641
14070.2,3.5140958474203123,0.0021822348780466,13.104085152467746
14072.2,3.5142849866744603,0.0021822348780466,13.104080891923843
14074.2,3.5143217478791517,0.0021822348780466,13.104076631193522
14076.2,3.5146632717856345,0.0021822348780466,13.10407241490645
14078.2,3.51481564525106,0.0021822348780466,13.104068153702313
14080.2,3.51519392815966,0.0021822348780466,13.104063892315247
14082.2,3.5153463000375935,0.0021822348780466,13.10405963068813
14084.2,3.51538306961396,0.0021822348780466,13.104055368878283
14086.2,3.515419839189488,0.0021822348780466,13.10405110684905
14088.2,3.5157981188822522,0.0021822348780466,13.1040468447518
14090.2,3.515798121481864,0.0021822348780466,13.104042582360544
14092.2,3.51595049397686,0.0021822348780466,13.104038319807959
14094.2,3.51632877688546,0.0021822348780466,13.10403405703803
14096.2,3.5161764046942827,0.0021822348780466,13.104029794044347
14098.2,3.5164811519785264,0.0021822348780466,13.10402553105273
14100.2,3.5166702914959136,0.0021822348780466,13.10402126773924
14102.2,3.5166282165001577,0.0021822348780466,13.104017004292468
14104.2,3.5170485734353596,0.0021822348780466,13.104012740809516
14106.2,3.516932969543387,0.0021822348780466,13.104008477215125
14108.2,3.5169329717484747,0.0021822348780466,13.104004213347332
14110.2,3.51708534270266,0.0021822348780466,13.103999949420212
14112.2,3.5173112540393574,0.0021822348780466,13.103995685383113
14114.2,3.517426857973503,0.0021822348780466,13.103991421149933
14116.2,3.5174268570075737,0.0021822348780466,13.10398715683939
14118.2,3.51765276706556,0.0021822348780466,13.103982952093592
14120.2,3.517500395800532,0.0021822348780466,13.103978687524254
14122.2,3.51784190851986,0.0021822348780466,13.103974422851625
14124.2,3.5177263061204114,0.0021822348780466,13.103970158044906
14126.2,3.5181466504282306,0.0021822348780466,13.10396589308038
14128.2,3.51822019142846,0.0021822348780466,13.103961628123967
14130.2,3.5180678182714313,0.0021822348780466,13.103957363030794
14132.2,3.5180678186272707,0.0021822348780466,13.103953097930406
14134.2,3.5181459280404277,0.0021822348780466,13.103948832678327
14136.2,3.51822019142846,0.0021822348780466,13.103944567352748
14138.2,3.5183721424910566,0.0021822348780466,13.103940301910946
14140.2,3.5184465554226283,0.0021822348780466,13.1039360364013
14142.2,3.5185613313715765,0.0021822348780466,13.103931785676602
14144.2,3.518561277891705,0.0021822348780466,13.103927519966794
14146.2,3.51859847433706,0.0021822348780466,13.103923254229533
14148.2,3.51878761579136,0.0021822348780466,13.103918988402636
14150.2,3.5188620872639946,0.0021822348780466,13.103914722436977
14152.2,3.51859847433706,0.0021822348780466,13.10391045651432
14154.2,3.5188247020261456,0.0021822348780466,13.103906190521698
14156.2,3.519128651387696,0.0021822348780466,13.103901924441326
14158.2,3.518824841013911,0.0021822348780466,13.103897658285083
14160.2,3.5186730015709573,0.0021822348780466,13.103893392106233
14162.2,3.51897675724566,0.0021822348780466,13.103889125852051
14164.2,3.51935504015426,0.0021822348780466,13.103884859462385
14166.2,3.5191287574629406,0.0021822348780466,13.10388059304648
14168.2,3.51897675724566,0.0021822348780466,13.103876326626352
14170.2,3.51950741427612,0.0021822348780466,13.103872060034366
14172.2,3.51916589869996,0.0021822348780466,13.103867793344167
14174.2,3.51935504015426,0.0021822348780466,13.10386352663531
14176.2,3.51935504015426,0.0021822348780466,13.103859259975856
14178.2,3.51935504015426,0.0021822348780466,13.103854993186642
14180.2,3.519428575425015,0.0021822348780466,13.10385072634254
14182.2,3.5194706418469215,0.0021822348780466,13.103846459475772
14184.2,3.51935504015426,0.0021822348780466,13.10384219266101
14186.2,3.5194285779855794,0.0021822348780466,13.103837925712222
14188.2,3.51973332306286,0.0021822348780466,13.103833658660797
14190.2,3.51973332306286,0.0021822348780466,13.10382939167691
14192.2,3.519696549614711,0.0021822348780466,13.103825124721721
14194.2,3.51973332306286,0.0021822348780466,13.103820857511607
14196.2,3.520038068136695,0.0021822348780466,13.103816590406762
14198.2,3.5198856959119325,0.0021822348780466,13.10381232323661
14200.2,3.51988569590907,0.0021822348780466,13.103808298870101
14202.2,3.519428574809463,0.0021822348780466,13.103804031613286
14204.2,3.545269067534591,-0.750688798048058,13.104410078533904
14206.2,3.5467785823163176,-0.748506563170012,13.105888106828495
14208.2,3.522231812437276,0.0021822348780466,13.106484858801554
14210.2,3.497471290710951,0.7382522985561805,13.106280206427085
14212.2,3.4947666510953,0.752871032926105,13.104819035615417
14214.2,3.4938209438238,0.752871032926105,13.103357503554733
14216.2,3.4928752365523,0.752871032926105,13.101896370569296
14218.2,3.491759271865606,0.752871032926105,13.100435692102481
14220.2,3.4909838220093,0.752871032926105,13.098975399546855
14222.2,3.4903973873375924,0.752871032926105,13.097515412253234
14224.2,3.48965983182921,0.752871032926105,13.096055713198044
14226.2,3.488733247036517,0.752871032926105,13.09459629725921
14228.2,3.428546878183554,2.5008411702415,13.091486095896764
14230.2,3.4249328863317614,2.5008411702415,13.086725385431587
14232.2,3.4219269072996656,2.5008411702415,13.081969397971442
14234.2,3.41929921082972,2.5008411702415,13.077217294934812
14236.2,3.41665123046953,2.5008411702415,13.072468590708638
14238.2,3.4143612477128267,2.5008411702415,13.067722712772339
14240.2,3.429702269450236,2.00110938316881,13.063794392027598
14242.2,3.4289457585760084,2.00110938316881,13.05998169692993
14244.2,3.427621767536029,2.00110938316881,13.056170161581688
14246.2,3.42686486900171,2.00110938316881,13.052359762413008
14248.2,3.42591916173021,2.00110938316881,13.048550539853304
14250.2,3.424973270643491,2.00110938316881,13.044742444146936
14252.2,3.4236497978345497,2.00110938316881,13.040935444861475
14254.2,3.42289289846142,2.00110938316881,13.037129532762757
14256.2,3.492174341987259,0.0021822348780466,13.037093563214563
14258.2,3.4942774861880737,0.0021822348780466,13.037089357831707
14260.2,3.52067903033435,-0.748506563170012,13.037457362014239
14262.2,3.5236683230213024,-0.750688798048058,13.038926201399587
14264.2,3.5255597407716888,-0.750688798048058,13.040396159957181
14266.2,3.5274511527643426,-0.750688798048058,13.04186691521403
14268.2,3.52900125432354,-0.750688798048058,13.043338385652048
14270.2,3.4375135729786046,2.000891005462679,13.042742822346941
14272.2,3.4334848199022,2.00110938316881,13.038923934209574
14274.2,3.4306476980877,2.00110938316881,13.035108453502334
14276.2,3.42856714209041,2.00110938316881,13.03129565193907
14278.2,3.426467385249263,2.00110938316881,13.027485155956626
14280.2,3.4251814656859483,1.99892714829076,13.023678433963436
14282.2,3.4236687470420653,1.99892714829076,13.019874508268526
14284.2,3.4224957475238047,1.99892714829076,13.01607299829873
14286.2,3.42137976682702,2.00110938316881,13.012272358432343
14288.2,3.420263791203989,2.00110938316881,13.008469369865706
14290.2,3.4196396841602508,2.00110938316881,13.004667573212606
14292.2,3.418372451941357,1.99892714829076,13.00086860821168
14294.2,3.417256398817475,2.00110938316881,12.99707226427851
14296.2,3.460115950330997,0.752871032926105,12.995484943494896
14298.2,3.46091033077565,0.752871032926105,12.994037506073644
14300.2,3.461402096798529,0.752871032926105,12.992589790775233
14302.2,3.46185603804715,0.752871032926105,12.991141873874865
14304.2,3.4623099827811528,0.752871032926105,12.989693814777757
14306.2,3.462309984370935,0.752871032926105,12.988245679960315
14308.2,3.4627260825420723,0.752871032926105,12.986797463629816
14310.2,3.46261260386435,0.752871032926105,12.98534917675029
14312.2,3.4627639744563563,0.752871032926105,12.983900886974704
14314.2,3.462763990900969,0.752871032926105,12.982452528981527
14316.2,3.513435505632839,-0.750688798048058,12.981998774684465
14318.2,3.51689620124836,-0.750688798048058,12.983464805711487
14320.2,3.51865460536829,-0.750688798048058,12.984931916618633
14322.2,3.52086817178865,-0.750688798048058,12.986399827365629
14324.2,3.52238130342305,-0.750688798048058,12.987868449885237
14326.2,3.4712949906507493,0.752871032926105,12.986573040300446
14328.2,3.4700072349582305,0.752871032926105,12.98512146573125
14330.2,3.46942169621914,0.752871032926105,12.983670207624806
14332.2,3.4690071771760436,0.752871032926105,12.982219194969943
14334.2,3.4684578760078058,0.752871032926105,12.980768402454737
14336.2,3.46790856458474,0.752871032926105,12.979317804508252
14338.2,3.467755660488684,0.752871032926105,12.977867349525452
14340.2,3.4675121645868003,0.752871032926105,12.97641699800228
14342.2,3.4671338834128846,0.752871032926105,12.974966813791575
14344.2,3.466944743395979,0.752871032926105,12.973516776116217
14346.2,3.4662244109970763,0.752871032926105,12.972066822292284
14348.2,3.46620629149604,0.752871032926105,12.970617025403437
14350.2,3.4661881732768247,0.752871032926105,12.969167308513361
14352.2,3.465809887502202,0.752871032926105,12.967717652620552
14354.2,3.465431614018594,0.752871032926105,12.96626815713506
14356.2,3.465431606634639,0.752871032926105,12.96481875641269
14358.2,3.46488230131595,0.752871032926105,12.963369447965796
14360.2,3.43859163916829,1.5011448079492093,12.960534583480893
14362.2,3.4370989349870573,1.50137759609612,12.957669497316195
14364.2,3.4361739304270125,1.4994326325241196,12.954805941392165
14366.2,3.4349979515366,1.49919536121807,12.951944143663367
14368.2,3.4340522442651,1.49919536121807,12.949082851803594
14370.2,3.4334848199022,1.49919536121807,12.946222136545025
14372.2,3.398249338892962,2.5008411702415,12.942146258459022
14374.2,3.39622395340516,2.5008411702415,12.937426380854449
14376.2,3.394167015249653,2.5008411702415,12.932709529399412
14378.2,3.392519920660298,2.5008411702415,12.927994831465709
14380.2,3.390604885896314,2.5008411702415,12.923282487446603
14382.2,3.38892623171464,2.5008411702415,12.91857206109003
14384.2,3.4483631828674572,-0.16251218664813916,12.913987343835002
14386.2,3.474622457514914,0.0021822348780466,12.913998722039848
14388.2,3.476796875702693,0.0021822348780466,12.913994586195265
14390.2,3.4786912797226512,0.0021822348780466,12.913990462629545
14392.2,3.4801075573089246,0.0021822348780466,12.913986259163911
14394.2,3.48095932493142,0.0021822348780466,12.913982039407287
14396.2,3.4821893723058417,0.0021822348780466,12.913977818339157
14398.2,3.48303988092872,0.0021822348780466,12.913973596097634
14400.2,3.483890386382593,0.0021822348780466,12.913969372790515
14402.2,3.48474215401741,0.0021822348780466,12.913965329865782
14404.2,3.4855926555357404,0.0021822348780466,12.913961104741102
14406.2,3.4859709423916647,0.0021822348780466,12.913956878739706
14408.2,3.48663356856041,0.0021822348780466,12.913952651926287
14410.2,3.4872961923889934,0.0021822348780466,12.913948424375313
14412.2,3.4878623553491663,0.0021822348780466,12.913944196190965
14414.2,3.488431043435788,0.0021822348780466,12.913939967296928
14416.2,3.48928154892061,0.0021822348780466,12.91393573781065
14418.2,3.4892802835944687,0.0021822348780466,12.913931507752903
14420.2,3.48984897328351,0.0021822348780466,12.91392727721204
14422.2,3.4901320527993245,0.0021822348780466,12.913923046150131
14424.2,3.4906055391007,0.0021822348780466,12.91391881451405
14426.2,3.4909838220093,0.0021822348780466,12.913914582386823
14428.2,3.4912667816521905,0.0021822348780466,12.913910349876224
14430.2,3.4917403878265,0.0021822348780466,12.913906131765124
14432.2,3.4919295292808,0.0021822348780466,12.913901898485701
14434.2,3.4924030227499894,0.0021822348780466,12.91389769453529
14436.2,3.492686095098,0.0021822348780466,12.913893716638555
14438.2,3.4927800347456834,0.0021822348780466,12.913889482197334
14440.2,3.4930643780066,0.0021822348780466,12.91388524742998
14442.2,3.4932535194609,0.0021822348780466,12.913881012418772
14444.2,3.4936318023695,0.0021822348780466,12.913876777166521
14446.2,3.4938209438238,0.0021822348780466,12.913872541565864
14448.2,3.4941992267324,0.0021822348780466,12.913868305666206
14450.2,3.4942944245931464,0.0021822348780466,12.913864069473581
14452.2,3.4945787733775617,0.0021822348780466,12.913859833063475
14454.2,3.494672711437493,0.0021822348780466,12.913855596439213
14456.2,3.494860523095755,0.0021822348780466,12.913851359532883
14458.2,3.495049732982147,0.0021822348780466,12.913847122468377
14460.2,3.495050992779541,0.0021822348780466,12.913842885131311
14462.2,3.4954292780656626,0.0021822348780466,12.913838647617894
14464.2,3.4953340754582,0.0021822348780466,12.913834409971333
14466.2,3.4957123583668,0.0021822348780466,12.913830172128645
14468.2,3.4957123583668,0.0021822348780466,12.91382593401721
14470.2,3.4959966969038874,0.0021822348780466,12.9138216957117
14472.2,3.4961858454535304,0.0021822348780466,12.913817457252787
14474.2,3.49627978272969,0.0021822348780466,12.91381321871698
14476.2,3.49646892418399,0.0021822348780466,12.913808979921395
14478.2,3.4965641267778795,0.0021822348780466,12.91380474104685
14480.2,3.4965628630414285,0.0021822348780466,12.913800501967742
14482.2,3.49665806563829,0.0021822348780466,12.91379626280144
14484.2,3.496941086965223,0.0021822348780466,12.913792023519902
14486.2,3.4969424089214596,0.0021822348780466,12.91378778402521
14488.2,3.49703634854689,0.0021822348780466,12.913783544388851
14490.2,3.4972240516442423,0.0021822348780466,12.913779304681727
14492.2,3.49731942885012,0.0021822348780466,12.913775064837168
14494.2,3.49722549000119,0.0021822348780466,12.913770824878286
14496.2,3.4974160100649856,0.0021822348780466,12.91376658479396
14498.2,3.49760377290979,0.0021822348780466,12.91376234456958
14500.2,3.49760377290979,0.0021822348780466,12.91375810427595
14502.2,3.4978881177694383,0.0021822348780466,12.913753863827953
14504.2,3.497697708588072,0.0021822348780466,12.91374962334548
14506.2,3.4980772592123537,0.0021822348780466,12.913745382650589
14508.2,3.49798205581839,0.0021822348780466,12.913741141895153
14510.2,3.4980772576145296,0.0021822348780466,12.913736901054833
14512.2,3.4980772592006617,0.0021822348780466,12.913732660139614
14514.2,3.49817119727269,0.0021822348780466,12.9137284192348
14516.2,3.49817119727269,0.0021822348780466,12.913724178148442
14518.2,3.498358955186455,0.0021822348780466,12.91371993705684
14520.2,3.49836033872699,0.0021822348780466,12.913715695764848
14522.2,3.49854948018129,0.0021822348780466,12.913711454527501
14524.2,3.49854948018129,0.0021822348780466,12.913707213157807
14526.2,3.4984542775721765,0.0021822348780466,12.913702971731173
14528.2,3.4988325613010116,0.0021822348780466,12.913698730074698
14530.2,3.49854948018129,0.0021822348780466,12.91369448846871
14532.2,3.4988338226780287,0.0021822348780466,12.91369024677689
14534.2,3.498644687512982,0.0021822348780466,12.913686005085
14536.2,3.4988338218715853,0.0021822348780466,12.913681763340126
14538.2,3.49892776308989,0.0021822348780466,12.913677521584123
14540.2,3.4986434182340953,0.0021822348780466,12.913673279772857
14542.2,3.4990229672824005,0.0021822348780466,12.913669037754957
14544.2,3.499304651273227,0.0021822348780466,12.91366479573123
14546.2,3.4991183193160245,0.0021822348780466,12.913660553601632
14548.2,3.49892627085592,0.0021822348780466,12.913656311478588
14550.2,3.4992108481291173,0.0021822348780466,12.913652069352013
14552.2,3.49930604599849,0.0021822348780466,12.913647827144866
14554.2,3.4994012509767183,0.0021822348780466,12.913643644262763
14556.2,3.499210842593252,0.0021822348780466,12.913639401886877
14558.2,3.4992121103200975,0.0021822348780466,12.913635159450395
14560.2,3.4992121095107,0.0021822348780466,12.913630917111695
14562.2,3.49930604599849,0.0021822348780466,12.91362711389361
14564.2,3.4995891270898865,0.0021822348780466,12.913623004960256
14566.2,3.49949518745279,0.0021822348780466,12.91361876235504
14568.2,3.49930604599849,0.0021822348780466,12.913614717104116
14570.2,3.49968432890709,0.0021822348780466,12.913610474457162
14572.2,3.499589124727519,0.0021822348780466,12.913606231760465
14574.2,3.499779528340822,0.0021822348780466,12.913602472718456
14576.2,3.4997782709246845,0.0021822348780466,12.91359844206431
14578.2,3.499683065128347,0.0021822348780466,12.913594835520657
14580.2,3.49949518745279,0.0021822348780466,12.913590622337608
14582.2,3.4997782693427193,0.0021822348780466,12.913586379510782
14584.2,3.50006387717517,0.0021822348780466,12.913582136575588
14586.2,3.49949518745279,0.0021822348780466,12.913577893593759
14588.2,3.499872201830467,0.0021822348780466,12.91357365058384
14590.2,3.499968674533881,0.0021822348780466,12.913569407574853
14592.2,3.4997782701151854,0.0021822348780466,12.91356520904518
14594.2,3.49987347036139,0.0021822348780466,12.913561114443349
14596.2,3.4999686721687766,0.0010983985784675384,12.913556932419558
14598.2,3.49987347036139,0.0021822348780466,12.913552973966357
14600.2,3.499968674531876,0.0021822348780466,12.913548730838663
14602.2,3.49987347036139,0.0021822348780466,12.913544487620802
14604.2,3.5001565466938573,0.0021822348780466,12.913540244406844
14606.2,3.49987347036139,0.0021822348780466,12.913536001220391
14608.2,3.4999688336439316,0.0021822348780466,12.913531757956093
14610.2,3.5001578144118906,0.0021822348780466,12.913527574066217
14612.2,3.5001578144114736,0.0021822348780466,12.91352344952706
14614.2,3.50006261181569,0.0021822348780466,12.913519206111015
14616.2,3.500063877155483,0.0021822348780466,12.913514962764228
14618.2,3.500156550664729,0.0021822348780466,12.913510719377111
14620.2,3.50025175326999,0.0021822348780466,12.913506475989733
14622.2,3.5003469542807513,0.0021822348780466,12.913502232451505
14624.2,3.5003456945017173,0.0021822348780466,12.913497989023323
14626.2,3.5002530201963067,0.0021822348780466,12.913493760374596
14628.2,3.5002530202022535,0.0021822348780466,12.913489516891584
14630.2,3.5001565514482715,0.0021822348780466,12.913485273431903
14632.2,3.50015781680676,0.0021822348780466,12.913481029814971
14634.2,3.5001578144352945,0.0021822348780466,12.913476786124626
14636.2,3.5001565498555687,0.0021822348780466,12.913472542524088
14638.2,3.5003456897449388,0.0021822348780466,12.913468298937428
14640.2,3.50044089472429,0.0021822348780466,12.91346405533398
14642.2,3.50025175326999,0.0021822348780466,12.913459811656704
14644.2,3.50044089472429,0.0021822348780466,12.913455567990079
14646.2,3.5001578144117813,0.0021822348780466,12.913451324348971
14648.2,3.50025175326999,0.0021822348780466,12.913447080626169
14650.2,3.52673155687194,-0.750688798048058,12.914727204937646
14652.2,3.5277513656045283,-0.750688798048058,12.916198124751544
14654.2,3.52881211286924,-0.750688798048058,12.917669593997383
14656.2,3.52975782014074,-0.750688798048058,12.919141471032459
14658.2,3.5303622965076773,-0.750688798048058,12.920613692120064
14660.2,3.45353381405797,1.49919536121807,12.919152024484758
14662.2,3.45031840933487,1.49919536121807,12.916276240869578
14664.2,3.4478247280261485,1.49919536121807,12.913402511852535
14666.2,3.4455549084258474,1.49919536121807,12.910530982555386
14668.2,3.44407674134298,1.49919536121807,12.907661002162074
14670.2,3.44218532679998,1.49919536121807,12.904791442357828
14672.2,3.4404059610873237,1.49919536121807,12.90192404854497
14674.2,3.4389353181510125,1.50137759609612,12.89905697369581
14676.2,3.4377230219362174,1.50137759609612,12.896191049710263
14678.2,3.436244847568258,1.49919536121807,12.893326355574848
14680.2,3.4350750419899927,1.5004881587341115,12.890463311795507
14682.2,3.4336739613565,1.5004880266382545,12.887601047563649
14684.2,3.432805463474427,1.49919536121807,12.884739629594314
14686.2,3.4314042639049,1.49919536121807,12.881879057002479
14688.2,3.4304585566334,1.49919536121807,12.879019640297619
14690.2,3.42940080558018,1.50137759609612,12.876160221316901
14692.2,3.428455093845412,1.50137759609612,12.873300668631297
14694.2,3.42781057627321,1.50137759609612,12.870442373414424
14696.2,3.426827441308846,1.4996271862617885,12.867585600731212
14698.2,3.425767450512022,1.50137759609612,12.864730043210418
14700.2,3.425314307442709,1.5009457453035486,12.861874060680417
14702.2,3.4245203149133863,1.5009457638356642,12.859019474892708
14704.2,3.42383860573291,1.49919536121807,12.856165623390744
14706.2,3.42289289846142,1.50137759609612,12.85331233381402
14708.2,3.42232547409852,1.5009457712379612,12.850460559050713
14710.2,3.421454624756384,1.49919536121807,12.847608927656237
14712.2,3.42100148391842,1.499627259434535,12.844758565126956
14714.2,3.4203591971600806,1.49919536121807,12.841907941400084
14716.2,3.419525756206899,1.5009460453005306,12.83905864061896
14718.2,3.4189583629139086,1.5009456868289224,12.836207917565721
14720.2,3.418467783285331,1.500945734469839,12.833358727358956
14722.2,3.41801265246997,1.49919536121807,12.830510321685116
14724.2,3.417370368889911,1.49919536121807,12.827662914379868
14726.2,3.4170669210592592,1.49919536121807,12.82481590375281
14728.2,3.4951779744408817,-0.7486971665314861,12.825446282634866
14730.2,3.49817119727269,-0.750688798048058,12.826904143205972
14732.2,3.500285675648962,-0.750688798048058,12.828363548182342
14734.2,3.502693633871056,-0.750688798048058,12.829823919670044
14736.2,3.50422372381028,-0.748506563170012,12.83128434678582
14738.2,3.50592599689898,-0.750688798048058,12.83274470974896
14740.2,3.42974939441243,2.3464157884275965,12.834031722789398
14742.2,3.393919609285876,2.5008411702415,12.829326055504792
14744.2,3.389870390993776,2.50302340511954,12.82461333775939
14746.2,3.3869213956150204,2.5008411702415,12.819905445539451
14748.2,3.384574653593259,2.5008411702415,12.815201180666472
14750.2,3.3823393833772313,2.5008411702415,12.810499568171432
14752.2,3.380413312876665,2.5008411702415,12.805801696371725
14754.2,3.3787110416641477,2.5008411702415,12.80110615941186
14756.2,3.377086018422578,2.5008411702415,12.796412031514855
14758.2,3.37560753488649,2.5008411702415,12.791720543863034
14760.2,3.37436079015847,2.501732395913314,12.787029829363831
14762.2,3.3731486959806,2.5008411702415,12.78234199864777
14764.2,3.371902097114231,2.5008411702415,12.777654703236745
14766.2,3.3705779568926584,2.5008411702415,12.772970360458892
14768.2,3.3695550083489,2.5008411702415,12.768287621211702
14770.2,3.36860930107741,2.5021322052103185,12.763606234909398
14772.2,3.367551697801388,2.5008411702415,12.758926671276148
14774.2,3.36633960362581,2.5008411702415,12.754248654151445
14776.2,3.36558303780861,2.5008411702415,12.749571060880312
14778.2,3.364749102962424,2.502130753669027,12.744895620312708
14780.2,3.4755822679685533,-0.750688798048058,12.743541558429223
14782.2,3.47982447620562,-0.750688798048058,12.74499202908743
14784.2,3.482999583011049,-0.750688798048058,12.746444005449119
14786.2,3.485796406228579,-0.750688798048058,12.747896690989025
14788.2,3.48757927583191,-0.750688798048058,12.749350815477037
14790.2,3.48961953708237,-0.750688798048058,12.750804910938074
14792.2,3.4721795100789214,-0.12914475454923852,12.752207028474444
14794.2,3.46658457440464,0.0021822348780466,12.75221554183446
14796.2,3.432068407103027,1.00164580902343,12.750664430945143
14798.2,3.4310259809963,1.00164580902343,12.748756178354867
14800.2,3.4300802737248,1.00164580902343,12.746848019870539
14802.2,3.4297987120482563,1.00164580902343,12.744940498814112
14804.2,3.4290421469697603,1.00164580902343,12.743033514400965
14806.2,3.42875628354471,1.00164580902343,12.74112603550161
14808.2,3.4366027702604725,0.752871032926105,12.739418297346182
14810.2,3.43688936607959,0.752871032926105,12.737980834427916
14812.2,3.436602769302044,0.752871032926105,12.736543397673803
14814.2,3.4365053110968624,0.752871032926105,12.735105992461332
14816.2,3.4366143069687998,0.752871032926105,12.733668599819392
14818.2,3.436419398386927,0.752871032926105,12.732231237130462
14820.2,3.4362244793798404,0.752871032926105,12.730793913312102
14822.2,3.4876711751515543,-0.750688798048058,12.730745732778157
14824.2,3.4905084541300044,-0.748506563170012,12.732200385492293
14826.2,3.4398233193918433,0.752871032926105,12.73100404318298
14828.2,3.43859163916829,0.752871032926105,12.729565532439011
14830.2,3.43821335625969,0.752871032926105,12.728127483544208
14832.2,3.43802421480539,0.752871032926105,12.726689365665376
14834.2,3.43783507335109,0.752871032926105,12.725251412650975
14836.2,3.437738236359244,0.752871032926105,12.72381355822157
14838.2,3.4370739799546253,0.752871032926105,12.722375832794219
14840.2,3.436884847710369,0.752871032926105,12.720938178152668
14842.2,3.4369861958774,0.752871032926105,12.719500615771757
14844.2,3.43651108317099,0.752871032926105,12.718063169361045
14846.2,3.436326474173343,0.752871032926105,12.71662579066372
14848.2,3.3751945748756627,2.502623315238389,12.712574099321948
14850.2,3.3720485234824698,2.5008411702415,12.707885958296732
14852.2,3.3700877537371077,2.5008411702415,12.703202069285254
14854.2,3.36823101816881,2.5008411702415,12.698520587238342
14856.2,3.3664593882928955,2.5008411702415,12.693841450204028
14858.2,3.365135396944321,2.5008411702415,12.689164189614731
14860.2,3.363846089335542,2.5008411702415,12.6844879381513
14862.2,3.36236763308552,2.50302340511954,12.679812978422275
14864.2,3.472518040720556,-0.750688798048058,12.677847059702035
14866.2,3.4765694977482666,-0.750688798048058,12.679296195236155
14868.2,3.4797443432748034,-0.750688798048058,12.680746579519905
14870.2,3.48201450796963,-0.750688798048058,12.682198263824828
14872.2,3.406856926985244,1.5009039537074684,12.681358389945034
14874.2,3.4044391420066575,1.50137759609612,12.678519138226877
14876.2,3.402802853619824,1.5009039704770855,12.675682791640568
14878.2,3.40151991412555,1.49919536121807,12.672846969371717
14880.2,3.400722298788626,1.4996689733831063,12.67001166341327
14882.2,3.399858690004516,1.50137759609612,12.667176360216667
14884.2,3.3989540330708143,1.4996689749176397,12.664341946319889
14886.2,3.398641739278304,1.50137759609612,12.661508309683647
14888.2,3.3980495286147465,1.50137759609612,12.658674353023013
14890.2,3.397588993793716,1.50137759609612,12.655842168132754
14892.2,3.3969394631552077,1.50137759609612,12.65301076125073
14894.2,3.396643286521555,1.49919536121807,12.65017841940413
14896.2,3.396330992652857,1.50137759609612,12.64734696872121
14898.2,3.395886719805629,1.4996689709526536,12.644515768805057
14900.2,3.4209796463718445,0.752871032926105,12.642400822249742
14902.2,3.421736214444091,0.752871032926105,12.640970060620107
14904.2,3.42213633264422,0.752871032926105,12.639538800742184
14906.2,3.422180001762295,0.752871032926105,12.638107361519952
14908.2,3.42251461555282,0.752871032926105,12.63667587126341
14910.2,3.4227474352762597,0.752871032926105,12.635244274635832
14912.2,3.4230602055378414,0.752871032926105,12.633812619939492
14914.2,3.4230602023684584,0.752871032926105,12.632380908161815
14916.2,3.423249346809661,0.752871032926105,12.63094916696452
14918.2,3.397021623372738,1.49919536121807,12.628435781824116
14920.2,3.3962649902444837,1.50137759609612,12.625604799146666
14922.2,3.39546738758796,1.5009041613009289,12.62277519159188
14924.2,3.39489996322506,1.49919536121807,12.619945838044277
14926.2,3.39395425595356,1.50137759609612,12.617116663156427
14928.2,3.471912999409237,-0.750688798048058,12.617210546261047
14930.2,3.4748609252503195,-0.750688798048058,12.618658897415635
14932.2,3.47717649584543,-0.750688798048058,12.620108592423946
14934.2,3.4791785583950525,-0.750688798048058,12.621558875364187
14936.2,3.4808017803837186,-0.750688798048058,12.623010187862512
14938.2,3.4294027826822036,0.752871032926105,12.621660019770124
14940.2,3.4282679317096347,0.751958727219498,12.620228213108607
14942.2,3.4277005080063634,0.750688798048058,12.61879528409521
14944.2,3.426833878133349,0.752871032926105,12.61736291942298
14946.2,3.42667572754741,0.752871032926105,12.615929592706191
14948.2,3.426187378879882,0.752871032926105,12.614496422482528
14950.2,3.425998238089081,0.752871032926105,12.613063361232777
14952.2,3.42573002027591,0.752871032926105,12.611630439338377
14954.2,3.4256199557025475,0.752871032926105,12.610197794605496
14956.2,3.4252726610061446,0.752871032926105,12.608765798321775
14958.2,3.4250835186324844,0.752871032926105,12.607333227132798
14960.2,3.36369162326561,2.502336995510019,12.603379274910749
14962.2,3.36123278435972,2.5008411702415,12.598707039957153
14964.2,3.359281875447312,2.5008411702415,12.594037498671373
14966.2,3.35744995527372,2.5023330444724907,12.589370787909155
14968.2,3.3562449601774835,2.5015276279597765,12.584705686699902
14970.2,3.354742413128641,2.502336206192875,12.580042586375994
14972.2,3.35385626764203,2.50302340511954,12.575380791722663
14974.2,3.35259177608665,2.5008411702415,12.570721282956985
14976.2,3.3513280479859646,2.5008411702415,12.566063140191822
14978.2,3.4114623780462847,0.752397800822264,12.563979599147784
14980.2,3.412827385707102,0.752871032926105,12.562552496107863
14982.2,3.41324668429213,0.752871032926105,12.56112502475949
14984.2,3.41381410865503,0.752871032926105,12.559697246731664
14986.2,3.414529655415572,0.752871032926105,12.558269296576722
14988.2,3.4145296587958627,0.752871032926105,12.556841186777334
14990.2,3.415056057973525,0.752871032926105,12.555412963157545
14992.2,3.415179116651601,0.752871032926105,12.553984646762757
14994.2,3.41513809883513,0.752871032926105,12.552556194748265
14996.2,3.4153682616207575,0.752871032926105,12.551127732281874
14998.2,3.415557400803532,0.752871032926105,12.549699176863951
15000.2,3.41570552319803,0.752871032926105,12.54827059901527
15002.2,3.41570552319803,0.752871032926105,12.546841984365965
15004.2,3.415812621304607,0.752871032926105,12.545413321183394
15006.2,3.415557401834208,0.752871032926105,12.543984623776934
15008.2,3.4666569366572606,-0.750688798048058,12.543533559936877
15010.2,3.46998912058204,-0.748506563170012,12.544979932467202
15012.2,3.472010920310111,-0.7491844683943066,12.546426966188502
15014.2,3.47396109112233,-0.750688798048058,12.547875114664715
15016.2,3.47547422275673,-0.750688798048058,12.549323769073393
15018.2,3.477059722471447,-0.750688798048058,12.550773485287232
15020.2,3.4520161974512766,0.0021822348780466,12.551267090816193
15022.2,3.45173473741871,0.0021822348780466,12.551262905722327
15024.2,3.45220982387787,0.0021822348780466,12.551258720707724
15026.2,3.452491046232949,0.0021822348780466,12.55125459406668
15028.2,3.4525002443823407,0.0021822348780466,12.551250408515534
15030.2,3.45286958529331,0.0021822348780466,12.551246222677749
15032.2,3.4528695828236144,0.0021822348780466,12.551242036498143
15034.2,3.45305872353776,0.0021822348780466,12.551237850133097
15036.2,3.45353381405797,0.0021822348780466,12.551233663421025
15038.2,3.45372295551227,0.0021822348780466,12.551229476405688
15040.2,3.45391209696656,0.0021822348780466,12.551225289208645
15042.2,3.45410123842086,0.0021822348780466,12.55122110178628
15044.2,3.45429037987516,0.0021822348780466,12.551216914073443
15046.2,3.4541933315503885,0.0021822348780466,12.551212726236528
15048.2,3.4547609989493675,0.0021822348780466,12.55120860081878
15050.2,3.454576337051866,0.0021822348780466,12.551204441771072
15052.2,3.4550424733973584,0.0021822348780466,12.551200253187295
15054.2,3.455328419406734,0.0021822348780466,12.551196064442925
15056.2,3.455333136368865,0.0021822348780466,12.551191875525252
15058.2,3.4553328924370064,0.0021822348780466,12.551187686424568
15060.2,3.45561437005526,0.0021822348780466,12.551183497120793
15062.2,3.4557111735710855,0.0021822348780466,12.551179307600178
15064.2,3.4557067077320887,0.0021822348780466,12.551175117953374
15066.2,3.456084749399343,0.0021822348780466,12.551170928189393
15068.2,3.4559881171565525,0.0021822348780466,12.551166738283534
15070.2,3.45618179441816,0.0021822348780466,12.551162548155837
15072.2,3.4562741289984404,0.0021822348780466,12.551158357914904
15074.2,3.45637093587246,0.0021822348780466,12.5511542114902
15076.2,3.456652162217294,0.0021822348780466,12.551150020958929
15078.2,3.45674921878106,0.0021822348780466,12.55114583033448
15080.2,3.4566568825412496,0.0021822348780466,12.551141639617612
15082.2,3.45674921878106,0.0021822348780466,12.551137448737956
15084.2,3.4570304634424027,0.0021822348780466,12.55113347213368
15086.2,3.45693836023536,0.0021822348780466,12.551129281006292
15088.2,3.4568415518118547,0.0021822348780466,12.551125104449582
15090.2,3.45712750168966,0.0021822348780466,12.551120913150044
15092.2,3.45712750168966,0.0021822348780466,12.551116721687588
15094.2,3.45731664314396,0.0021822348780466,12.551112695772487
15096.2,3.4573116829742703,0.0021822348780466,12.551108504086162
15098.2,3.4572198354933903,0.0021822348780466,12.551104312417587
15100.2,3.45731664314396,0.0021822348780466,12.551100120678539
15102.2,3.4577917320783644,0.0021822348780466,12.551095928795155
15104.2,3.457888536479504,0.0021822348780466,12.551091736853914
15106.2,3.4575979224335494,0.0021822348780466,12.551087603511526
15108.2,3.45788406750686,0.0021822348780466,12.551083426049058
15110.2,3.457786966902444,0.0021822348780466,12.551079233792196
15112.2,3.45807320896116,0.0021822348780466,12.551075129535995
15114.2,3.45826235041546,0.0021822348780466,12.55107093716882
15116.2,3.4581700118148055,0.0021822348780466,12.55106674470354
15118.2,3.4582578815162472,0.0021822348780466,12.551062552247092
15120.2,3.45845149186976,0.0021822348780466,12.551058359613394
15122.2,3.458267231871042,0.0021822348780466,12.551054166963489
15124.2,3.4581744951007676,0.0021822348780466,12.55104997420259
15126.2,3.4583591579516666,0.0021822348780466,12.551045781434627
15128.2,3.4585438288863704,0.0021822348780466,12.55104158854297
15130.2,3.4585485452522744,0.0021822348780466,12.551037395675976
15132.2,3.45864063332406,0.0021822348780466,12.55103320269214
15134.2,3.4585438272223707,0.0021822348780466,12.551029009655874
15136.2,3.4587329702979135,0.0021822348780466,12.551024816530141
15138.2,3.458732968715164,0.0021822348780466,12.551020623312363
15140.2,3.4588347209047052,0.0021822348780466,12.551016459462891
15142.2,3.458732706468615,0.0021822348780466,12.551012266280766
15144.2,3.45882977477836,0.0021822348780466,12.551008073056492
15146.2,3.4589310584799793,0.0021822348780466,12.551003879599023
15148.2,3.45882977477836,0.0021822348780466,12.550999686184294
15150.2,3.45882977477836,0.0021822348780466,12.550995492739009
15152.2,3.45901891623266,0.0021822348780466,12.55099129921838
15154.2,3.45901891623266,0.0021822348780466,12.550987164318258
15156.2,3.459014351326872,0.0021822348780466,12.550982970818069
15158.2,3.4592126411999313,0.0021822348780466,12.550978806418398
15160.2,3.4591157798608587,0.0021822348780466,12.550974612711292
15162.2,3.45920805768696,0.0021822348780466,12.550970418942411
15164.2,3.45939719914126,0.0021822348780466,12.550966342517073
15166.2,3.3890794553958083,2.00110938316881,12.547806517061934
15168.2,3.38582117341868,1.99892714829076,12.544041461339507
15170.2,3.3824809473250763,1.99892714829076,12.540283256468873
15172.2,3.380546685955882,2.00110938316881,12.536527291905784
15174.2,3.378466360733902,1.99892714829076,12.532772230206358
15176.2,3.37674238361229,2.00110938316881,12.529020828526358
15178.2,3.410349296386749,0.9396036731912975,12.525411840381917
15180.2,3.40908557229754,1.00164580902343,12.523524793054667
15182.2,3.40908557229754,1.0008003812483783,12.521627866220284
15184.2,3.4088231553602544,1.00164580902343,12.519731900906024
15186.2,3.408634012060911,1.00164580902343,12.517835668494973
15188.2,3.4080666408321716,1.00164580902343,12.515939322544174
15190.2,3.40813986502604,1.00164580902343,12.51404315053113
15192.2,3.407834857244595,1.00164580902343,12.512147110578832
15194.2,3.4074565791922526,1.00164580902343,12.51025110108264
15196.2,3.4071208784843963,1.00164580902343,12.508355414514527
15198.2,3.40700501630024,1.00164580902343,12.50645958428777
15200.2,3.4063217291393433,1.00164580902343,12.504563926388913
15202.2,3.406364316552729,1.00164580902343,12.502668380839667
15204.2,3.40605930902874,1.00164580902343,12.500773302025253
15206.2,3.4057731443785775,1.0005829871412557,12.498878191173914
15208.2,3.40549188466585,1.00164580902343,12.496983058110144
15210.2,3.405394700922972,1.00164580902343,12.495088159773408
15212.2,3.40511360175725,1.00164580902343,12.493193226092028
15214.2,3.404832340463116,1.00164580902343,12.491298645231597
15216.2,3.40473531884865,1.00164580902343,12.489404574489559
15218.2,3.4042650194819575,1.00164580902343,12.487510455395002
15220.2,3.4044541168652915,1.00164580902343,12.485616323252808
15222.2,3.40416789448575,1.00164580902343,12.483722046333185
15224.2,3.4038915399669607,1.00164580902343,12.481828163426423
15226.2,3.4036053782389426,1.00164580902343,12.47993429259831
15228.2,3.403503445382564,1.00164580902343,12.478040413471465
15230.2,3.4035034445689956,1.00164580902343,12.47614656557709
15232.2,3.4031300721272086,1.00164580902343,12.474253069325288
15234.2,3.4028488107910397,1.00164580902343,12.472359721808207
15236.2,3.461827573859823,-0.7685068074205109,12.470881430271467
15238.2,3.46507144277025,-0.750688798048058,12.472325899362955
15240.2,3.46753028167614,-0.750688798048058,12.473771552156734
15242.2,3.4693491582041895,-0.748506563170012,12.475217951255654
15244.2,3.47112396930784,-0.750688798048058,12.476664306203286
15246.2,3.4725204975010078,-0.750688798048058,12.478111966698432
15248.2,3.3793931857652693,2.00110938316881,12.477244430150282
15250.2,3.3748594296975267,2.00110938316881,12.473490226945593
15252.2,3.371638384582245,2.00110938316881,12.469741098295131
15254.2,3.37011960935383,2.00110938316881,12.465995222425478
15256.2,3.36823101816881,2.00110938316881,12.462249817373635
15258.2,3.366909848267442,2.00110938316881,12.458506546400834
15260.2,3.36577217926291,2.00110938316881,12.45476435050726
15262.2,3.3646401538461768,2.00110938316881,12.451023130459351
15264.2,3.363505303607731,2.00110938316881,12.447282991005894
15266.2,3.3627487377632312,2.00110938316881,12.443544990844165
15268.2,3.3618030273927584,2.00110938316881,12.439807148939463
15270.2,3.36104364290542,2.00110938316881,12.436070108886192
15272.2,3.36028707708822,2.00110938316881,12.432334145589149
15274.2,3.359527692645964,2.00110938316881,12.428598989254956
15276.2,3.3587767641292428,2.00110938316881,12.424864730328622
15278.2,3.357641918572659,2.00110938316881,12.421131367133118
15280.2,3.3568853511481964,2.00110938316881,12.417399096330886
15282.2,3.35650424800223,2.00110938316881,12.413667948948188
15284.2,3.35555854073073,2.00110938316881,12.409936924077408
15286.2,3.4237403080013205,0.0021822348780466,12.407623724460855
15288.2,3.42705401045601,0.0021822348780466,12.407620032744926
15290.2,3.42913456645331,0.0021822348780466,12.407616371682812
15292.2,3.430745954066079,0.0021822348780466,12.407612228048466
15294.2,3.457199682662298,-0.750688798048058,12.408013243751105
15296.2,3.4598924444925077,-0.750688798048058,12.409455729717779
15298.2,3.462117356090864,-0.750688798048058,12.410898956891696
15300.2,3.46412573549875,-0.750688798048058,12.412343262544322
15302.2,3.46563886713315,-0.750688798048058,12.413788244583229
15304.2,3.3587890531126,2.4866657000149837,12.414156421889736
15306.2,3.3506877264826924,2.5008411702415,12.409497570160118
15308.2,3.3466368352263514,2.5008411702415,12.404845306059492
15310.2,3.3436891216397653,2.5008411702415,12.40019766754959
15312.2,3.3417191632155516,2.5008411702415,12.395553492943634
15314.2,3.33967065856955,2.5008411702415,12.39091206019184
15316.2,3.33815752693516,2.5008411702415,12.386272976896413
15318.2,3.3367229411599277,2.5008411702415,12.381635978008195
15320.2,3.33532040512066,2.5008411702415,12.377000904932101
15322.2,3.33399641494056,2.5008411702415,12.372367793220217
15324.2,3.33267242476047,2.5008411702415,12.36773642420884
15326.2,3.33153757603467,2.501747358044637,12.36310661203942
15328.2,3.330102986554138,2.5008411702415,12.358478665322243
15330.2,3.329189336432945,2.5008411702415,12.353852383635619
15332.2,3.328400711878298,2.5017473384037836,12.349227519008315
15334.2,3.3272191986296895,2.5008411702415,12.3446040679758
15336.2,3.326209808149928,2.5008411702415,12.339982186058348
15338.2,3.325138821346601,2.5008411702415,12.33536167773856
15340.2,3.358992229321154,1.4788827814050156,12.33106044735779
15342.2,3.35953051127102,1.49919536121807,12.328263934089863
15344.2,3.360204608005279,1.4998107317886453,12.325464841150296
15346.2,3.3604228816662878,1.49919536121807,12.322664254977703
15348.2,3.36061202381048,1.49919536121807,12.319864267462155
15350.2,3.36047621854252,1.49919536121807,12.317064259081848
15352.2,3.360801165263899,1.49919536121807,12.314264551222891
15354.2,3.3603404121332607,1.49919536121807,12.311464569867093
15356.2,3.414376640549597,0.0021822348780466,12.31092289878555
15358.2,3.4170270688095696,0.0021822348780466,12.310918757851566
15360.2,3.4191051709317377,0.0021822348780466,12.310914614110617
15362.2,3.420620758049108,0.0021822348780466,12.310910468152262
15364.2,3.42194719118992,2.8185892997987204e-05,12.310906453856658
15366.2,3.42327118137002,0.0021822348780466,12.310902392925811
15368.2,3.4244035870916965,0.0021822348780466,12.310898642672678
15370.2,3.4253492928009512,0.0021822348780466,12.310894490618345
15372.2,3.426294998551399,0.0021822348780466,12.310890337457762
15374.2,3.427240704253689,0.0021822348780466,12.310886507245808
15376.2,3.4279948161680545,0.0021822348780466,12.310882352132545
15378.2,3.4281913069195866,0.0021822348780466,12.310878196006378
15380.2,3.42913456645331,0.0021822348780466,12.310874039188178
15382.2,3.42951040160426,0.0021822348780466,12.31086991066775
15384.2,3.4304536643674375,0.0021822348780466,12.310865752313928
15386.2,3.430839288803389,0.0021822348780466,12.310861607761098
15388.2,3.4314042639049,0.0021822348780466,12.310857448126095
15390.2,3.4319716882678,0.0021822348780466,12.310853316897852
15392.2,3.4323475234788043,0.0021822348780466,12.310849291214355
15394.2,3.4325415571992606,0.0021822348780466,12.310845129758635
15396.2,3.4331065369936,0.0021822348780466,12.310841011601623
15398.2,3.4334848199022,0.0021822348780466,12.31083684931596
15400.2,3.4340522442651,0.0021822348780466,12.310832686495065
15402.2,3.4340522442651,0.0021822348780466,12.310828523275104
15404.2,3.4342413857194,0.0021822348780466,12.310824359726956
15406.2,3.4348063624043568,0.0021822348780466,12.310820195699012
15408.2,3.4349979515366,0.0021822348780466,12.310816031457133
15410.2,3.4353737899002263,0.0021822348780466,12.310811881342456
15412.2,3.4355653758995,0.0021822348780466,12.310807730963523
15414.2,3.4357545173538,0.0021822348780466,12.31080387550137
15416.2,3.4361303500573492,0.0021822348780466,12.31079971001194
15418.2,3.43613280026239,0.0021822348780466,12.31079554425449
15420.2,3.436508638583466,0.0021822348780466,12.3107913782205
15422.2,3.436697776827457,0.0021822348780466,12.31078721197667
15424.2,3.4367026676051693,0.0021822348780466,12.310783045477244
15426.2,3.436884473822259,0.0021822348780466,12.310778926765064
15428.2,3.43708339979677,0.0021822348780466,12.310774759823735
15430.2,3.4374543443693013,0.0021822348780466,12.310770607269296
15432.2,3.4376434857660105,0.0021822348780466,12.31076643990023
15434.2,3.438021770278501,0.0021822348780466,12.310762272301634
15436.2,3.43802421480539,0.0021822348780466,12.310758104536045
15438.2,3.43764593189679,0.0021822348780466,12.310753965806612
15440.2,3.43821335625969,0.0021822348780466,12.310749797795456
15442.2,3.4382182453513987,0.0021822348780466,12.31074562956369
15444.2,3.4382158039132285,0.0021822348780466,12.31074146118516
15446.2,3.4384000531690138,0.0021822348780466,12.31073729267916
15448.2,3.43840249771399,0.0021822348780466,12.310733124054698
15450.2,3.43859163916829,0.0021822348780466,12.31072895524628
15452.2,3.4387783345092484,0.0021822348780466,12.310724786314474
15454.2,3.4387832251935726,0.0021822348780466,12.310720617300646
15456.2,3.438783225169322,0.0021822348780466,12.310716448124571
15458.2,3.43896992207689,0.0021822348780466,12.31071227883893
15460.2,3.43896992207689,0.0021822348780466,12.310708138670803
15462.2,3.43934820498549,0.0021822348780466,12.310703969178014
15464.2,3.43934820498549,0.0021822348780466,12.31069981417417
15466.2,3.43915661252824,0.0021822348780466,12.310695659040146
15468.2,3.4393506560354705,0.0021822348780466,12.31069148917686
15470.2,3.4395397925326145,0.0021822348780466,12.310687319235852
15472.2,3.439724041763883,0.0021822348780466,12.310683149246495
15474.2,3.43972648789409,0.0021822348780466,12.310678979174899
15476.2,3.43991562934839,0.0021822348780466,12.31067480901245
15478.2,3.439353100464126,0.0021822348780466,12.310670638719985
15480.2,3.439728932443027,0.0021822348780466,12.310666468437924
15482.2,3.43991562934839,0.0021822348780466,12.310662298029186
15484.2,3.439918069818572,0.0021822348780466,12.3106581274821
15486.2,3.44029391225699,0.0021822348780466,12.31065400072071
15488.2,3.439918074920579,0.0021822348780466,12.310649830089133
15490.2,3.4404780220732594,0.0021822348780466,12.310645659347443
15492.2,3.440667246709585,0.0021822348780466,12.310641488528706
15494.2,3.44048305371129,0.0021822348780466,12.310637317536486
15496.2,3.4404805531190403,0.0021822348780466,12.310633146568057
15498.2,3.440485562369871,0.0021822348780466,12.310628975449482
15500.2,3.4404806128348606,0.0021822348780466,12.310624804329855
15502.2,3.440485511082282,0.0021822348780466,12.310620633115645
15504.2,3.4404854959286904,0.0021822348780466,12.310616461928161
15506.2,3.4404855587085454,0.0021822348780466,12.310612319813872
15508.2,3.4408564474783594,0.0021822348780466,12.31060814851146
15510.2,3.440677228113574,0.0021822348780466,12.31060397709288
15512.2,3.4406746387225926,0.0021822348780466,12.310599906998863
15514.2,3.440856369352708,0.0021822348780466,12.310595736297802
15516.2,3.440863778650627,0.0021822348780466,12.310591564756782
15518.2,3.441052923664566,0.0021822348780466,12.310587393115316
15520.2,3.441047953422301,0.0021822348780466,12.310583221516204
15522.2,3.44105047807419,0.0021822348780466,12.310579049724494
15524.2,3.4410529876985017,0.0021822348780466,12.310574878018317
15526.2,3.44105292577033,0.0021822348780466,12.310570706287693
15528.2,3.44123961952849,0.0021822348780466,12.310566534429974
15530.2,3.440863781189992,0.0021822348780466,12.310562362615162
15532.2,3.44123961952849,0.0021822348780466,12.310558190664285
15534.2,3.441237174979773,0.0021822348780466,12.310554018729905
15536.2,3.44123961952849,0.0021822348780466,12.310549846718104
15538.2,3.467173539894704,-0.750688798048058,12.311208295743585
15540.2,3.4685195406878657,-0.750688798048058,12.312654671849582
15542.2,3.4699673684753907,-0.750688798048058,12.314101578151961
15544.2,3.4710808834377844,-0.750688798048058,12.315548930610094
15546.2,3.47169139367074,-0.750688798048058,12.316996665313306
15548.2,3.47263710094223,-0.750688798048058,12.31844472758133
15550.2,3.4735396925158595,-0.750688798048058,12.319893106897657
15552.2,3.4739393520859267,-0.750688798048058,12.321341794828605
15554.2,3.4478056227670915,0.0021822348780466,12.321413839816243
15556.2,3.44710300461178,0.0021822348780466,12.32140966016136
15558.2,3.446778839265411,0.0021822348780466,12.321405481081452
15560.2,3.446400635725989,0.0021822348780466,12.321401302422055
15562.2,3.44634643879458,0.0021822348780466,12.321397124194416
15564.2,3.4461031026671143,0.0021822348780466,12.321392960737464
15566.2,3.446211412116827,0.0021822348780466,12.32138878296692
15568.2,3.4461032981603044,0.0021822348780466,12.321384605152161
15570.2,3.4458331261104425,0.0021822348780466,12.321380427650338
15572.2,3.445509091904443,0.0021822348780466,12.321376357247853
15574.2,3.4455358905897087,0.0021822348780466,12.321372180095004
15576.2,3.4454549234800393,0.0021822348780466,12.321368003011667
15578.2,3.4451308338772915,0.0021822348780466,12.321363826013172
15580.2,3.44521159006878,0.0021822348780466,12.321359649104474
15582.2,3.4451576008718967,0.0021822348780466,12.321355472305495
15584.2,3.4451576913883244,0.0021822348780466,12.32135129567287
15586.2,3.44483330716018,0.0021822348780466,12.321347119075728
15588.2,3.444968254852869,0.0021822348780466,12.321342942584893
15590.2,3.444698017364845,0.0021822348780466,12.321338766142526
15592.2,3.44483330716018,0.0021822348780466,12.321334589720939
15594.2,3.444968254400288,0.0021822348780466,12.321330413345056
15596.2,3.44483330716018,0.0021822348780466,12.32132623698033
15598.2,3.4447791129453904,0.0021822348780466,12.321322060597867
15600.2,3.44464416570588,0.0021822348780466,12.321317884355102
15602.2,3.44464416570588,0.0021822348780466,12.321313708122208
15604.2,3.4445092184660293,0.0021822348780466,12.321309531945268
15606.2,3.44464416570588,0.0021822348780466,12.321305355760247
15608.2,3.44456341811489,0.0021822348780466,12.321301179725982
15610.2,3.444509008228208,0.0021822348780466,12.321297003662863
15612.2,3.44445502425158,0.0021822348780466,12.321292827622187
15614.2,3.4445092168828286,0.0021822348780466,12.321288651628095
15616.2,3.4445899703591367,0.0021822348780466,12.321284475575334
15618.2,3.4445092195973532,0.0021822348780466,12.321280299533852
15620.2,3.44445502425158,0.0021822348780466,12.321276123575881
15622.2,3.44445502425158,0.0021822348780466,12.321271947586903
15624.2,3.444509217335844,0.0021822348780466,12.321267771562393
15626.2,3.44445502425158,0.0021822348780466,12.321263595629729
15628.2,3.44464416570588,0.0021822348780466,12.321259419742157
15630.2,3.44445502425158,0.0021822348780466,12.321255243737326
15632.2,3.4444008291385764,0.0021822348780466,12.321251067836627
15634.2,3.444320078144023,0.0021822348780466,12.321246892051446
15636.2,3.44445502425158,0.0021822348780466,12.321242716116531
15638.2,3.44445502425158,0.0021822348780466,12.32123854020851
15640.2,3.4444009942268328,0.0021822348780466,12.321234364331685
15642.2,3.44445502425158,0.0021822348780466,12.321230382749528
15644.2,3.44426588279728,0.0021822348780466,12.32122620685419
15646.2,3.44445502425158,0.0021822348780466,12.321222030929853
15648.2,3.4444008277736886,0.0021822348780466,12.321217855034728
15650.2,3.44445502425158,0.0021822348780466,12.321213679211743
15652.2,3.4445091560853474,0.0021822348780466,12.321209503279334
15654.2,3.444320075429409,0.0021822348780466,12.321205327419413
15656.2,3.4441846675420327,0.0021822348780466,12.32120115158437
15658.2,3.4443200162169445,0.0021822348780466,12.321196975745263
15660.2,3.444509007091936,0.0021822348780466,12.321192799853888
15662.2,3.4445091454381274,0.0021822348780466,12.321188623974624
15664.2,3.4444008293621358,0.0021822348780466,12.321184448111847
15666.2,3.44445502425158,0.0021822348780466,12.321180272232386
15668.2,3.4443200804059604,0.0021822348780466,12.3211760962976
15670.2,3.444401006250703,0.0021822348780466,12.321171920342882
15672.2,3.4444009064574,0.0021822348780466,12.321167923930293
15674.2,3.44445502425158,0.001556988245180831,12.321163791017751
15676.2,3.44445502425158,0.0021822348780466,12.32115972238421
15678.2,3.44445502425158,0.0021822348780466,12.32115554650956
15680.2,3.44445502425158,0.0021822348780466,12.32115137060384
15682.2,3.44445502425158,0.0021822348780466,12.321147194715639
15684.2,3.44426588279728,0.0021822348780466,12.321143033363912
15686.2,3.44445502425158,0.0021822348780466,12.32113885748989
15688.2,3.444508960688329,0.0021822348780466,12.321134681575149
15690.2,3.44464416570588,0.0021822348780466,12.321130505709617
15692.2,3.4445357754564325,0.0021822348780466,12.321126329790593
15694.2,3.444320077688989,0.0021822348780466,12.321122153915367
15696.2,3.44445502425158,0.0021822348780466,12.32111797799188
15698.2,3.444374274396835,0.0021822348780466,12.321113831338296
15700.2,3.44426588279728,0.0021822348780466,12.3211096554967
15702.2,3.44445502425158,0.0021822348780466,12.32110547957284
15704.2,3.44464416570588,0.0021822348780466,12.321101303659153
15706.2,3.4445092157478228,0.0021822348780466,12.321097127700892
15708.2,3.444185133388997,0.0021822348780466,12.321092951737826
15710.2,3.444509057477623,0.0021822348780466,12.321088775797904
15712.2,3.44445502425158,0.0021822348780466,12.321084599748506
15714.2,3.444374271675466,0.0021822348780466,12.321080423729676
15716.2,3.444509218919461,0.0021822348780466,12.32107624773256
15718.2,3.44464416570588,0.0021822348780466,12.32107207167355
15720.2,3.44450906674197,0.0021822348780466,12.321067895653268
15722.2,3.44445502425158,0.0021822348780466,12.321063719643519
15724.2,3.444428453904794,0.0021822348780466,12.321059543647916
15726.2,3.44450921891792,0.0021822348780466,12.321055367670217
15728.2,3.44464416570588,0.0021822348780466,12.321051191560851
15730.2,3.444590154507171,0.0021822348780466,12.321047015506936
15732.2,3.4445091372878176,0.0021822348780466,12.321042839460482
15734.2,3.44464416570588,0.0021822348780466,12.321038663441662
15736.2,3.44483330716018,0.0021822348780466,12.32103448738151
15738.2,3.444509220729471,0.0021822348780466,12.321030311272482
15740.2,3.44464416570588,0.0021822348780466,12.321026135143835
15742.2,3.44445502425158,0.0021822348780466,12.321021973752558
15744.2,3.4445092150742327,0.0021822348780466,12.321017797683515
15746.2,3.444589971035797,0.0021822348780466,12.321013621665571
15748.2,3.44464416570588,0.0021822348780466,12.32100944550318
15750.2,3.44464416570588,0.0021822348780466,12.321005346335758
15752.2,3.44464416570588,0.0021822348780466,12.321001170219347
15754.2,3.44445502425158,0.0021822348780466,12.320996994094028
15756.2,3.4445092195974425,0.0021822348780466,12.320992818056915
15758.2,3.44464416570588,0.0021822348780466,12.320988641942769
15760.2,3.44483330716018,0.0021822348780466,12.320984465849358
15762.2,3.44464416570588,0.0021822348780466,12.320980289693098
15764.2,3.444725076111714,0.0021822348780466,12.320976113571174
15766.2,3.44483330716018,0.0021822348780466,12.320971937414694
15768.2,3.44464416570588,0.0021822348780466,12.320967761237437
15770.2,3.444509034543727,0.0021822348780466,12.320963585098282
15772.2,3.4447791728411135,0.0021822348780466,12.320959644830486
15774.2,3.4447791118141606,0.0021822348780466,12.320955499942526
15776.2,3.44483330716018,0.0021822348780466,12.320951323725007
15778.2,3.44464416570588,0.0021822348780466,12.320947191342011
15780.2,3.44483330716018,0.0021822348780466,12.320943015174775
15782.2,3.4447792135905178,0.0021822348780466,12.32093883892471
15784.2,3.4449140620036274,0.0021822348780466,12.320935182827643
15786.2,3.4447525550478075,0.0021822348780466,12.320931006578721
15788.2,3.4445634140327215,0.0021822348780466,12.320926830288618
15790.2,3.44464416570588,0.0021822348780466,12.320922654045098
15792.2,3.44464416570588,0.0021822348780466,12.320918477754024
15794.2,3.4447791109081782,0.0021822348780466,12.320914345409355
15796.2,3.444508965780824,0.0021822348780466,12.320910411912475
15798.2,3.44445502425158,0.0021822348780466,12.320906235703177
15800.2,3.44464416570588,0.0021822348780466,12.320902147127462
15802.2,3.444779167625514,0.0021822348780466,12.320897970903642
15804.2,3.44483330716018,0.0021822348780466,12.320893988815309
15806.2,3.44483330716018,0.0021822348780466,12.320889812578919
15808.2,3.444779351554053,0.0021822348780466,12.320885636282334
15810.2,3.4445092157471624,0.0021822348780466,12.320881460003156
15812.2,3.444698006357824,0.0021822348780466,12.320877283769748
15814.2,3.44502244861448,0.0021822348780466,12.320873120008633
15816.2,3.444374267142574,0.0021822348780466,12.320868975004473
15818.2,3.4448874968477834,0.0021822348780466,12.320864886366355
15820.2,3.44464416570588,0.0021822348780466,12.320860710016339
15822.2,3.44464416570588,0.0021822348780466,12.320856533744294
15824.2,3.4445092148391585,0.0021822348780466,12.3208523574307
15826.2,3.44464416570588,0.0021822348780466,12.320848181159652
15828.2,3.4447794230997015,0.0021822348780466,12.320844004884906
15830.2,3.4448598802400032,0.0021822348780466,12.320839872373988
15832.2,3.444698358558898,0.0021822348780466,12.320835696032649
15834.2,3.4446983576585244,0.0021822348780466,12.320831519671007
15836.2,3.444968256215121,0.0021822348780466,12.320827343279365
15838.2,3.365166707618144,2.431623374978141,12.32058352913381
15840.2,3.3549451547968903,2.5008411702415,12.315927192640482
15842.2,3.34988429710174,2.5008411702415,12.311269784786068
15844.2,3.34610146801574,2.5008411702415,12.306618208719295
15846.2,3.342712245019134,2.5008411702415,12.301971462560791
15848.2,3.339844476204051,2.5008411702415,12.297329277116328
15850.2,3.42258646317918,-0.03212430600889598,12.293261642310425
15852.2,3.42599100859534,0.0021822348780466,12.29326215477193
15854.2,3.4277651317163773,0.0021822348780466,12.293258564940114
15856.2,3.4562921227714916,-0.748506563170012,12.294538063539765
15858.2,3.458940416875648,-0.748506563170012,12.295977926380052
15860.2,3.361595577653829,2.00110938316881,12.292759492277614
15862.2,3.3580017097599644,2.00110938316881,12.289025155939084
15864.2,3.355527129825936,1.99892714829076,12.285294642245002
15866.2,3.35291056037053,2.00110938316881,12.281567382703292
15868.2,3.3515712795961035,2.00110938316881,12.277840643660479
15870.2,3.3495373505215302,1.99892714829076,12.274116001815406
15872.2,3.3483554584269757,2.00110938316881,12.270394792975317
15874.2,3.415443551715183,-0.01980317183548677,12.26732429070614
15876.2,3.4191830346601675,0.0021822348780466,12.267322127867223
15878.2,3.431687830573314,-0.36886912299535823,12.267349820648963
15880.2,3.45050755078917,-0.750688798048058,12.26880124634236
15882.2,3.4530378795083014,-0.750688798048058,12.270240682197887
15884.2,3.4277956089949972,0.0021822348780466,12.270327381324435
15886.2,3.3570179145309575,2.00110938316881,12.267681220491168
15888.2,3.3531534616980827,2.00110938316881,12.263951461601797
15890.2,3.3507762488048187,2.00110938316881,12.260225085626384
15892.2,3.3486956882729055,1.9995474098422188,12.256502799520172
15894.2,3.3471825865906495,2.00110938316881,12.25278116061575
15896.2,3.3453985175784857,2.00110938316881,12.249061968667087
15898.2,3.344291699509122,2.00110938316881,12.245344733200215
15900.2,3.34288606329265,2.00110938316881,12.241627571636954
15902.2,3.34175121456685,2.00110938316881,12.237911664543287
15904.2,3.34080550729535,2.00110938316881,12.234197020466086
15906.2,3.33985980002385,2.00110938316881,12.230483425150288
15908.2,3.33891409275236,2.00110938316881,12.226771354362386
15910.2,3.338022075413272,2.00110938316881,12.22305993879543
15912.2,3.3370764081259914,2.00110938316881,12.219349532154158
15914.2,3.33626611239216,2.00110938316881,12.215640009181953
15916.2,3.33550954657496,2.00110938316881,12.211931499536458
15918.2,3.3346173714173966,2.00110938316881,12.208223985401725
15920.2,3.33367180955567,2.00110938316881,12.204517328585174
15922.2,3.3331323257399195,2.00110938316881,12.200811536208459
15924.2,3.3498135218645624,1.49919536121807,12.197603324596706
15926.2,3.350333434659356,1.49919536121807,12.194812349131901
15928.2,3.3501440052053244,1.5000095296607618,12.19202175832283
15930.2,3.3501917689886342,1.49919536121807,12.189230655798049
15932.2,3.350120628799305,1.50137759609612,12.186439422211246
15934.2,3.34969515564744,1.49919536121807,12.1836479114679
15936.2,3.3498133220908857,1.49919536121807,12.1808573274791
15938.2,3.34912773128454,1.50137759609612,12.178066973706374
15940.2,3.3491985041143426,1.49919536121807,12.175277076927186
15942.2,3.348820296517542,1.49919536121807,12.172486583664313
15944.2,3.34856030692164,1.49919536121807,12.16969669068442
15946.2,3.348300227113156,1.49919536121807,12.166907295301082
15948.2,3.3481110807135135,1.49919536121807,12.164118040986587
15950.2,3.34799288255874,1.5000133403744345,12.161329122422122
15952.2,3.347543633760933,1.50137759609612,12.158540039181611
15954.2,3.3473070862310896,1.5005610873674087,12.15575020454687
15956.2,3.3469285168412286,1.49919536121807,12.152961375759917
15958.2,3.34666889237864,1.49919536121807,12.150173048703422
15960.2,3.34610146801574,1.49919536121807,12.147384763873841
15962.2,3.426155010972016,-0.750688798048058,12.146739088805468
15964.2,3.431419829194595,-0.750688798048058,12.148168194752033
15966.2,3.434824376042584,-0.750688798048058,12.149599977551114
15968.2,3.4376613027109406,-0.750688798048058,12.151033088569905
15970.2,3.44010477080269,-0.748506563170012,12.15246594176769
15972.2,3.442390029089958,-0.748506563170012,12.153898566865974
15974.2,3.44447059206042,-0.748506563170012,12.155330492400326
15976.2,3.44653558024888,-0.750688798048058,12.156764968538337
15978.2,3.447685817929354,-0.748506563170012,12.158201544572565
15980.2,3.370013398924872,1.50137759609612,12.157201741359424
15982.2,3.3662305694086507,1.49919536121807,12.154396014172205
15984.2,3.3634735606845503,1.49919536121807,12.151593615005684
15986.2,3.361393002005533,1.5004533340509065,12.14879245166317
15988.2,3.3594214813275296,1.49919536121807,12.145993240950716
15990.2,3.3580462994208804,1.49919536121807,12.14319474570438
15992.2,3.35650424800223,1.49919536121807,12.140398413754463
15994.2,3.355478430810897,1.49919536121807,12.137602411563764
15996.2,3.35442369200493,1.50137759609612,12.134807019642466
15998.2,3.434839209609188,-0.750688798048058,12.135321423303857
16000.2,3.3949141252717263,1.3030896704089152,12.136680700579266
16002.2,3.358513967491772,1.5005603141395094,12.13389812395502
16004.2,3.35631510654793,1.50137759609612,12.13110034650697
16006.2,3.35461283345923,1.49919536121807,12.12830416975905
16008.2,3.353170388050283,1.49919536121807,12.125508893993263
16010.2,3.35215399455333,1.49919536121807,12.122715387983165
16012.2,3.3511375574104667,1.5000114128488538,12.11992361850572
16014.2,3.3503332502488274,1.49919536121807,12.11713174392132
16016.2,3.3493873396836817,1.49919536121807,12.114340999218621
16018.2,3.34874944837594,1.5005630541729211,12.111550078901482
16020.2,3.34780374110444,1.49919536121807,12.108759844765473
16022.2,3.347118753056282,1.5000211955370109,12.105970866299016
16024.2,3.3464081751279817,1.50137759609612,12.103181913031237
16026.2,3.345794761505105,1.49919536121807,12.100394717193224
16028.2,3.3452271670325104,1.5000192170635824,12.097607784634134
16030.2,3.344470661117058,1.5005530491293362,12.09482094362345
16032.2,3.3439749292721963,1.49919536121807,12.092034891296304
16034.2,3.34345348765555,1.5005524669732795,12.08924974730518
16036.2,3.34288606329265,1.5000206495708703,12.086464340062111
16038.2,3.34250778038405,1.5005517939487882,12.083679694417343
16040.2,3.341822792932102,1.49919536121807,12.080895826672688
16042.2,3.34137293165825,1.49919536121807,12.078112199057932
16044.2,3.341066228313748,1.500551741066566,12.075328102999794
16046.2,3.3404988013820054,1.49919536121807,12.072545340683915
16048.2,3.39263026577347,0.0021822348780466,12.070685929156292
16050.2,3.39660223631376,0.0021822348780466,12.070681813549989
16052.2,3.4251934591376334,-0.750688798048058,12.071238438237634
16054.2,3.428976284240554,-0.750688798048058,12.07266778785631
16056.2,3.4319234056291044,-0.748506563170012,12.074096000491929
16058.2,3.434509668800075,-0.750688798048058,12.075527663859457
16060.2,3.436731082828799,-0.750688798048058,12.076959156817061
16062.2,3.411898970592907,0.0021822348780466,12.077491130756979
16064.2,3.41192269411203,0.0021822348780466,12.077486994225346
16066.2,3.412655543541655,0.0021822348780466,12.07748285733696
16068.2,3.3785146835484126,0.9959347718758275,12.077045465458571
16070.2,3.3759624669825805,1.00164580902343,12.075166982739596
16072.2,3.374661827615,1.00164580902343,12.07329088932466
16074.2,3.3733378374349,1.0013757233159062,12.071415041569567
16076.2,3.3722267620211928,1.00164580902343,12.06953970170625
16078.2,3.3716122192868356,1.00164580902343,12.067663482350827
16080.2,3.3709023427871725,1.0013764727503485,12.065788663617182
16082.2,3.3700757314692376,1.00164580902343,12.063913485182717
16084.2,3.3692235340714793,1.001375779833075,12.062039091360123
16086.2,3.4054871525276265,0.0021822348780466,12.061775613075142
16088.2,3.407189421098723,0.0021822348780466,12.061771483463934
16090.2,3.40832900648034,0.0021822348780466,12.061767352038467
16092.2,3.4092794441073493,0.0021822348780466,12.061763219372905
16094.2,3.41003127956904,0.0021822348780466,12.061759205435695
16096.2,3.4111613979005346,0.0021822348780466,12.061755070581832
16098.2,3.411728822180996,0.0021822348780466,12.061750934858216
16100.2,3.4121165691331274,0.0021822348780466,12.061746798318275
16102.2,3.41286840138353,0.0021822348780466,12.061742661031008
16104.2,3.41343582574643,0.0021822348780466,12.061738802104022
16106.2,3.41381410865503,0.0021822348780466,12.06173466354719
16108.2,3.41437680253981,0.0021822348780466,12.06173068790605
16110.2,3.41475981592653,0.0021822348780466,12.061726562684283
16112.2,3.4153319707273764,0.0021822348780466,12.061722422458024
16114.2,3.415700791177562,0.0021822348780466,12.061718314928292
16116.2,3.415899396636404,0.0021822348780466,12.061714173723681
16118.2,3.416457356876126,0.0021822348780466,12.061710032021898
16120.2,3.41665123046953,0.0021822348780466,12.061706188134474
16122.2,3.41702951337813,0.0021822348780466,12.061702060093197
16124.2,3.41740779628673,0.0021822348780466,12.061697917171513
16126.2,3.41759693774103,0.0021822348780466,12.061693773897312
16128.2,3.41778607919532,0.0021822348780466,12.061689630339183
16130.2,3.41816436210392,0.0021822348780466,12.061685486405745
16132.2,3.41854264501252,0.0021822348780466,12.061681342192331
16134.2,3.418547375409908,0.0021822348780466,12.06167719758196
16136.2,3.418925659940927,0.0021822348780466,12.061673052725867
16138.2,3.4191053357265164,0.0021822348780466,12.061668907723135
16140.2,3.4194836187973388,0.0021822348780466,12.061664762329846
16142.2,3.41967749373832,0.0021822348780466,12.061660616661678
16144.2,3.41967749373832,0.0021822348780466,12.0616565143899
16146.2,3.41986663519262,0.0021822348780466,12.061652368312181
16148.2,3.4200652529773006,0.0021822348780466,12.061648222034922
16150.2,3.420249651748093,0.0021822348780466,12.061644075508694
16152.2,3.4202543853080583,0.0021822348780466,12.06164013554891
16154.2,3.4206184676016727,5.461208061953221e-05,12.061636077712421
16156.2,3.42100148391842,0.0021822348780466,12.061632034525164
16158.2,3.421006220657269,0.0021822348780466,12.061627887180359
16160.2,3.4209967518565043,0.0021822348780466,12.061623754293363
16162.2,3.42100148391842,0.0021822348780466,12.061619621270086
16164.2,3.42137976682702,0.0021822348780466,12.061615473439096
16166.2,3.4213845018191695,0.0021822348780466,12.061611325577532
16168.2,3.421389224614678,0.0021822348780466,12.061607177534464
16170.2,3.421937727142819,0.0021822348780466,12.06160302937094
16172.2,3.421762778589289,0.0021822348780466,12.061598881065455
16174.2,3.421564176337817,0.0021822348780466,12.061594732680385
16176.2,3.421942459210299,0.0021822348780466,12.0615906124109
16178.2,3.42213633264422,0.0021822348780466,12.061586464491244
16180.2,3.42213633264422,0.0021822348780466,12.0615823448958
16182.2,3.4221410614926038,0.0021822348780466,12.061578195984865
16184.2,3.4225098851545512,0.0021822348780466,12.0615742357635
16186.2,3.422141067798144,0.0021822348780466,12.061570192496502
16188.2,3.4223302045355855,0.0021822348780466,12.061566043249291
16190.2,3.42251461555282,0.0021822348780466,12.061561893953916
16192.2,3.422699024944538,0.0021822348780466,12.061557744638366
16194.2,3.42270375700712,0.0021822348780466,12.061553595170055
16196.2,3.422708488910224,0.0021822348780466,12.061549445596727
16198.2,3.42270375700712,0.0021822348780466,12.061545295955488
16200.2,3.4228976304432868,0.0021822348780466,12.061541146089333
16202.2,3.42308203991572,0.0021822348780466,12.061536996269194
16204.2,3.4228976288954085,0.0021822348780466,12.061532937629092
16206.2,3.423261723510187,0.0021822348780466,12.061528980609324
16208.2,3.42308203991572,0.0021822348780466,12.061525023481055
16210.2,3.42327118137002,0.0021822348780466,12.061520960530126
16212.2,3.422897632067041,0.0021276205190582475,12.061516857696667
16214.2,3.423091593495132,0.0021822348780466,12.06151270772963
16216.2,3.42327118137002,0.0021822348780466,12.061509136410548
16218.2,3.4236447337247142,0.0021822348780466,12.061505179000235
16220.2,3.4234650563094546,0.0021822348780466,12.061501028524168
16222.2,3.42364946427862,0.0021822348780466,12.06149687801338
16224.2,3.42364946427862,0.0021822348780466,12.061492727449302
16226.2,3.4236447337196005,0.0021822348780466,12.061488576721365
16228.2,3.4234650548472048,0.0021822348780466,12.061484546548416
16230.2,3.4236541963374525,0.0021822348780466,12.061480395816258
16232.2,3.42383860573291,0.0021822348780466,12.061476244983103
16234.2,3.4240230136217833,0.0021822348780466,12.061472094117951
16236.2,3.4236541947531616,0.0021822348780466,12.06146794319556
16238.2,3.4238433377573356,0.0021822348780466,12.061463792188068
16240.2,3.4240230119935684,0.0021822348780466,12.061459655698714
16242.2,3.424212153570591,0.0021822348780466,12.061455504609196
16244.2,3.4240229857221287,0.0021822348780466,12.061451353401747
16246.2,3.42421688864151,0.0021822348780466,12.061447202213538
16248.2,3.42383860573291,0.0021822348780466,12.061443142421112
16250.2,3.42421688864151,0.0021822348780466,12.061438991040161
16252.2,3.424211843491015,0.0021822348780466,12.061434839689317
16254.2,3.4244011714675575,0.0021822348780466,12.061430688341575
16256.2,3.4244012966437176,0.0021822348780466,12.06142653695773
16258.2,3.4244013012018106,0.0021822348780466,12.061422385589491
16260.2,3.424396560573859,0.0021822348780466,12.06141823405833
16262.2,3.42440603009581,0.0021822348780466,12.061414082537098
16264.2,3.42440603009581,0.0021822348780466,12.061409930928303
16266.2,3.424590441031436,0.0021822348780466,12.061405793880617
16268.2,3.4242216191962913,0.0021822348780466,12.06140164226374
16270.2,3.42440603009581,0.0021822348780466,12.061397490585009
16272.2,3.4244108334261805,0.0021822348780466,12.061393338909332
16274.2,3.424590351349949,0.0021822348780466,12.061389187159484
16276.2,3.4244154974689662,0.0021822348780466,12.061385035401308
16278.2,3.42459517155011,0.0021822348780466,12.06138088364179
16280.2,3.4247795765808378,0.0021822348780466,12.06137673183682
16282.2,3.42459517155011,0.0021822348780466,12.06137257993631
16284.2,3.4242267108240965,0.0021822348780466,12.061368428058833
16286.2,3.4247795809821864,0.0021822348780466,12.061364276105579
16288.2,3.4246046418538967,0.0021822348780466,12.061360138671173
16290.2,3.4249687143302943,0.0021822348780466,12.061355986725884
16292.2,3.42459517155011,0.0021822348780466,12.061351834736582
16294.2,3.42478431300441,0.0021822348780466,12.061347682617315
16296.2,3.42497345445871,0.0021822348780466,12.061343588690391
16298.2,3.42478431300441,0.0021822348780466,12.061339436570563
16300.2,3.42478431300441,0.0021822348780466,12.061335284478883
16302.2,3.424779565604375,0.0021822348780466,12.061331132431402
16304.2,3.424968398442647,0.0021822348780466,12.061327009378951
16306.2,3.42516259591301,0.0021822348780466,12.061322857208879
16308.2,3.424968722397455,0.0021822348780466,12.061318792155205
16310.2,3.45220982387787,-0.750688798048058,12.062650957410758
16312.2,3.42743229336461,0.0021822348780466,12.06351827130823
16314.2,3.42686486900171,0.0021822348780466,12.063514130910828
16316.2,3.405545818712975,0.8446037551894087,12.063463694908588
16318.2,3.389873415815533,1.00164580902343,12.061593787836731
16320.2,3.3874145739329937,1.00164580902343,12.059708630878214
16322.2,3.385930043017298,1.0007196659743383,12.057824733771591
16324.2,3.3841991742057425,0.99946357414538,12.055942302178474
16326.2,3.38260576869558,1.0007194197365583,12.054061643336786
16328.2,3.381631500495716,1.00164580902343,12.052181243023655
16330.2,3.380066627397973,1.00164580902343,12.050301073665533
16332.2,3.37882293960959,1.00164580902343,12.048421151786428
16334.2,3.3777683674967225,1.00164580902343,12.046542071940829
16336.2,3.37655324215799,1.00164580902343,12.044663375876839
16338.2,3.37598581779509,1.0003898590261135,12.042786337074723
16340.2,3.3750401105236,1.0007196737079396,12.040910257695497
16342.2,3.3739855359124937,1.00164580902343,12.039034152403236
16344.2,3.367464126191998,1.2856565625545362,12.037149735699996
16346.2,3.353615511369223,1.49919536121807,12.034371285420711
16348.2,3.35196485309903,1.5007821108709467,12.031578531214304
16350.2,3.350210964182911,1.49919536121807,12.0287871032931
16352.2,3.3488353550046215,1.49919536121807,12.025996752845053
16354.2,3.34751155942157,1.49919536121807,12.023208137015882
16356.2,3.34591232656144,1.4997908513984868,12.020420001282599
16358.2,3.3450525437852745,1.49919536121807,12.017632585287549
16360.2,3.34383177056415,1.49919536121807,12.014846863572638
16362.2,3.342559396641814,1.4997908879807438,12.012061911725686
16364.2,3.34194035602115,1.49919536121807,12.009277597465916
16366.2,3.340857119665252,1.49919536121807,12.00649453145627
16368.2,3.340100553844809,1.49919536121807,12.003711796062845
16370.2,3.3392409842302193,1.49919536121807,12.000929988619056
16372.2,3.33853580984376,1.49919536121807,11.998148831831163
16374.2,3.33777924402656,1.4997898333893054,11.995368274067802
16376.2,3.336696004929052,1.49919536121807,11.992587293399794
16378.2,3.335801909600068,1.49919536121807,11.989807910268064
16380.2,3.3180192478861934,1.9909843975266384,11.986848590398399
16382.2,3.315660243254117,2.00110938316881,11.983162285003138
16384.2,3.314047268141831,2.00110938316881,11.979476971724885
16386.2,3.312534137079208,2.00110938316881,11.975793449941197
16388.2,3.3112994404246,2.00110938316881,11.97211150766628
16390.2,3.310175146454494,2.00110938316881,11.968430985661968
16392.2,3.3087513049109103,2.00110938316881,11.964751910529335
16394.2,3.307595359708129,2.00110938316881,11.96107414969201
16396.2,3.306481609045116,2.00110938316881,11.9573977126911
16398.2,3.3049684773220753,2.00110938316881,11.95372268913604
16400.2,3.304012218552658,2.00110938316881,11.950048881425712
16402.2,3.30297721643542,2.00110938316881,11.946376272273671
16404.2,3.302042062246132,2.00110938316881,11.942704884896912
16406.2,3.300796815022058,2.00110938316881,11.93903460289447
16408.2,3.3986382647312214,-0.748506563170012,11.93725960773944
16410.2,3.40518590892449,-0.750688798048058,11.938676193983804
16412.2,3.409869912293399,-0.750688798048058,11.94009737752339
16414.2,3.413580434488594,-0.750688798048058,11.941520237132515
16416.2,3.4163452523092737,-0.750688798048058,11.942944477239816
16418.2,3.4194438117411914,-0.750688798048058,11.944369915319005
16420.2,3.42175804973562,-0.750688798048058,11.945796457270811
16422.2,3.42421688864151,-0.750688798048058,11.94722294077479
16424.2,3.426442055812221,-0.750688798048058,11.948651395662129
16426.2,3.3674896392607923,0.997062314020923,11.949281821083918
16428.2,3.3635100844586336,1.00164580902343,11.947412128691859
16430.2,3.361614862376432,1.00164580902343,11.945542747448679
16432.2,3.3602908722560376,0.9995073612020622,11.943673745809841
16434.2,3.35953051127102,1.00164580902343,11.941806619980742
16436.2,3.35839566254522,1.00164580902343,11.939939597805681
16438.2,3.35744995527372,0.99946357414538,11.93807379180263
16440.2,3.35707167236513,0.99946357414538,11.936207565428987
16442.2,3.3557514788454688,1.0016020047455103,11.934341706844696
16444.2,3.3551840561289876,1.00164580902343,11.932475757422502
16446.2,3.354616628596233,0.99946357414538,11.930611257146312
16448.2,3.3540416122745076,1.0016020028835382,11.928747107968963
16450.2,3.35347798473343,1.00164580902343,11.92688309014534
16452.2,3.4140739171889196,-0.748506563170012,11.925755196590991
16454.2,3.41929921082972,-0.750688798048058,11.927178499273904
16456.2,3.36823101816881,0.752871032926105,11.927257840911672
16458.2,3.366654952811086,0.752871032926105,11.925849406626963
16460.2,3.36558303780861,0.752871032926105,11.924441373205946
16462.2,3.365330789243192,0.752871032926105,11.923033641163284
16464.2,3.3649525878307327,0.752871032926105,11.921626099865769
16466.2,3.3647003879261335,0.752871032926105,11.920218719892048
16468.2,3.3183698216743287,2.00110938316881,11.917421101141944
16470.2,3.3148931280563,2.00110938316881,11.913733754030874
16472.2,3.3124342891504,2.00110938316881,11.910049968624525
16474.2,3.3098311529469946,2.00110938316881,11.906368989571217
16476.2,3.307633607689713,2.00110938316881,11.902690587991236
16478.2,3.305553050564268,2.00110938316881,11.899014644725938
16480.2,3.303805928108914,2.00110938316881,11.89534084812514
16482.2,3.30184236770962,2.00110938316881,11.891668985248137
16484.2,3.3004462294874717,2.00110938316881,11.887999001533053
16486.2,3.2985099695780113,2.00110938316881,11.88433083335001
16488.2,3.29749211426072,2.00110938316881,11.880664356165461
16490.2,3.29578984117203,2.00110938316881,11.87699956294701
16492.2,3.294582847196856,2.00110938316881,11.873336378886847
16494.2,3.2930697121661603,2.00110938316881,11.869674615716328
16496.2,3.2915565819647137,2.00110938316881,11.866014375261097
16498.2,3.29049388045164,2.00110938316881,11.8623556707613
16500.2,3.2890807520919356,2.00110938316881,11.858698349792945
16502.2,3.288045910177097,2.00110938316881,11.855042413693349
16504.2,3.286611043153569,2.00110938316881,11.851387750666143
16506.2,3.28557620263984,2.00110938316881,11.84773435019464
16508.2,3.284341352133115,2.00110938316881,11.844082364861032
16510.2,3.38052521269829,-0.7513028785030393,11.841353095938201
16512.2,3.3886858612471005,-0.748506563170012,11.842760786196047
16514.2,3.3937926868533306,-0.748506563170012,11.844170986914474
16516.2,3.397467157683669,-0.748506563170012,11.845583497792845
16518.2,3.401169195422209,-0.750688798048058,11.847001013146057
16520.2,3.40378961157715,-0.750688798048058,11.848419327858448
16522.2,3.40643759193734,-0.750688798048058,11.849839453777316
16524.2,3.3243216548356753,1.49919536121807,11.847597910871253
16526.2,3.3214841849272823,1.49919536121807,11.844830435906664
16528.2,3.318756079079932,1.5004531827385839,11.842065034289533
16530.2,3.31735196696219,1.49919536121807,11.83930114071567
16532.2,3.315758469069603,1.49919536121807,11.836538636230667
16534.2,3.3142453732453316,1.49919536121807,11.833777395278887
16536.2,3.3131624952140033,1.49919536121807,11.831016539641526
16538.2,3.3120560062418,1.49919536121807,11.828256886607594
16540.2,3.3106518941233687,1.49919536121807,11.82549888286537
16542.2,3.3097863087902,1.49919536121807,11.822740943150004
16544.2,3.30873169969415,1.49919536121807,11.819984260025784
16546.2,3.2889375752996433,2.00110938316881,11.816450438319789
16548.2,3.286289592994714,2.00110938316881,11.812795707512887
16550.2,3.284484531103921,2.00110938316881,11.809143256317745
16552.2,3.2826959045015487,2.00110938316881,11.805493026114908
16554.2,3.281139595536833,2.00110938316881,11.801844547426674
16556.2,3.2793777081669178,2.00110938316881,11.798197905777295
16558.2,3.354112738071649,0.0021822348780466,11.797610196868805
16560.2,3.3844482575353134,-0.750688798048058,11.798109885576318
16562.2,3.38903657814177,-0.750688798048058,11.799522410331564
16564.2,3.392606154863861,-0.750688798048058,11.800936623637964
16566.2,3.395986590137829,-0.750688798048058,11.802352257692371
16568.2,3.33437469784916,1.00164580902343,11.802033190996267
16570.2,3.3319985182388367,1.00164580902343,11.800179036101095
16572.2,3.33078101021747,0.99946357414538,11.798327403493206
16574.2,3.3299178401642773,1.00164580902343,11.796476414014084
16576.2,3.3289962144301186,1.00164580902343,11.794624626526158
16578.2,3.32832217131157,1.00164580902343,11.792773770225192
16580.2,3.3277305738060856,1.00164580902343,11.790922315996987
16582.2,3.327080662724938,1.000415212223384,11.789071174952907
16584.2,3.326513333174079,1.0006930770438098,11.787221105752309
16586.2,3.325780681440314,1.00164580902343,11.785371329582448
16588.2,3.325213429417302,1.00164580902343,11.783521462480367
16590.2,3.334235988739884,0.752871032926105,11.782042130478821
16592.2,3.33418555639486,0.752871032926105,11.780647537741674
16594.2,3.3341351389667966,0.752871032926105,11.779252986169856
16596.2,3.3343243113726713,0.752871032926105,11.777858407060405
16598.2,3.333946034280678,0.752871032926105,11.77646390023817
16600.2,3.3338575993799537,0.752871032926105,11.775069444308238
16602.2,3.333479712970652,0.752871032926105,11.773675063876594
16604.2,3.3334794243991723,0.752871032926105,11.772280761715983
16606.2,3.3905425570088887,-0.750688798048058,11.77342264661456
16608.2,3.39395425595356,-0.750688798048058,11.774837115522372
16610.2,3.2757152551149646,2.5008411702415,11.772223654406618
16612.2,3.268906126683623,2.5008411702415,11.76767783195888
16614.2,3.264284979798077,2.5008411702415,11.763139402743516
16616.2,3.2603947698160343,2.5008411702415,11.75860709380734
16618.2,3.256908461024983,2.5008411702415,11.75407996323356
16620.2,3.2534221554089,2.5008411702415,11.749557580196784
16622.2,3.250692417879015,2.5008411702415,11.745039383117618
16624.2,3.2473440008128387,2.5008411702415,11.740525432103789
16626.2,3.2448290316399215,2.5008411702415,11.736015308324834
16628.2,3.2424271681045185,2.5008411702415,11.731508727699744
16630.2,3.2979769585223884,0.99946357414538,11.729640889993687
16632.2,3.299548601572057,1.0004158443756552,11.727806204584546
16634.2,3.30022267607945,1.0006930187440533,11.725971686244796
16636.2,3.30070751898382,1.00164580902343,11.724135842184888
16638.2,3.301003179772766,1.00164580902343,11.72229960455399
16640.2,3.3013815609871546,0.99946357414538,11.720463562325017
16642.2,3.301381588737938,1.0004153791678472,11.718627264130784
16644.2,3.301192401028909,1.00164580902343,11.716790639730444
16646.2,3.30119244451934,1.00164580902343,11.714953759656089
16648.2,3.3013574407079447,1.00164580902343,11.713117557874435
16650.2,3.3011923907170977,0.99946357414538,11.711280844818502
16652.2,3.30089666043812,1.00164580902343,11.709444450383266
16654.2,3.30089666043812,1.000692954523665,11.707608666274535
16656.2,3.300790156565468,1.00164580902343,11.70577258191553
16658.2,3.300411731042094,1.00164580902343,11.70393622579871
16660.2,3.30032923607522,1.0006940166144165,11.702100781158595
16662.2,3.30014009462092,1.00164580902343,11.700265263271346
16664.2,3.29957267025802,1.00164580902343,11.698429368813917
16666.2,3.2994662235021113,1.00164580902343,11.69659389016493
16668.2,3.365597335641462,-0.750688798048058,11.69705403778743
16670.2,3.369961875436624,-0.750688798048058,11.698458577362208
16672.2,3.373541269755106,-0.750688798048058,11.69986476017291
16674.2,3.3761610096209926,-0.750688798048058,11.701271865296375
16676.2,3.378487467324504,-0.750688798048058,11.702680289723574
16678.2,3.381106907536219,-0.750688798048058,11.704089885103166
16680.2,3.3547945228049403,0.0021822348780466,11.704253532799463
16682.2,3.2823003332872096,1.99892714829076,11.702966900149189
16684.2,3.2760586677106773,1.99927594214212,11.699325717629227
16686.2,3.2720866810613716,1.99892714829076,11.695688025319031
16688.2,3.2684930232425797,1.99892714829076,11.692053993147141
16690.2,3.26495978412118,1.99892714829076,11.688426305377495
16692.2,3.26250094521528,1.99892714829076,11.68480201170817
16694.2,3.259633589315511,1.99892714829076,11.681180752403508
16696.2,3.25682670158629,1.99892714829076,11.677561723329035
16698.2,3.355424560288129,-0.748506563170012,11.675608963951719
16700.2,3.36198935017692,-0.750688798048058,11.677008034476716
16702.2,3.304293316361494,0.9854155991070981,11.67782389263564
16704.2,3.30032923607522,1.00164580902343,11.67598880217559
16706.2,3.29919438734942,1.00164580902343,11.674152623661254
16708.2,3.2979157132057426,1.00164580902343,11.672317070658037
16710.2,3.29730297280642,1.00164580902343,11.670482032958581
16712.2,3.2964025780190576,1.00164580902343,11.66864767553838
16714.2,3.2956460137221515,1.00164580902343,11.666813606283588
16716.2,3.29503327535483,1.00164580902343,11.664980232441675
16718.2,3.294178192035118,1.0011230184244286,11.66314723567688
16720.2,3.29352014372043,0.999986360336932,11.661314313579465
16722.2,3.29314186081183,1.00164580902343,11.659481860071487
16724.2,3.2570252053329987,1.9855636935014194,11.657315853924752
16726.2,3.2517292353347935,1.99892714829076,11.65370183471134
16728.2,3.248698294014315,1.99892714829076,11.650092327561449
16730.2,3.2458658477039273,2.00110938316881,11.64648583299171
16732.2,3.2435914811425577,1.99892714829076,11.642879510922581
16734.2,3.2411326373851757,2.00110938316881,11.63927724395048
16736.2,3.257486722902222,1.4948764366200877,11.635910018431128
16738.2,3.257298046973658,1.49919536121807,11.633195499885801
16740.2,3.256213087430311,1.49919536121807,11.63048164614984
16742.2,3.2557380454421034,1.50137759609612,11.627768167123154
16744.2,3.2543678626804,1.5008446360977812,11.625055712167928
16746.2,3.2538004383175,1.49919536121807,11.622343796838777
16748.2,3.3405901278276455,-0.748506563170012,11.623312272884636
16750.2,3.345696948678053,-0.750688798048058,11.62470490539841
16752.2,3.3494797777668794,-0.750688798048058,11.626101029698464
16754.2,3.3526686232841,-0.750688798048058,11.627498558919937
16756.2,3.2495713736913507,2.00110938316881,11.625068894516033
16758.2,3.24453250705681,2.00110938316881,11.621460406093531
16760.2,3.241059626802963,2.00110938316881,11.617856915207845
16762.2,3.237586744523757,2.00110938316881,11.614258279952471
16764.2,3.23507543434183,1.9997155151081711,11.610663207749061
16766.2,3.2327377964893045,2.000325515279685,11.607068520873826
16768.2,3.2300894276054652,2.00110938316881,11.603476574050863
16770.2,3.22769891762414,2.00110938316881,11.599886999421937
16772.2,3.2260491293647022,1.99892714829076,11.59630110285778
16774.2,3.2237952829225027,2.00110938316881,11.592716634532703
16776.2,3.2213889156857425,2.00110938316881,11.589135039418421
16778.2,3.21956583508925,1.99892714829076,11.58555756347695
16780.2,3.2179160387335353,2.00110938316881,11.581980532498589
16782.2,3.1975541446564684,2.4996604865864245,11.578188568146606
16784.2,3.193858113526831,2.5018427778433674,11.573748633139672
16786.2,3.1910209980580957,2.5008411702415,11.569312874748018
16788.2,3.18816835367551,2.5008411702415,11.564881322994566
16790.2,3.1858120448785536,2.5008411702415,11.56045334612186
16792.2,3.183353010913187,2.5020218691794502,11.55602817489112
16794.2,3.1808786466628707,2.5008411702415,11.551606695557364
16796.2,3.17871128096052,2.5018427442238336,11.547188831772587
16798.2,3.176457104882346,2.5020218272332024,11.542772071064498
16800.2,3.17436102751163,2.5008411702415,11.53835969878106
16802.2,3.1721936604848118,2.5008411702415,11.533949926646542
16804.2,3.1704045812487296,2.502021843985617,11.529542997738364
16806.2,3.16811935951974,2.5008411702415,11.525139777219517
16808.2,3.16584966206814,2.5008411702415,11.520739206867072
16810.2,3.1640450555133994,2.5020218509105425,11.516341011606393
16812.2,3.2005506816219182,1.5002122076680178,11.51269834030082
16814.2,3.2020765305455225,1.50137759609612,11.510030319945136
16816.2,3.20235396274798,1.49919536121807,11.507361963992176
16818.2,3.2024548142992817,1.5002140131387502,11.504693073273463
16820.2,3.2022529343392443,1.5002119726317495,11.502024532922865
16822.2,3.20169840633463,1.5002121919021632,11.49935648447342
16824.2,3.201307402234627,1.5002139936338734,11.496688889586526
16826.2,3.2603413755689896,0.0021822348780466,11.49575719841898
16828.2,3.264528831344829,0.0021822348780466,11.495753312289084
16830.2,3.29616812408063,-0.750688798048058,11.496452899027041
16832.2,3.3012636345874373,-0.750688798048058,11.497828724992372
16834.2,3.3054303993315526,-0.750688798048058,11.499206433753878
16836.2,3.30884060151871,-0.750688798048058,11.50058573114136
16838.2,3.312239495207989,-0.750688798048058,11.501966395821022
16840.2,3.3152714109649,-0.750688798048058,11.503348241045787
16842.2,3.3181028766222225,-0.750688798048058,11.504731420316327
16844.2,3.3205612532689512,-0.750688798048058,11.506115776707459
16846.2,3.32321535204548,-0.750688798048058,11.507501194601696
16848.2,3.3256680336891664,-0.750688798048058,11.508887028738169
16850.2,3.2990564465843146,0.0021822348780466,11.509472590116811
16852.2,3.29900524589512,0.0021822348780466,11.509468590678104
16854.2,3.26912089611577,0.752871032926105,11.508193482911945
16856.2,3.267224260804206,0.752871032926105,11.506826543969826
16858.2,3.2657212586240045,0.752871032926105,11.505460276766055
16860.2,3.26458150121258,0.752871032926105,11.504094574058286
16862.2,3.263451558891192,0.752871032926105,11.502729362425773
16864.2,3.26250585350822,0.752871032926105,11.501364793942814
16866.2,3.2615503345488706,0.752871032926105,11.500000609366012
16868.2,3.26060953067229,0.752871032926105,11.49863665829019
16870.2,3.2596539981633166,0.752871032926105,11.497273692589191
16872.2,3.25871811612929,0.752871032926105,11.495910533115875
16874.2,3.2573990369808206,0.752871032926105,11.494548232952274
16876.2,3.25682670158629,0.752871032926105,11.493186395257982
16878.2,3.25607013576909,0.752871032926105,11.491824426714066
16880.2,3.2551244284976,0.752871032926105,11.490462779913324
16882.2,3.2836606767783314,0.0021822348780466,11.490133651872483
16884.2,3.28557620263984,0.0021822348780466,11.490129669780584
16886.2,3.285978980075949,0.0021822348780466,11.490125686118958
16888.2,3.287443503503974,0.0021822348780466,11.49012170130285
16890.2,3.288200067536179,0.0021822348780466,11.490117715403866
16892.2,3.317686926481613,-0.748506563170012,11.490876714360017
16894.2,3.301562104372335,-0.11629381952712281,11.492217164937033
16896.2,3.292996248331975,0.0021822348780466,11.49222652806903
16898.2,3.293287467441759,0.0021822348780466,11.492222535654523
16900.2,3.29333100226613,0.0021822348780466,11.492218543008063
16902.2,3.293752815007632,0.0021822348780466,11.492214711737265
16904.2,3.29408756808333,0.0021822348780466,11.49221074626649
16906.2,3.29446585099193,0.0021822348780466,11.492206752396292
16908.2,3.294757073258375,0.0021822348780466,11.492202758082966
16910.2,3.2949897471099994,0.0021822348780466,11.49219876334493
16912.2,3.2953094715893525,0.0021822348780466,11.492194768187122
16914.2,3.295935436610845,0.0021822348780466,11.492190772599054
16916.2,3.29616812408063,0.0021822348780466,11.492186776779567
16918.2,3.2962116523239193,0.0021822348780466,11.492182780564288
16920.2,3.29654640698923,0.0021822348780466,11.492178784140972
16922.2,3.29692468989783,0.0021822348780466,11.492174959186046
16924.2,3.29692468989783,0.0021822348780466,11.492170962044638
16926.2,3.2972594157677197,0.0021822348780466,11.492166964619424
16928.2,3.29753564299687,0.0021822348780466,11.492162966993792
16930.2,3.2975791770892537,0.0021822348780466,11.492158969083281
16932.2,3.29824868007792,0.0021822348780466,11.492154970896278
16934.2,3.2981031686487805,0.0021822348780466,11.492150972409746
16936.2,3.29843782153222,0.0021822348780466,11.49214698448191
16938.2,3.2983942948723275,0.0021822348780466,11.492142988711624
16940.2,3.298714026800174,0.0021822348780466,11.492138989530698
16942.2,3.29919438734942,0.0021822348780466,11.492135022087288
16944.2,3.2989033720612744,0.00050342862643348,11.492131132806787
16946.2,3.2994270586352505,0.0021822348780466,11.49212723601387
16948.2,3.2995291395724857,0.0021822348780466,11.492123449908545
16950.2,3.29942705704789,0.0021822348780466,11.492119449607374
16952.2,3.2999074196739335,0.0021822348780466,11.492115477162669
16954.2,3.30014009462092,0.0021822348780466,11.492111476478948
16956.2,3.2999944821432665,0.0021822348780466,11.492107661713947
16958.2,3.30014009462092,0.0021822348780466,11.492103660614909
16960.2,3.30014009462092,0.0021822348780466,11.492099859527436
16962.2,3.3003727651750125,0.0021822348780466,11.492095858147298
16964.2,3.30032923607522,0.0021822348780466,11.492091888786698
16966.2,3.300663940717121,0.0016794470895809149,11.4920880934204
16968.2,3.3012314154676528,0.0021822348780466,11.49208413140124
16970.2,3.30089666043812,0.0021822348780466,11.492080129403563
16972.2,3.30108580189242,0.0021822348780466,11.492076183207605
16974.2,3.30127494334672,0.0021822348780466,11.492072241014402
16976.2,3.30127494334672,0.0021822348780466,11.49206823864809
16978.2,3.30146408480102,0.0021822348780466,11.49206423610269
16980.2,3.301507617072317,0.0021822348780466,11.492060233392412
16982.2,3.3017988336111856,0.0021822348780466,11.492056230649862
16984.2,3.30184236770962,0.0021822348780466,11.492052227700402
16986.2,3.30207507681679,0.0021822348780466,11.492048224575312
16988.2,3.30222065061822,0.0021822348780466,11.492044221396746
16990.2,3.3018858955895465,0.0021822348780466,11.492040218029386
16992.2,3.302177121641573,0.0021822348780466,11.49203627057526
16994.2,3.302366154596509,0.0021822348780466,11.492032481226891
16996.2,3.30278807498112,0.0021822348780466,11.492028691212308
16998.2,3.3025554016190823,0.0021822348780466,11.49202470139678
17000.2,3.30240979207252,0.0021822348780466,11.492020719043943
17002.2,3.3027445361168413,0.0021822348780466,11.492016721427783
17004.2,3.30297721643542,0.0016794328079160219,11.492013146747386
17006.2,3.302933690631125,0.0021822348780466,11.492009233819935
17008.2,3.30316635788972,0.0016800200256663225,11.492005328266218
17010.2,3.30297721643542,0.0021822348780466,11.49200132702771
17012.2,3.3032098889403962,0.0021822348780466,11.491997322485448
17014.2,3.3030208537902492,0.0021822348780466,11.491993317774659
17016.2,3.30335549934401,0.0021822348780466,11.491989313051663
17018.2,3.3035011080383656,0.0021822348780466,11.491985350202444
17020.2,3.303690250473377,0.0021822348780466,11.491981345215732
17022.2,3.3036902510729136,0.0021822348780466,11.491977424301766
17024.2,3.303690136828398,0.0021822348780466,11.491973419181813
17026.2,3.30373378225261,0.0021822348780466,11.491969497912647
17028.2,3.30373378225261,0.0021822348780466,11.491965492510921
17030.2,3.30387939057721,0.0021822348780466,11.491961487178958
17032.2,3.30392292370691,0.0021822348780466,11.4919574815818
17034.2,3.304257566080788,0.0021822348780466,11.491953662167155
17036.2,3.3041555909685583,0.0021822348780466,11.491949656340296
17038.2,3.30411206516121,0.0021822348780466,11.491945720581569
17040.2,3.304446820554319,0.0021822348780466,11.491941714657523
17042.2,3.304155589871778,0.0021822348780466,11.49193770871471
17044.2,3.3041991262602606,0.0021822348780466,11.491933917019143
17046.2,3.30449034806981,0.0021822348780466,11.491929910944872
17048.2,3.30449034806981,0.0021822348780466,11.491925904695188
17050.2,3.304533874243083,0.0021822348780466,11.491921898380774
17052.2,3.30467948952411,0.0021822348780466,11.49191789193827
17054.2,3.305014142165816,0.0021822348780466,11.491913885400677
17056.2,3.30486863097841,0.0021822348780466,11.491909878827762
17058.2,3.304912162886778,0.0021822348780466,11.4919058861778
17060.2,3.30505777243271,0.0021822348780466,11.491901879428603
17062.2,3.304723016679104,0.0021822348780466,11.49189787262554
17064.2,3.305203250729182,0.0021822348780466,11.491893865809862
17066.2,3.3053920842204465,0.0021822348780466,11.491889858865605
17068.2,3.30524691388701,0.0021822348780466,11.491885851804845
17070.2,3.3053925263638626,0.0005022191097291905,11.49188218515069
17072.2,3.30543605534131,0.0021822348780466,11.491878238289367
17074.2,3.30524691388701,0.0021822348780466,11.491874245135719
17076.2,3.3052908198418574,0.0021822348780466,11.491870326101068
17078.2,3.30562519679561,0.0021822348780466,11.491866346795762
17080.2,3.30543605534131,0.0021822348780466,11.491862339398144
17082.2,3.30543605534131,0.0021822348780466,11.491858331866469
17084.2,3.30581433824991,0.0021822348780466,11.491854324331364
17086.2,3.3057708091477758,0.0021822348780466,11.491850344794836
17088.2,3.30562519679561,0.0021822348780466,11.4918463371453
17090.2,3.3059599514593287,0.0021822348780466,11.491842329301292
17092.2,3.305770810001997,0.0021822348780466,11.491838321440401
17094.2,3.30581433824991,0.0021822348780466,11.491834313495984
17096.2,3.3058582908043714,0.0021822348780466,11.491830305380162
17098.2,3.30581433824991,0.0021822348780466,11.491826297403819
17100.2,3.305959949871308,0.0021822348780466,11.491822303412555
17102.2,3.30619262115851,0.0021822348780466,11.491818295234577
17104.2,3.3061489627738276,0.0021822348780466,11.491814413266418
17106.2,3.3060474884173066,0.0021822348780466,11.491810405004893
17108.2,3.30638176261281,0.0021822348780466,11.491806396719749
17110.2,3.30633823472983,0.0021822348780466,11.491802430384906
17112.2,3.3065273778953275,0.0021822348780466,11.491798421978492
17114.2,3.30638176261281,0.0021822348780466,11.491794413458761
17116.2,3.30638176261281,0.0021822348780466,11.491790404880733
17118.2,3.30633823473149,0.0021822348780466,11.49178641026064
17120.2,3.30657090406711,0.0021822348780466,11.49178254586481
17122.2,3.3064252904949893,0.0021822348780466,11.491778653708682
17124.2,3.3064253227484204,0.0021822348780466,11.491774961832165
17126.2,3.3066729834156487,0.0021822348780466,11.491770953072002
17128.2,3.3069056551910525,0.0021822348780466,11.491766944111282
17130.2,3.306862135359633,0.0021822348780466,11.4917629352231
17132.2,3.306425292081426,0.0021822348780466,11.491758968327535
17134.2,3.3069055343385347,0.0021822348780466,11.49175495933367
17136.2,3.30676004552141,0.0021822348780466,11.491750950284404
17138.2,3.3068035730406646,0.0021822348780466,11.491746941171794
17140.2,3.306905657508635,0.0021822348780466,11.491743062342701
17142.2,3.2285818418049335,2.00110938316881,11.489219594468917
17144.2,3.221993296999797,2.00110938316881,11.485634148857676
17146.2,3.2170756474793296,2.00110938316881,11.482054988005734
17148.2,3.212158064197146,2.00110938316881,11.478481242542482
17150.2,3.208155101365155,2.00110938316881,11.474912516620243
17152.2,3.2038357033829112,2.00110938316881,11.471349844191893
17154.2,3.19989512384209,2.00110938316881,11.467790252977204
17156.2,3.19573401184749,2.00110938316881,11.46423515327325
17158.2,3.1920776865225924,2.00110938316881,11.460684594564238
17160.2,3.1887044161319933,2.00110938316881,11.457138891219781
17162.2,3.184795176334199,2.00110938316881,11.453596223597456
17164.2,3.181485673114151,2.00110938316881,11.450057530347834
17166.2,3.17784926411238,2.00110938316881,11.446522709590106
17168.2,3.28784590009144,-0.750688798048058,11.447876194646463
17170.2,3.2929278754595064,-0.750688798048058,11.449247689502835
17172.2,3.2964967117640405,-0.748506563170012,11.450621049503512
17174.2,3.27006660338727,0.0021822348780466,11.451186045353293
17176.2,3.27025574484157,0.0021822348780466,11.451182080494448
17178.2,3.27139059356737,0.0021822348780466,11.451178115016978
17180.2,3.27214715938457,0.0021822348780466,11.451174148645046
17182.2,3.191665913116199,1.99892714829076,11.447970614242266
17184.2,3.1856454170604644,2.00110938316881,11.44442625983685
17186.2,3.18098097841212,2.00110938316881,11.440887916056496
17188.2,3.1771663383481155,1.99892714829076,11.437354929430768
17190.2,3.172972955040394,1.99892714829076,11.433829006726405
17192.2,3.169600441254706,2.00110938316881,11.43030668001012
17194.2,3.16569256710035,2.00110938316881,11.42678598902374
17196.2,3.16244511589075,1.99892714829076,11.423271732396703
17198.2,3.15922971116765,2.00110938316881,11.419758241431916
17200.2,3.15620344789886,2.00110938316881,11.416247748761197
17202.2,3.2621360675105358,-0.749909831879598,11.415275495388006
17204.2,3.2692559222351862,-0.750688798048058,11.41663736236287
17206.2,3.2737953209847954,-0.750688798048058,11.418001155265939
17208.2,3.21767442054626,0.752871032926105,11.417359210126289
17210.2,3.21578300600326,0.752871032926105,11.416013854846215
17212.2,3.21483729873176,0.752871032926105,11.414669018280298
17214.2,3.21426987436886,0.752871032926105,11.413324485768667
17216.2,3.2135260444692797,0.752871032926105,11.41198020730217
17218.2,3.2131286578411733,0.752871032926105,11.410636179336775
17220.2,3.21275674273447,0.752871032926105,11.409292342130692
17222.2,3.212195684746322,0.752871032926105,11.407948698116984
17224.2,3.2118173985608975,0.752871032926105,11.406605251046022
17226.2,3.211237243139719,0.752871032926105,11.405262003947215
17228.2,3.21067618673717,0.752871032926105,11.403918981489605
17230.2,3.210291536028892,0.752871032926105,11.402576193752193
17232.2,3.1582314382898447,2.00110938316881,11.399327699457064
17234.2,3.1536009911770755,2.00110938316881,11.395819372117646
17236.2,3.14977263845267,2.00110938316881,11.392316738023085
17238.2,3.14655723372958,2.00110938316881,11.388819203042676
17240.2,3.14353097046078,1.999452468645365,11.385322946463134
17242.2,3.1405957441861903,2.00110938316881,11.381830140693667
17244.2,3.1377131030532044,2.00110938316881,11.378343022412245
17246.2,3.1350651226959196,2.00110938316881,11.374857144843773
17248.2,3.1331281904743,2.00110938316881,11.371373755653442
17250.2,3.1308584930227,2.00110938316881,11.367891958572658
17252.2,3.1285432774542046,2.00110938316881,11.364413106397857
17254.2,3.236305437546866,-0.750688798048058,11.36330458645249
17256.2,3.244674619137931,-0.750688798048058,11.364654406736829
17258.2,3.249970616925678,-0.750688798048058,11.366008220823383
17260.2,3.2546521522311935,-0.750688798048058,11.367364117531528
17262.2,3.191754964327678,0.9984132823191267,11.367919909406401
17264.2,3.186984446759948,1.00164580902343,11.366145486272591
17266.2,3.18514209040671,1.00164580902343,11.364373335660314
17268.2,3.18362895877231,1.00164580902343,11.362601683836141
17270.2,3.18249411004652,1.00164580902343,11.360831028685174
17272.2,3.1813102785552645,0.99946357414538,11.359061353266172
17274.2,3.18022441259492,1.00164580902343,11.357292689056164
17276.2,3.17908956386912,1.0000281268164422,11.35552405985729
17278.2,3.17823488484665,1.00164580902343,11.353755752158879
17280.2,3.17738729078042,1.00164580902343,11.351988277840428
17282.2,3.1762033870378006,1.00164580902343,11.350221699402345
17284.2,3.17530673478313,1.0010798233261302,11.348455240887336
17286.2,3.1168194579658755,2.4938172547656197,11.34612549624982
17288.2,3.107951618993899,2.5008411702415,11.341802257433352
17290.2,3.1021929190707533,2.5008411702415,11.337488198958185
17292.2,3.09738045561166,2.5008411702415,11.333181114194648
17294.2,3.0931143418748483,2.5008411702415,11.32888036403203
17296.2,3.08905823162247,2.5008411702415,11.324585814702766
17298.2,3.0849813240708586,2.5008411702415,11.32029696525256
17300.2,3.081387360864548,2.5008411702415,11.31601313175469
17302.2,3.07770974436449,2.5008411702415,11.311734571353876
17304.2,3.0744943396414,2.5008411702415,11.307460583966161
17306.2,3.0714680763726,2.5018094941185063,11.30319078234382
17308.2,3.0683161127419933,2.5008411702415,11.298925452534213
17310.2,3.065310337772927,2.5008411702415,11.294664612977925
17312.2,3.0624732170187317,2.5008411702415,11.290407598486158
17314.2,3.059720441343858,2.5008411702415,11.286154752957636
17316.2,3.1930810071506763,-0.750688798048058,11.285730246767233
17318.2,3.201846229883913,-0.750688798048058,11.287063961894999
17320.2,3.208341766937158,-0.748506563170012,11.288397574907249
17322.2,3.213070305297096,-0.750688798048058,11.289735660084625
17324.2,3.21786356200056,-0.750688798048058,11.291076035347631
17326.2,3.221770810651075,-0.750688798048058,11.292418833501376
17328.2,3.1003234928566092,2.4959857249238544,11.292493261771114
17330.2,3.0872507441804133,2.5008411702415,11.288196585837365
17332.2,3.079390730206501,2.5008411702415,11.283913029960983
17334.2,3.0734645124466784,2.5008411702415,11.279638766632292
17336.2,3.0681474622235534,2.5008411702415,11.275372644945728
17338.2,3.062662636893891,2.5008411702415,11.271113967206098
17340.2,3.058122959697436,2.5018094799703317,11.266861902514266
17342.2,3.053205284172303,2.5008411702415,11.262616366387684
17344.2,3.0492334552546168,2.5008411702415,11.25837672084868
17346.2,3.0452613415081764,2.5008411702415,11.254143014221768
17348.2,3.041373306685634,2.5008411702415,11.24991467615119
17350.2,3.038073964657683,2.5008411702415,11.245691345744115
17352.2,3.034837278844446,2.5008411702415,11.241472777263724
17354.2,3.1570225426851017,-0.7845224065148746,11.2377875286426
17356.2,3.172390713448074,-0.750688798048058,11.239109028352413
17358.2,3.180008975830309,-0.750688798048058,11.2404334383422
17360.2,3.1860089227117334,-0.750688798048058,11.241760942244266
17362.2,3.1911419091837674,-0.750688798048058,11.243090374324574
17364.2,3.1638189152179237,0.0021822348780466,11.243491913174939
17366.2,3.1656107123036015,0.0021822348780466,11.243488076432989
17368.2,3.16698451079394,0.0021822348780466,11.243484238052313
17370.2,3.16830850097404,0.0021822348780466,11.243480397757882
17372.2,3.1696822972142575,0.0021822348780466,11.243476555738294
17374.2,3.1710062893128788,0.0021822348780466,11.243472729859285
17376.2,3.172379537403737,0.0021822348780466,11.2434690188758
17378.2,3.1735546532990813,0.0021822348780466,11.243465580823237
17380.2,3.1745003625711417,0.0021822348780466,11.243461888030968
17382.2,3.1755456833818623,0.0016075809072455434,11.243458152911163
17384.2,3.17625244205463,0.0021822348780466,11.243454532977808
17386.2,3.17738729078042,0.0021822348780466,11.243450762463048
17388.2,3.17833299805192,0.0021822348780466,11.243446909921149
17390.2,3.1789998435554585,0.0021822348780466,11.243443056421917
17392.2,3.17946784677772,0.0021822348780466,11.24343922903281
17394.2,3.18022441259492,0.0021822348780466,11.24343549899312
17396.2,3.18098097841212,0.0021822348780466,11.243431642995489
17398.2,3.181598206414615,0.0021822348780466,11.243427803626803
17400.2,3.1821656295280616,0.0021822348780466,11.243424125488998
17402.2,3.182543912518029,0.0021822348780466,11.24342028084525
17404.2,3.18325067586371,0.0021822348780466,11.243417360169532
17406.2,3.1837686571982524,0.0005704529520416505,11.243414836388487
17408.2,3.18400724168091,0.0021822348780466,11.243411754248054
17410.2,3.1848536285686033,0.0021822348780466,11.243408113730936
17412.2,3.18495294895241,0.0021822348780466,11.243404707181265
17414.2,3.18533123186101,0.0021822348780466,11.243401407420478
17416.2,3.18589865622391,0.0021822348780466,11.243397572392555
17418.2,3.1860379920374005,0.0021822348780466,11.243393771433908
17420.2,3.18646608058681,0.0005746135410768959,11.243390203787662
17422.2,3.18665522204111,0.0021822348780466,11.243386526464349
17424.2,3.1871732385297076,0.0021822348780466,11.243382676195083
17426.2,3.1874611412014136,0.0021822348780466,11.243378825528556
17428.2,3.187829789538754,0.0021822348780466,11.24337502859223
17430.2,3.1881185473642226,0.0021822348780466,11.243371339464032
17432.2,3.18816835367551,0.0021822348780466,11.243367640079382
17434.2,3.18854663658411,0.0021822348780466,11.243363964522276
17436.2,3.1888349595925347,0.0021822348780466,11.243360573160473
17438.2,3.1892136769012143,0.0021822348780466,11.243357205416071
17440.2,3.18954215066601,0.0021822348780466,11.24335355926273
17442.2,3.1898706267642,0.0021822348780466,11.243349692387634
17444.2,3.189731295204305,0.0021822348780466,11.24334629709041
17446.2,3.1903885510213605,0.0005711114869632885,11.243342751471225
17448.2,3.1903882476554553,0.00160762328232964,11.243339066003372
17450.2,3.1905376600798596,0.0021822348780466,11.243335265049016
17452.2,3.1908163340357,0.0021822348780466,11.243331396857448
17454.2,3.19100547549,0.0021822348780466,11.243327596096378
17456.2,3.191145101932866,0.0021822348780466,11.24332378161914
17458.2,3.1913837583986,0.0021822348780466,11.24331994325405
17460.2,3.1915728998529,0.0021822348780466,11.243316114696436
17462.2,3.1918118484515388,0.0021822348780466,11.243312326633498
17464.2,3.19181184970183,0.0021822348780466,11.243308457067732
17466.2,3.1920007055651363,0.0021822348780466,11.243304641475907
17468.2,3.192418992001326,0.0021822348780466,11.243301311304943
17470.2,3.192190131779445,0.0021822348780466,11.243297495285303
17472.2,3.1927972804186013,0.0021822348780466,11.243293638468614
17474.2,3.1926579413492893,0.0021822348780466,11.243289767858112
17476.2,3.1930860314873,0.0021822348780466,11.243285897089608
17478.2,3.193036223927142,0.0005746587672667347,11.24328222356341
17480.2,3.193175563328038,0.0021822348780466,11.243278383774232
17482.2,3.1934145072527884,0.0021822348780466,11.243274651455474
17484.2,3.1934643143959,0.0021822348780466,11.243270789948966
17486.2,3.1934643143959,0.0021822348780466,11.243266918261481
17488.2,3.1938425973045,0.0021822348780466,11.243263046465469
17490.2,3.1937031079277034,0.0021822348780466,11.243259544636468
17492.2,3.1942208802131,0.0021822348780466,11.243256379189795
17494.2,3.1943602144392744,0.0021822348780466,11.243252781884562
17496.2,3.1942208802131,0.0021822348780466,11.243249031303266
17498.2,3.194459830065113,0.0021822348780466,11.243246338045015
17500.2,3.1944100216674,0.0021822348780466,11.243242835014174
17502.2,3.1946489015685393,0.0021822348780466,11.243239502291852
17504.2,3.1947387130439506,0.0021822348780466,11.243235931168092
17506.2,3.1950271733201245,0.0021822348780466,11.243232251821395
17508.2,3.1950272531748847,0.0021822348780466,11.24322839185834
17510.2,3.195455196677603,0.0021822348780466,11.243224716039537
17512.2,3.1526978028789228,0.99946357414538,11.2416437011068
17514.2,3.14939435554407,1.00164580902343,11.23989275278927
17516.2,3.14617895082098,1.00164580902343,11.238141973364407
17518.2,3.1436695640776837,1.00164580902343,11.236394053546867
17520.2,3.14083243909314,1.00164580902343,11.234647291460538
17522.2,3.13804586828609,1.00164580902343,11.232901011914588
17524.2,3.135864215770761,1.0010626043829969,11.23115694380389
17526.2,3.1331281904743,1.00164580902343,11.229413317847616
17528.2,3.1309465339362736,1.00164580902343,11.227672178779063
17530.2,3.12839965411681,1.0010625580154586,11.225932084030422
17532.2,3.1262685500659315,0.99946357414538,11.224193950868528
17534.2,3.1961244247042124,-0.750688798048058,11.224017422216397
17536.2,3.20159739693078,-0.750688798048058,11.225351554244702
17538.2,3.063909607906058,2.5008411702415,11.22120160849689
17540.2,3.054387100624965,2.5008411702415,11.216951891026568
17542.2,3.0465669611844914,2.5008411702415,11.212713934475973
17544.2,3.0395109597966528,2.5008411702415,11.208486095136223
17546.2,3.0330141111618705,2.5008411702415,11.204267623328393
17548.2,3.026961654003177,2.5008411702415,11.200058239675759
17550.2,3.020909056991942,2.5008411702415,11.195857191388308
17552.2,3.01586048880849,2.5008411702415,11.191664008234604
17554.2,3.0103825827366673,2.5008411702415,11.187478049102717
17556.2,3.005901438014153,2.501596262048924,11.183298471940656
17558.2,3.0021186047785138,2.5008411702415,11.179124715566946
17560.2,2.99902689937582,2.5008411702415,11.174956042931118
17562.2,2.9956880529467784,2.5008411702415,11.170791883308887
17564.2,2.99297437283823,2.5008411702415,11.16663199416011
17566.2,2.9898244117158366,2.5008411702415,11.162475901974874
17568.2,2.987365571953972,2.5008411702415,11.158323624978918
17570.2,2.98446300739474,2.5008411702415,11.154174987660864
17572.2,2.98174958233805,2.5008411702415,11.150030146018631
17574.2,2.9792326270661578,2.5008411702415,11.14588918716029
17576.2,3.0501499558830134,0.752871032926105,11.142740523655254
17578.2,3.0566255293731337,0.752871032926105,11.141463200524305
17580.2,3.059696549796522,0.752871032926105,11.140184059147144
17582.2,3.061777106171351,0.752871032926105,11.138903875852076
17584.2,3.06371327674631,0.752871032926105,11.137622879134812
17586.2,3.06465898401781,0.752871032926105,11.136341329458324
17588.2,3.0125817736559886,2.00110938316881,11.134234996344786
17590.2,3.006529119283022,2.00110938316881,11.130890206917636
17592.2,3.00262058700751,2.00110938316881,11.127549892186451
17594.2,2.9988060422262843,1.9992930706983114,11.124213875979287
17596.2,2.9955906385552002,2.00110938316881,11.120881919390198
17598.2,2.99221780702103,2.00110938316881,11.117553527860709
17600.2,2.9893489647551115,2.00110938316881,11.114228428593671
17602.2,2.9863227012223352,2.00110938316881,11.110906578479227
17604.2,2.98370644157755,2.00110938316881,11.107587959953426
17606.2,3.0737502854980723,0.0021822348780466,11.107450073064943
17608.2,3.0790462462222052,0.0021822348780466,11.107446343395905
17610.2,3.08300570508488,0.0021822348780466,11.107442608079017
17612.2,3.11648374249593,-0.7585287354499385,11.107641189304585
17614.2,3.123643737952869,-0.750688798048058,11.108941426603868
17616.2,3.128939696187268,-0.750688798048058,11.110245310972807
17618.2,3.1338573735434614,-0.750688798048058,11.111551324945124
17620.2,3.1385037517323933,-0.750688798048058,11.112859261004507
17622.2,3.142719642308481,-0.750688798048058,11.114168988620046
17624.2,3.14617895082098,-0.750688798048058,11.115480341194363
17626.2,3.1497178729576985,-0.750688798048058,11.116793218508388
17628.2,3.153149803007607,-0.750688798048058,11.118107546084309
17630.2,3.1561486756018424,-0.750688798048058,11.11942323655202
17632.2,3.03990151819958,2.00110938316881,11.117242347888324
17634.2,3.0300728632618728,2.00110938316881,11.113868499132211
17636.2,3.0228788009160454,2.00110938316881,11.110503922901831
17638.2,3.0160630159003547,2.00110938316881,11.107147160619984
17640.2,3.0096322063480567,2.00110938316881,11.103797600183748
17642.2,3.00375543573331,2.00110938316881,11.100454971569395
17644.2,2.9980878880981967,2.00110938316881,11.097118837679071
17646.2,2.9924203465771195,2.00110938316881,11.093788931733823
17648.2,2.987326925173095,2.00110938316881,11.090465044977693
17650.2,2.9822067015851497,2.00110938316881,11.087146855302091
17652.2,2.977660604917305,2.00110938316881,11.083833962722496
17654.2,2.9733170506331708,2.00110938316881,11.080526005222056
17656.2,2.96933169105077,2.00110938316881,11.077222803328338
17658.2,2.96554886196478,2.00110938316881,11.073923896823828
17660.2,2.9619766224779545,2.00110938316881,11.070628986411517
17662.2,2.958564745397175,2.00110938316881,11.067337771516643
17664.2,2.9559097438460906,2.00110938316881,11.064050034625996
17666.2,2.9530726002359993,2.00110938316881,11.060765538583631
17668.2,3.009240537908,0.752871032926105,11.059424636187776
17670.2,3.0116874651293775,0.752871032926105,11.05816541024863
17672.2,3.01377391739214,0.752871032926105,11.056905255147367
17674.2,3.01472564008269,0.752871032926105,11.055644499597397
17676.2,3.01548220589989,0.752871032926105,11.054383345829937
17678.2,3.01623877171709,0.752871032926105,11.053121931427295
17680.2,3.01661705462569,0.752871032926105,11.05186032430812
17682.2,3.0162506675886216,0.752871032926105,11.050598584928323
17684.2,3.007854681574049,0.9767519803873034,11.049288857771002
17686.2,3.0048400849412773,1.00164580902343,11.04761900488356
17688.2,3.003516091266316,1.00164580902343,11.045947608991176
17690.2,3.0020029599580464,1.00164580902343,11.044276710649006
17692.2,3.0009685130151476,1.00164580902343,11.042607045759619
17694.2,2.9998336654516558,1.00164580902343,11.040937793405721
17696.2,2.99827033355862,1.00164580902343,11.039269125628758
17698.2,2.99713548483282,1.00164580902343,11.037601770845452
17700.2,2.9959504354245197,1.00164580902343,11.03593442660662
17702.2,2.99448750447263,1.00164580902343,11.034267967452058
17704.2,2.993491596096831,1.00164580902343,11.032602337113124
17706.2,2.99202866556673,1.0010666414155798,11.030937388956767
17708.2,2.99070467538663,0.99946357414538,11.029274440182688
17710.2,2.9893304820968867,1.0010665865717614,11.027611579508568
17712.2,2.98786755357214,1.00164580902343,11.02594873245913
17714.2,2.986682503645695,1.00164580902343,11.024286815098053
17716.2,2.9850925167500075,1.00164580902343,11.022626494197754
17718.2,3.06634492262682,-0.750688798048058,11.023837865444769
17720.2,3.0731703494613,-0.750688798048058,11.025118119935511
17722.2,3.0781744316228004,-0.748506563170012,11.02639996627192
17724.2,3.0834703885825143,-0.750688798048058,11.027683568618773
17726.2,3.0880961884244527,-0.750688798048058,11.028970266305588
17728.2,3.092343703174352,-0.749691919180998,11.030258435940999
17730.2,3.0965211529615857,-0.750688798048058,11.031546430729616
17732.2,3.0306562183922723,0.9853143463997278,11.032297796764137
17734.2,3.0214387608527082,1.00164580902343,11.030616477941356
17736.2,3.017137847218224,1.00164580902343,11.028936811049958
17738.2,3.0131165273057663,1.00164580902343,11.027259055758531
17740.2,3.00952284129025,1.00164580902343,11.025583775515985
17742.2,3.0065431720808276,0.99946357414538,11.02391022942388
17744.2,3.0032345923337247,1.00164580902343,11.022238915709993
17746.2,3.00054003101022,1.00110837312887,11.020569008186104
17748.2,2.997371210422706,1.00164580902343,11.018901187993762
17750.2,2.994580664049514,1.00164580902343,11.017234919659469
17752.2,3.0374742002973263,0.0021822348780466,11.016651298154796
17754.2,3.0401164368410774,0.0021822348780466,11.016647613999831
17756.2,3.041818707144437,0.0021822348780466,11.016643953092748
17758.2,3.04328599968195,0.0021822348780466,11.016640264332192
17760.2,3.0780052483470395,-0.750688798048058,11.017460791941167
17762.2,3.015412187612398,0.9684943698087083,11.018382688690725
17764.2,3.004594921524552,0.99946357414538,11.016713759500652
17766.2,3.0004572574312967,1.00164580902343,11.015043919713062
17768.2,2.996733611978907,1.00164580902343,11.013375705754749
17770.2,2.993329066794584,1.00164580902343,11.011709006582555
17772.2,2.9904091685342773,1.0004186096117127,11.010044951919834
17774.2,2.9874656848829324,1.00164580902343,11.008382257681962
17776.2,2.98456937556797,1.00164580902343,11.006721346022239
17778.2,2.9817086627218976,1.00164580902343,11.005061646139923
17780.2,2.9790842706196443,1.00164580902343,11.003403622334874
17782.2,2.9764955834835445,0.99946357414538,11.001748054390275
17784.2,2.97387108595396,0.99946357414538,11.00009535337206
17786.2,2.9717669374429256,1.0004185913134616,10.99844260909115
17788.2,2.9692253243611475,0.99946357414538,10.996791680051553
17790.2,2.966979107346264,0.99946357414538,10.995142188088689
17792.2,2.96479229614758,1.00164580902343,10.993493890413632
17794.2,2.9181099109806112,2.00110938316881,10.991229881766897
17796.2,2.909409409248029,2.00110938316881,10.987990658509217
17798.2,2.902951937005746,2.00110938316881,10.984759825067655
17800.2,2.8969088583681226,2.00110938316881,10.981535989311551
17802.2,2.8914231947978792,2.00110938316881,10.97831853269614
17804.2,2.88629859261321,2.00110938316881,10.975107616322804
17806.2,2.88157005625572,2.00110938316881,10.971901585345632
17808.2,2.87721980280682,2.00110938316881,10.968700745520126
17810.2,2.8723199050489168,2.00110938316881,10.965504873694547
17812.2,2.86814991179028,2.00110938316881,10.962313969086095
17814.2,2.8636196335029016,2.00110938316881,10.959127810436147
17816.2,2.8592691475680283,2.00110938316881,10.955946579364062
17818.2,2.854910013309071,2.00110938316881,10.952770205469704
17820.2,2.85055085775057,2.00110938316881,10.949598811794933
17822.2,2.8456509595414587,2.00110938316881,10.946432541788726
17824.2,2.8411115678036616,2.00110938316881,10.943271411714695
17826.2,2.83601368420975,2.00110938316881,10.940115482425396
17828.2,2.8316367123206,2.00110938316881,10.936964930799562
17830.2,2.847067528710601,0.7664612372336067,10.933834543326213
17832.2,2.8735958493994977,1.0012966151809677,10.932254742120318
17834.2,2.87457182244663,1.00164580902343,10.930657613462921
17836.2,2.8747912325953626,0.99946357414538,10.929059509775024
17838.2,2.874602084988121,0.9998127306736758,10.92746210910053
17840.2,2.8737849890130063,1.0012965939426832,10.92586384687813
17842.2,2.872839274833485,1.00164580902343,10.924266566269612
17844.2,2.8716741610943126,1.001296569108215,10.922669013687841
17846.2,2.870380485461447,1.0012970857417862,10.921072279179025
17848.2,2.868549563780886,0.99946357414538,10.919477602836393
17850.2,2.86681702282034,0.99946357414538,10.917884563058982
17852.2,2.8648953409125903,1.0012965968463983,10.916291841065231
17854.2,2.8632536022966293,0.9998127833599088,10.914699961084132
17856.2,2.8611125109422493,0.99946357414538,10.913109556914357
17858.2,2.85906222319405,0.99981280167136,10.911519644871225
17860.2,2.944615768409034,-0.749242277700405,10.912290573959348
17862.2,2.954261206591204,-0.750688798048058,10.913519120362004
17864.2,2.962077608288099,-0.750688798048058,10.914749544485808
17866.2,2.969078826811963,-0.750688798048058,10.915984466410045
17868.2,2.975823891146763,-0.748506563170012,10.917222973048876
17870.2,2.981877049731818,-0.750688798048058,10.918461855937025
17872.2,2.987487288674899,-0.748506563170012,10.919703432090875
17874.2,2.993289094249536,-0.750688798048058,10.920948917483406
17876.2,2.9983323551850996,-0.748506563170012,10.92219744441842
17878.2,2.93023559091872,0.752871032926105,10.921132675242742
17880.2,2.9259621144118615,0.752871032926105,10.919908145736024
17882.2,2.921724230272435,0.752871032926105,10.918685324781904
17884.2,2.9182916611012804,0.752871032926105,10.917464003824035
17886.2,2.914830397896992,0.752871032926105,10.916244139310146
17888.2,2.9113776416479116,0.752871032926105,10.91502564739026
17890.2,2.9084562355114896,0.752871032926105,10.913808521021204
17892.2,2.9054299705915256,0.752871032926105,10.912592711510486
17894.2,2.90221463897764,0.752871032926105,10.911378173922861
17896.2,2.89934935295989,0.752871032926105,10.910164896219746
17898.2,2.896190132312333,0.752871032926105,10.90895292525231
17900.2,2.893002818929366,0.752871032926105,10.907742129517143
17902.2,2.8906488460621,0.752871032926105,10.906532562542349
17904.2,2.8878398750354735,0.752871032926105,10.905324184587538
17906.2,2.884624418954089,0.752871032926105,10.904116970624894
17908.2,2.8820045127947487,0.752871032926105,10.902910971149947
17910.2,2.879356544165117,0.752871032926105,10.90170612016027
17912.2,2.876491328085702,0.752871032926105,10.900502412083931
17914.2,2.873843403399759,0.752871032926105,10.899299826326153
17916.2,2.90464531368028,-0.007782739215642647,10.89837888122609
17918.2,2.908874386525587,0.0021822348780466,10.898375922170445
17920.2,2.9113332225069435,0.0021822348780466,10.898372394126595
17922.2,2.913792063570877,0.0021822348780466,10.898368863256685
17924.2,2.9155475590861433,0.0021822348780466,10.898365382755463
17926.2,2.9171964587832546,0.0021822348780466,10.898361847084367
17928.2,2.9191416141693525,0.0021822348780466,10.89835830918048
17930.2,2.9207902989637207,0.0021822348780466,10.898354769311434
17932.2,2.921925147441629,0.0021822348780466,10.898351314441296
17934.2,2.9234380451608777,0.0021822348780466,10.89834805972821
17936.2,2.9248154923777046,0.0021822348780466,10.898344514753264
17938.2,2.9257759368164606,0.0021822348780466,10.898340968231315
17940.2,2.926910790092083,0.0021822348780466,10.898337473511054
17942.2,2.928166814097106,0.0021822348780466,10.898333924203408
17944.2,2.92942284419354,0.0021822348780466,10.898330460527871
17946.2,2.93017941001073,0.0021822348780466,10.898326908627704
17948.2,2.9314354386466035,0.0021822348780466,10.898323726798086
17950.2,2.932138781465705,0.0021822348780466,10.898320185002943
17952.2,2.9329485714179566,0.0021822348780466,10.898316629675078
17954.2,2.934083623607607,0.0021822348780466,10.898313073309536
17956.2,2.934408479489499,0.0007840649884380381,10.898309581680692
17958.2,2.93566451218543,0.0021822348780466,10.898306035804652
17960.2,2.93635311714742,0.0021822348780466,10.898302476378754
17962.2,2.937056461184733,0.0021822348780466,10.89829892853392
17964.2,2.93755592672842,0.0021822348780466,10.898295367331356
17966.2,2.938569591803576,0.0021822348780466,10.898291809761918
17968.2,2.9390837906943066,0.0021822348780466,10.8982882548524
17970.2,2.9400679917269557,0.0021822348780466,10.898284691106362
17972.2,2.9406501483729177,0.0021822348780466,10.898281126591925
17974.2,2.94096047290582,0.0021822348780466,10.89827756132234
17976.2,2.94166382060142,0.0021822348780466,10.898273995368957
17978.2,2.942231236345244,0.0021822348780466,10.898270428691818
17980.2,2.942730706400383,0.0021822348780466,10.898266861284887
17982.2,2.94341931181171,0.0021822348780466,10.898263305692433
17984.2,2.943676411069525,0.0021822348780466,10.898259736885793
17986.2,2.944190613009361,0.0021822348780466,10.898256204935663
17988.2,2.945242764363308,0.0021822348780466,10.898252634859588
17990.2,2.945567826184708,0.0021822348780466,10.898249089253268
17992.2,2.945824929181913,0.0021822348780466,10.89824551792507
17994.2,2.9465814979233103,0.0021822348780466,10.89824194589288
17996.2,2.946891819407648,0.0021822348780466,10.898238373314388
17998.2,2.9473233228414664,0.0021822348780466,10.89823480021974
18000.2,2.94795870671491,0.0021822348780466,10.898231226531468
18002.2,2.948404951737774,0.0021822348780466,10.89822765226295
18004.2,2.9489044139864,0.0021822348780466,10.898224077318181
18006.2,2.9494186156717928,0.0021822348780466,10.898220501944916
18008.2,2.9496609798036,0.0021822348780466,10.898216992173522
18010.2,2.9502284041665,0.0021822348780466,10.898213415836105
18012.2,2.9506066870751,0.0021822348780466,10.898209838999149
18014.2,2.9508490573028596,0.0021822348780466,10.898206261541503
18016.2,2.951499172564009,0.0021822348780466,10.898202683662804
18018.2,2.9517415358009,0.0021822348780466,10.898199142673068
18020.2,2.9523089601638,0.0021822348780466,10.898195588849381
18022.2,2.9524981016181,0.0021822348780466,10.898192009515052
18024.2,2.953065525981,0.0021822348780466,10.89818842968314
18026.2,2.9535797224680627,0.0021822348780466,10.898184849332322
18028.2,2.953511766245756,0.0021822348780466,10.898181268576334
18030.2,2.953958002205048,0.0021822348780466,10.898177687426234
18032.2,2.95445747250151,0.0021822348780466,10.898174105830108
18034.2,2.95457865761539,0.0021822348780466,10.898170523756844
18036.2,2.955267265260232,0.0021822348780466,10.898166941188284
18038.2,2.955214041368399,0.0021822348780466,10.89816335824101
18040.2,2.9557814631296817,0.0021822348780466,10.898159774946917
18042.2,2.956159746605286,0.0021822348780466,10.898156191238906
18044.2,2.95647007215839,0.0021822348780466,10.898152607024718
18046.2,2.9569163109644196,0.0021822348780466,10.898149031474597
18048.2,2.9569842727040956,0.0021822348780466,10.898145475044787
18050.2,2.9575369613705638,0.0021822348780466,10.898141914753694
18052.2,2.9577408344657354,0.0021822348780466,10.89813832903762
18054.2,2.95817234524709,0.0021822348780466,10.898134742896312
18056.2,2.95855062815569,0.0021822348780466,10.898131156421318
18058.2,2.958671812375045,0.0021822348780466,10.898127761358413
18060.2,2.95911805251859,0.0021822348780466,10.89812417409429
18062.2,2.959738703864579,0.0021822348780466,10.89812079093159
18064.2,2.95987461833579,0.0021822348780466,10.898117227985237
18066.2,2.959806665735329,0.0021822348780466,10.898113782218061
18068.2,2.96025290124438,0.0021822348780466,10.898110226617002
18070.2,2.9605632295187996,0.0021822348780466,10.898106659992926
18072.2,2.96082032560728,0.0021822348780466,10.898103277660322
18074.2,2.96100946706158,0.0021822348780466,10.898099687797567
18076.2,2.961508929313289,0.0021822348780466,10.898096252563716
18078.2,2.961887212664449,0.0021822348780466,10.898092686124523
18080.2,2.9619016933278877,0.0021822348780466,10.898089145467463
18082.2,2.96233345724168,0.0021822348780466,10.898085654726463
18084.2,2.9624014182142484,0.0021822348780466,10.89808216369646
18086.2,2.96290088160458,0.0021822348780466,10.89807857179759
18088.2,2.9631047586676713,0.0021822348780466,10.898075064149907
18090.2,2.963589536408232,0.0021822348780466,10.898071579220217
18092.2,2.96384658887608,0.0021822348780466,10.898068011516887
18094.2,2.96389980293488,0.0021822348780466,10.89806488172283
18096.2,2.964346181072298,0.0021822348780466,10.89806131336181
18098.2,2.9644819768139588,0.0021822348780466,10.898057757297764
18100.2,2.96460315469328,0.0021822348780466,10.89805418832915
18102.2,2.964860189728124,0.0021822348780466,10.898050719693082
18104.2,2.9651026535022598,0.0021822348780466,10.898047229221822
18106.2,2.9654276793299137,0.0021822348780466,10.898043776618557
18108.2,2.96554886196478,0.0021822348780466,10.898040181264676
18110.2,2.96573800341908,0.0021822348780466,10.898036598310945
18112.2,2.96611628632767,0.0021822348780466,10.898033002389475
18114.2,2.96649456923627,0.0021822348780466,10.898029481715763
18116.2,2.966751670524883,0.0021822348780466,10.898025977006276
18118.2,2.9669408121039513,0.0021822348780466,10.89802261045243
18120.2,2.967129952538943,0.0021822348780466,10.898019079924454
18122.2,2.967372317117832,0.0021822348780466,10.898015716393276
18124.2,2.9675614595916566,0.0021822348780466,10.898012118738377
18126.2,2.9678865166506543,0.0021822348780466,10.898008533456267
18128.2,2.96800770087067,0.0021822348780466,10.898005169183115
18130.2,2.9682648021584024,0.0021822348780466,10.898001671443593
18132.2,2.96876426668787,0.0021822348780466,10.897998072741778
18134.2,2.96895340814217,0.0021822348780466,10.897994498863138
18136.2,2.96895340814217,0.0021822348780466,10.897990915672423
18138.2,2.96914254959647,0.0021822348780466,10.897987316156732
18140.2,2.96952083250507,0.0021822348780466,10.897983808271741
18142.2,2.9696420140024116,0.0021822348780466,10.897980467492507
18144.2,2.96989911541367,0.0021822348780466,10.897977381942752
18146.2,2.97022417613761,0.0021822348780466,10.89797378130512
18148.2,2.970519764238531,0.0021822348780466,10.897970180385636
18150.2,2.970534498842225,0.0021822348780466,10.897966671115231
18152.2,2.970723639032183,0.0021822348780466,10.897963400646756
18154.2,2.97084482268517,0.0021822348780466,10.897959912339998
18156.2,2.97103396413947,0.0021822348780466,10.89795631044766
18158.2,2.9712910618107222,0.0021822348780466,10.897952783809817
18160.2,2.9717225711373776,0.0007840803925275935,10.897949517319491
18162.2,2.97197967141097,0.0021822348780466,10.897945951484665
18164.2,2.97210085900234,0.0021822348780466,10.897942596231427
18166.2,2.97216881286526,0.0021822348780466,10.897939001166833
18168.2,2.97235795431956,0.0021822348780466,10.897935397695269
18170.2,2.972615054712753,0.0021822348780466,10.897931856995738
18172.2,2.97292537868246,0.0021822348780466,10.897928344865798
18174.2,2.9729933335605137,0.0021822348780466,10.897924857836921
18176.2,2.97311452013676,0.0021822348780466,10.897921253433099
18178.2,2.9736139866968845,0.0021822348780466,10.897917724482664
18180.2,2.9732357043569166,0.0021822348780466,10.897914119582992
18182.2,2.97368194449966,0.0021822348780466,10.897910920178646
18184.2,2.974007001811151,0.0013981647620061669,10.897907351359576
18186.2,2.9741281873666807,0.0021822348780466,10.89790381376623
18188.2,2.974317327680452,0.0021822348780466,10.897900682105194
18190.2,2.9745064672266333,0.0021822348780466,10.897897142793623
18192.2,2.974695607986822,0.0021822348780466,10.897893653732687
18194.2,3.0071311971508545,-0.7630072921432512,10.898106061240924
18196.2,3.0128342255397,-0.750688798048058,10.899360796258222
18198.2,2.9451214537737105,0.9827341153369809,10.900121619660514
18200.2,2.932889457055997,1.00164580902343,10.8984900283452
18202.2,2.926374434517962,0.99946357414538,10.896861168725135
18204.2,2.9204496965461835,1.0004269540405868,10.8952363308412
18206.2,2.914836811862214,1.00164580902343,10.89361411226501
18208.2,2.909056911949754,0.99946357414538,10.891995343812036
18210.2,2.903760944239858,0.99946357414538,10.890378948593192
18212.2,2.8981923599665254,1.00164580902343,10.88876597776874
18214.2,2.8928963974798636,0.99946357414538,10.88715605131545
18216.2,2.936744678749227,0.0021822348780466,10.886600014687856
18218.2,2.93850163399992,0.0021822348780466,10.886596590372601
18220.2,2.9397709496923374,0.0021822348780466,10.886593027173275
18222.2,2.94058218999722,0.0021822348780466,10.88658972813154
18224.2,2.9416896409222786,0.0021822348780466,10.886586215940124
18226.2,2.94228446308591,0.0021822348780466,10.886582686681727
18228.2,2.94323017035741,0.0021822348780466,10.886579206561333
18230.2,2.94360845326601,0.0021822348780466,10.886575829104348
18232.2,2.94436501908321,0.0021822348780466,10.886572542270997
18234.2,2.9449050189334174,0.0021822348780466,10.886569034872092
18236.2,2.9453382130659045,0.0021822348780466,10.886565526687322
18238.2,2.9460399558268695,0.0021822348780466,10.886561980506562
18240.2,2.9464182355837516,0.0021822348780466,10.886558421112452
18242.2,2.94663471653481,0.0021822348780466,10.88655493988621
18244.2,2.94739128235201,0.0021822348780466,10.886551441971873
18246.2,2.94776956526061,0.0021822348780466,10.886547968462414
18248.2,2.9483096496638113,0.0021822348780466,10.886544639205942
18250.2,2.9487152725321,0.0021822348780466,10.886541425593249
18252.2,2.9490662014637787,0.0,10.886538105520186
18254.2,2.9493100457533723,0.0021822348780466,10.886534561188101
18256.2,2.9496609798036,0.0018665502357898924,10.886531256964481
18258.2,2.9500392627122,0.0021822348780466,10.88652769155655
18260.2,2.9504175456208,0.0021822348780466,10.886524265081817
18262.2,2.950930296408803,0.0021822348780466,10.886520688022618
18264.2,2.951281234395419,0.0021822348780466,10.88651717662817
18266.2,2.951174111438,0.0021822348780466,10.886513661349483
18268.2,2.9515523943466,0.0021822348780466,10.886510158194207
18270.2,2.9521198187095,0.0021822348780466,10.88650683356297
18272.2,2.9521744981630302,0.0021822348780466,10.886503254549742
18274.2,2.9524981016181,0.0021822348780466,10.88649976597292
18276.2,2.9526872430724,0.0021822348780466,10.886496236372956
18278.2,2.9532273261206465,0.0018667822414490992,10.886492761806275
18280.2,2.9534164698287024,0.0021822348780466,10.886489267512646
18282.2,2.9536602921163393,0.0021822348780466,10.886485994613583
18284.2,2.9538220917982,0.0021822348780466,10.886482651712452
18286.2,2.95420037470679,0.0021822348780466,10.8864792243852
18288.2,2.954362176431568,0.0021822348780466,10.886475655307153
18290.2,2.95457865761539,0.0021822348780466,10.886472485170422
18292.2,2.9547951426358527,0.00031547861356766706,10.886469294319857
18294.2,2.95495694052399,0.00031552449161822613,10.886465928659993
18296.2,2.95533522343259,0.0021822348780466,10.886462778307461
18298.2,2.9553625615771684,0.0021822348780466,10.886459270575282
18300.2,2.955768183998399,0.0021822348780466,10.886455737387493
18302.2,2.95628093070409,0.0021822348780466,10.886452254025777
18304.2,2.9561191349362126,0.0021822348780466,10.886448707663916
18306.2,2.9564426958223353,0.0021822348780466,10.886445123492464
18308.2,2.9564974121144734,0.0021822348780466,10.886441539095404
18310.2,2.9567138930704124,0.0021822348780466,10.88643795452146
18312.2,2.9570648376044883,0.0021822348780466,10.886434482526099
18314.2,2.9570648397226673,0.0021822348780466,10.886431130301759
18316.2,2.957766629993264,0.0021822348780466,10.886427828187143
18318.2,2.95744311869954,0.0021822348780466,10.8864247592092
18320.2,2.95779406233849,0.0021822348780466,10.886421601760096
18322.2,2.9579558633781646,0.0021822348780466,10.886418078337242
18324.2,2.958334070609538,0.0021822348780466,10.886414608447785
18326.2,2.958388825763797,0.0021822348780466,10.886411213717555
18328.2,2.9590907109739444,0.0021822348780466,10.886407664358645
18330.2,2.95909071255736,0.0021822348780466,10.886404077169795
18332.2,2.95930719397289,0.0021822348780466,10.88640056560231
18334.2,2.959334559136746,0.0021822348780466,10.886396977916453
18336.2,2.95949633542719,0.0021822348780466,10.886393570406272
18338.2,2.95968547688149,0.0021822348780466,10.886390073384218
18340.2,2.9597401558777117,0.0021822348780466,10.886386484985383
18342.2,2.9602255624131653,0.0021822348780466,10.886383189264722
18344.2,2.9600911387349735,0.0021822348780466,10.886379600392932
18346.2,2.9606038469093274,0.0021822348780466,10.886376181791901
18348.2,2.9604967199064482,0.0021822348780466,10.886372592569204
18350.2,2.96100946706158,0.0021822348780466,10.886369015599195
18352.2,2.96119860851588,0.0021822348780466,10.886365476078064
18354.2,2.9612532888877996,0.0021822348780466,10.886362103234735
18356.2,2.96157689142448,0.0021822348780466,10.88635887559252
18358.2,2.961415091971298,0.0021822348780466,10.886355285146664
18360.2,2.96195517433308,0.0021822348780466,10.886351694491765
18362.2,2.9623061186369153,0.0021822348780466,10.88634810359665
18364.2,2.9624679187439176,0.0021822348780466,10.88634451242128
18366.2,2.9624952589642244,0.0021822348780466,10.886340921069577
18368.2,2.962360797428521,0.0021822348780466,10.886337329473061
18370.2,2.963035340435149,0.0021822348780466,10.886333800553718
18372.2,2.96273907874976,0.0021822348780466,10.886330208567928
18374.2,2.963062614667585,0.0021822348780466,10.886326616379677
18376.2,2.963251824328069,0.0021822348780466,10.886323024147025
18378.2,2.96346830596748,0.0021822348780466,10.88631943160437
18380.2,2.96352298317701,0.0021822348780466,10.886315838779707
18382.2,2.963684786251926,0.0021822348780466,10.886312245891572
18384.2,2.964008392184921,0.0021822348780466,10.886308665273079
18386.2,2.9640083928522456,0.0021822348780466,10.886305097038004
18388.2,2.964575818134168,0.0021822348780466,10.88630150343555
18390.2,2.9643866748678533,0.0021822348780466,10.886297909546377
18392.2,2.96460315469328,0.0021822348780466,10.886294315558503
18394.2,2.96479229614758,0.0021822348780466,10.886290721320524
18396.2,2.964657836866951,0.0021822348780466,10.886287126912782
18398.2,2.96495409945576,0.0021822348780466,10.886283595262778
18400.2,2.96535972051048,0.0,10.8862802962553
18402.2,2.9655762012558786,0.0021822348780466,10.88627690408222
18404.2,2.9652253085094586,0.0021822348780466,10.886273463909696
18406.2,2.965765340206497,0.0021822348780466,10.886269909329705
18408.2,2.96573800341908,0.0021822348780466,10.886266326413654
18410.2,3.0026824346149725,-0.750688798048058,10.887260748312134
18412.2,2.864430643426222,2.5008411702415,10.88704591920694
18414.2,2.8391433559225576,2.5008411702415,10.883086055521323
18416.2,2.821488662393347,2.5008411702415,10.879153988337915
18418.2,2.8047805366483716,2.5008411702415,10.87524569396999
18420.2,2.7876324186776094,2.5008411702415,10.87136075410555
18422.2,2.8778082175153945,-0.053626645477973287,10.867813051693425
18424.2,2.8927294020594,0.0021822348780466,10.86781696661924
18426.2,2.933674403863161,-0.750688798048058,10.868695613325652
18428.2,2.94175951468044,-0.750688798048058,10.869920835794739
18430.2,2.8032845904393597,2.00110938316881,10.866929697253278
18432.2,2.787520064201664,2.00110938316881,10.863823502021045
18434.2,2.772766878843743,2.00110938316881,10.860732882686973
18436.2,2.7579948054626384,2.00110938316881,10.857659519136144
18438.2,2.7435350162917898,1.99892714829076,10.854602167819314
18440.2,2.7284886919488325,2.00110938316881,10.851562560867233
18442.2,2.714048027960439,2.00110938316881,10.848537501541022
18444.2,2.699739197572731,2.00110938316881,10.845528454161366
18446.2,2.6855730581169217,2.00110938316881,10.842535095021626
18448.2,2.671577013173753,2.00110938316881,10.839557397250857
18450.2,2.657286468728306,2.00110938316881,10.836595381438988
18452.2,2.6425344613222594,1.99892714829076,10.83365070180074
18454.2,2.626646433579553,2.00110938316881,10.83072318829164
18456.2,2.6103796522042337,2.00110938316881,10.827812217324512
18458.2,2.5922226668532806,2.00110938316881,10.824922053103615
18460.2,2.5737050617114106,2.00110938316881,10.822050545768994
18462.2,2.5535519507501294,2.00110938316881,10.819200501148435
18464.2,2.5327517187412525,2.00110938316881,10.816373295077415
18466.2,2.5109165042533905,2.00110938316881,10.813569763885646
