time,voltage,current,temperature
1.8,4.091019641047126,0.1142857142857142,25.75981587918801
3.8000000000000003,4.0909385216901,0.1142857142857142,25.759538063661353
5.800000000000001,4.0907445276462004,0.1142857142857142,25.75909670062772
7.800000000000001,4.090538157668546,0.1142857142857142,25.758492434969963
9.8,4.089535364310811,0.12635748140810407,25.757725760702627
11.8,4.088445142044752,0.1428571428571428,25.75679710266536
13.8,4.088221470048457,0.1428571428571428,25.755707423530747
15.8,4.088022111750277,0.1428571428571428,25.7544564497347
17.8,4.087776066804942,0.1428571428571428,25.753045262816375
19.8,4.087406316680951,0.1428571428571428,25.7514747007369
21.8,4.086272438687833,0.15818485869263113,25.74974563878986
23.8,4.086807118063216,0.1428571428571428,25.747859040549432
25.8,4.0865405666069465,0.1428571428571428,25.745815957087757
27.8,4.08632814240191,0.1428571428571428,25.743617526122616
29.8,4.086761531033203,0.13272164714813964,25.741264971095884
31.8,4.0870909178308805,0.12513439221474407,25.73875960018273
33.800000000000004,4.087097092756871,0.12381085439065116,25.736102805232097
35.800000000000004,4.087429357368288,0.11440616487441621,25.73329606063863
37.800000000000004,4.0873525079704915,0.1142857142857142,25.730340922146375
39.800000000000004,4.088127174644491,0.09850312551954031,25.72723902558483
41.800000000000004,4.087358490062632,0.11128769017921195,25.72399208553753
43.800000000000004,4.088126386567845,0.09491070280006003,25.720601893944018
45.800000000000004,4.088108074775825,0.09397555827357469,25.717070318635347
47.800000000000004,4.088262227783474,0.08964064659922795,25.713399301804007
49.800000000000004,4.087933134163816,0.09334331710535636,25.709590858408866
51.800000000000004,4.087553249374362,0.09784256259505958,25.70564707451577
53.800000000000004,4.087494719070207,0.09755003877039506,25.701570105574632
55.800000000000004,4.087682662075556,0.09327798679971552,25.69736217463393
57.800000000000004,4.088052965364639,0.0857142857142857,25.69302557049332
59.800000000000004,4.087659938996715,0.09265379256055734,25.68856264579566
61.800000000000004,4.087525521973481,0.09314590203705227,25.683975815059185
63.800000000000004,4.087222089217155,0.0964711909883095,25.679267552651172
65.8,4.08732424919236,0.09214411069281801,25.67444039070418
67.8,4.087265687084835,0.09533233912274156,25.66949691697636
69.8,4.086736492909505,0.10650046147302666,25.664439772656838
71.8,4.086370290798333,0.11230055498143798,25.659271650118068
73.8,4.0866269203774355,0.10585073932731955,25.65399529061628
75.8,4.086926937987553,0.09770738536686961,25.64861348194202
77.80000000000001,4.086232700895841,0.1082766903269833,25.643129056022172
79.80000000000001,4.085776880803765,0.1142857142857142,25.637544886475464
81.80000000000001,4.08563800406475,0.1142857142857142,25.631863886123327
83.80000000000001,4.085509802105176,0.1142857142857142,25.626089004457995
85.80000000000001,4.08551974866893,0.1142857142857142,25.620223225070028
87.80000000000001,4.085536224052705,0.1142857142857142,25.614269563037347
89.80000000000001,4.085573265749735,0.11382844987992893,25.608231062278062
91.80000000000001,4.0870081850187665,0.08571441586063275,25.602110792869478
93.80000000000001,4.086876592164519,0.0857142857142857,25.59591184833556
95.80000000000001,4.08680360567557,0.0857142857142857,25.589637342905647
97.80000000000001,4.086666022699946,0.0857142857142857,25.583290408746723
99.80000000000001,4.086627571640656,0.0857142857142857,25.576874193172195
101.80000000000001,4.08663949636939,0.0857142857142857,25.570391855829715
103.80000000000001,4.086662445671772,0.0857142857142857,25.563846565871188
105.80000000000001,4.0866177337555545,0.0857142857142857,25.55724149910759
107.80000000000001,4.08665859130423,0.0857142857142857,25.55057983515191
109.80000000000001,4.086621448024605,0.0857142857142857,25.54386475455307
111.80000000000001,4.08656447769302,0.0857142857142857,25.53709943592408
113.80000000000001,4.086506000533513,0.0857142857142857,25.530287053067713
115.80000000000001,4.086446836086815,0.0857142857142857,25.52343077210283
117.80000000000001,4.0864422455696845,0.0857142857142857,25.516533748594824
119.80000000000001,4.086466305794427,0.0857142857142857,25.509599124693597
121.80000000000001,4.086530316022029,0.0857142857142857,25.502630026282315
123.80000000000001,4.086615256150919,0.0857142857142857,25.49562956014075
125.80000000000001,4.086661336917841,0.0857142857142857,25.488600811126403
127.80000000000001,4.086662136540573,0.0857142857142857,25.48154683937723
129.8,4.0865740600519205,0.0857142857142857,25.474470677539472
131.8,4.086485558092417,0.0857142857142857,25.46737532802405
133.8,4.086534285682875,0.0857142857142857,25.46026376029542
135.8,4.086474823355552,0.0857142857142857,25.453138908196358
137.8,4.086415008515566,0.0857142857142857,25.44600366731226
139.8,4.086354863031847,0.0857142857142857,25.43886089237877
141.8,4.086338145364461,0.0857142857142857,25.431713394736164
143.8,4.086335634152851,0.0857142857142857,25.424563939834247
145.8,4.086295185371779,0.0857142857142857,25.417415244791236
147.8,4.087207573873402,0.06796272374558357,25.410269976010238
149.8,4.087260531117931,0.06711816512734754,25.403130746856778
151.8,4.087399316867262,0.06494385172341088,25.39600011540088
153.8,4.087394487715681,0.06414773810075308,25.388880582227145
155.8,4.087434570176009,0.06430633420012492,25.381774588315967
157.8,4.087213861171933,0.0682948591227218,25.374684512999487
159.8,4.087486264583864,0.06417633195246542,25.367612671995236
161.8,4.087559600158222,0.06262524042565792,25.36056131552062
163.8,4.087427371250759,0.06500544091897056,25.35353262649136
165.8,4.0875099769460626,0.0631666247256756,25.346528718806876
167.8,4.087404690328321,0.06357565925536775,25.339551635725094
169.8,4.08728027483687,0.06429197238982985,25.332603348329886
171.8,4.08761340336611,0.0571428571428571,25.325685754093325
173.8,4.087615736693497,0.0571428571428571,25.318800675535513
175.8,4.087637301022461,0.0571428571428571,25.311949858984093
177.8,4.0875847287454015,0.0571428571428571,25.305134973435884
179.8,4.087634712352767,0.0571428571428571,25.298357609522448
181.8,4.087683140958525,0.0571428571428571,25.291619278581674
183.8,4.087730097985827,0.0571428571428571,25.28492141183724
185.8,4.086228359645059,0.08570737215376303,25.278265359687083
187.8,4.08674964683952,0.07614718832825366,25.271652391102936
189.8,4.086048793123231,0.08945443291022696,25.265083693141737
191.8,4.084781524412979,0.11239424088469037,25.258560370570123
193.8,4.084465736498711,0.1142857142857142,25.252083445603006
195.8,4.08429405154299,0.1142857142857142,25.24565385775685
197.8,4.084199359483321,0.1142857142857142,25.23927246381822
199.8,4.0841268544692495,0.1142857142857142,25.232940037927936
201.8,4.085399688935656,0.08995120226139519,25.226657271781107
203.8,4.085558695611979,0.08590839129127155,25.22042477494275
205.8,4.083821908829534,0.1142857142857142,25.21424307527905
207.8,4.0835402948607475,0.1142857142857142,25.20811261950364
209.8,4.084930113543751,0.0857142857142857,25.20203377383836
211.8,4.085986233498236,0.0656331564534259,25.19600682478754
213.8,4.084937694160551,0.0857142857142857,25.190031980025
215.8,4.0849171945321325,0.0857142857142857,25.184109369392296
217.8,4.086317942872925,0.06104707462240458,25.17823904600687
219.8,4.084583969385885,0.09436683684041657,25.172420987478603
221.8,4.075168312613285,0.26245297024818515,25.16665509723259
223.8,4.076822903008,0.22945585990537032,25.160941205936602
225.8,4.043414721121769,0.8300878466636648,25.155279073030496
227.8,4.002725102339613,1.5339149642197725,25.14966838835558
229.8,4.077915357481615,0.12253148390701282,25.144108773881076
231.8,4.034854602270484,0.908027990325787,25.138599785524942
233.8,4.076161671832803,0.14038711110302984,25.13314091506622
235.8,4.0760894592314445,0.1431458364676555,25.12773098146274
237.8,4.07704383428417,0.12637215862011766,25.122369410063524
239.8,4.057277310507456,0.49352166676350695,25.117056110165382
241.8,3.9898664222224363,1.679125655574367,25.111790829295753
243.8,4.076368674429036,0.07205269128757813,25.106571883532975
245.8,4.079164030565851,0.028212213137029842,25.10139880336919
247.8,4.082096763760378,-0.010993252806937893,25.096270738028576
249.8,4.099992284220268,-0.32637606546748427,25.091186739510814
251.8,4.098167512388613,-0.2651962135762954,25.086145816800805
253.8,4.082094093825041,0.045040772832697765,25.081146938471722
255.8,4.080022705620563,0.08589447886123559,25.076189035337748
257.8,4.080094520056659,0.0857142857142857,25.071271003151672
259.8,4.0802201348503395,0.0857142857142857,25.066391705342557
261.8,4.080257270763439,0.0857142857142857,25.06154997578868
263.8,4.08035907604735,0.0857142857142857,25.05674462162036
265.8,4.080488660288364,0.0857142857142857,25.05197442604809
267.8,4.08052957540759,0.0857142857142857,25.047238151210475
269.8,4.080495226274394,0.0857142857142857,25.042534076081346
271.8,4.080455457756186,0.0857142857142857,25.037861608600725
273.8,4.080448989674023,0.0857142857142857,25.033219441894904
275.8,4.080616147251178,0.0857142857142857,25.028605928393944
277.8,4.080778710054669,0.0857142857142857,25.024019605890192
279.8,4.080936903110514,0.0857142857142857,25.019459238515534
281.8,4.080985507501654,0.0857142857142857,25.014923575759887
283.8,4.080973378825838,0.0857142857142857,25.010410881607473
285.8,4.080957532572531,0.0857142857142857,25.005920358064714
287.8,4.080965215850716,0.0857142857142857,25.00145070363366
289.8,4.0810505585036,0.0857142857142857,24.99700062618622
291.8,4.081132738943748,0.0857142857142857,24.99256884560154
293.8,4.081183669697001,0.0857142857142857,24.98815409635423
295.8,4.081119065158127,0.0857142857142857,24.983755130048426
297.8,4.051853811511826,0.6145930636869421,24.979370717892984
299.8,4.079492115167028,0.09641817942742066,24.974999653113098
301.8,4.078549446553612,0.1142857142857142,24.970640753293782
303.8,4.062796945005109,0.40006792529353236,24.96629286265099
305.8,4.0362333772606,0.8746492740668825,24.961954266212757
307.8,3.996703454853578,1.5519092879321599,24.957625041630497
309.8,4.062653002151364,0.29196692377487843,24.953303448231043
311.8,4.030961620204763,0.8679085889260558,24.948988697475986
313.8,4.056332272374441,0.39171436846143637,24.94467858778224
315.8,4.069969410602886,0.13608320754008202,24.940373235877058
317.8,4.0692734970989335,0.1516125735916145,24.93607168318364
319.8,4.059095565587126,0.34481806180755886,24.93177364482981
321.8,4.016966651011771,1.0957298838270768,24.927477304855632
323.8,4.012681725386125,1.1372058887173497,24.923182394117198
325.8,4.055738706281433,0.34403734430939226,24.91888816953947
327.8,4.029836064621392,0.805492911188419,24.914593935275796
329.8,4.067300586499166,0.10691061383471998,24.91029904368938
331.8,4.052153054710727,0.3868392225476777,24.906002896220798
333.8,4.051295272121326,0.3970063419353025,24.90170494414042
335.8,4.042472869952008,0.549253224365908,24.897404689184427
337.8,4.056013580144454,0.2983186123779356,24.89310168407329
339.8,4.037771081486982,0.6277306160203978,24.888795532912308
341.8,4.065023276267152,0.0952947153524029,24.884485891473517
343.8,4.0649986121303705,0.10603179463002968,24.880172467358797
345.8,4.064405258143695,0.12453333892918446,24.875855020044487
347.8,4.064977686012112,0.12014215624311515,24.871533360807486
349.8,4.047071950314012,0.45410279754813787,24.867207352533633
351.8,4.0260393258877905,0.8175444392129699,24.86287690940928
353.8,4.0213386615608036,0.8836502835235848,24.85854199649687
355.8,4.062755332579842,0.1201261545755031,24.854202629196287
357.8,4.069195749670672,0.008429698207601172,24.849858199523982
359.8,4.144635693193779,-1.3342363873099676,24.845509959965884
361.8,4.136290866113891,-1.1147555669325298,24.841156723250062
363.8,4.107934635367549,-0.5482290183999985,24.83679931803281
365.8,4.074162004940994,0.0857142857142857,24.83243927580983
367.8,4.074214955345163,0.0857142857142857,24.828075927360853
369.8,4.0662732247651325,0.23461346488899656,24.823709550342752
371.8,3.97752678189737,1.8249814933199253,24.819340528758634
373.8,4.016485973379362,1.0769707950453529,24.814969287193126
375.8,4.011388217423232,1.13699703262498,24.810596289250903
377.8,4.044486696455741,0.5039748716951821,24.806222035910974
379.8,4.063269949996618,0.1616189684969076,24.801847063800565
381.8,4.026184841307524,0.8330371783542546,24.797471943392743
383.8,4.04244274134456,0.531475877641824,24.793097277132198
385.8,4.0631542962006675,0.12866911129559094,24.788723697493598
387.8,4.064502577602605,0.11276800631010644,24.784351864977147
389.8,4.027406179114862,0.7829545548232979,24.779982466046064
391.8,4.000930514005436,1.2361202539867546,24.775616211010806
393.8,4.060286151086025,0.12248050004675165,24.771253831865074
395.8,4.102457535024818,-0.6408923635789799,24.766896080078578
397.8,4.14846203151019,-1.4248184963120762,24.762543724351808
399.8,4.099679195040392,-0.4724799655951805,24.758197548273547
401.8,4.093932382237629,-0.34246346533764677,24.753858348201543
403.8,4.069749891493504,0.11097368163420439,24.749526930842375
405.8,4.071272807597511,0.0869526242537573,24.745204110706787
407.8,4.071458338364954,0.0857142857142857,24.740890708005033
409.8,4.07162984534243,0.0857142857142857,24.736587546202077
411.8,4.071859523240165,0.0857142857142857,24.732295449654142
413.8,4.072247032157846,0.07851052273646325,24.728015241249757
415.8,4.073039821799199,0.06448391671400766,24.723747740060666
417.8,4.073315916222433,0.0623365583494581,24.719493759007932
419.8,4.07321011580329,0.06750463153464814,24.715254102548464
421.8,4.0726157641038725,0.08147282617536111,24.711029564387093
423.8,4.072510386152595,0.0857142857142857,24.70682076704653
425.8,4.072585109186362,0.0857142857142857,24.702628779228718
427.8,4.072654354661294,0.0857142857142857,24.698454065591736
429.8,4.072708342631935,0.0857142857142857,24.694296770861403
431.8,4.072842546629691,0.0857142857142857,24.69015908282149
433.8,4.072973235307042,0.0857142857142857,24.68604039726774
435.8,4.073101040191879,0.0857142857142857,24.68194171043782
437.8,4.073719122519557,0.07430212191735831,24.67786343075437
439.8,4.073751812573353,0.07275771869209222,24.67380660026025
441.8,4.0737716954611285,0.07561380908223253,24.669771697997664
443.8,4.073976142935706,0.07364132450473145,24.665758753493385
445.8,4.0740786173067205,0.07315005459305862,24.661768633813516
447.8,4.073700994367878,0.08129837653121631,24.657801843262757
449.8,4.0740764822905255,0.07549848278481762,24.653858798280442
451.8,4.074016032220624,0.07739145671936415,24.649939875666725
453.8,4.074288982303122,0.07269459649079606,24.64604541126474
455.8,4.073961532388153,0.07897625263988366,24.64217569873425
457.8,4.074064720664696,0.07716439915274936,24.63833098841899
459.8,4.074193111903255,0.07538677399829632,24.63451148630991
461.8,4.046560697202324,0.5783546959540518,24.630717353106196
463.8,4.047395251423961,0.5301550607005676,24.62694870337556
465.8,4.069976243416294,0.11170980754768614,24.62320560481549
467.8,4.076147640030015,1.2495594721247789e-05,24.61948821493482
469.8,4.034406430017356,0.750613505242149,24.615796395850914
471.8,3.989056199212003,1.5444192206391911,24.61213038519863
473.8,3.977784629434876,1.6846125797762233,24.608490469260147
475.8,4.026393642355037,0.732162741391911,24.6048754637687
477.8,4.061445742132011,0.09611737671313753,24.601285862410613
479.8,4.0611783419660545,0.10723641039292771,24.597721211080806
481.8,4.0616470853623206,0.10779864503404114,24.59418150021022
483.8,4.022059574225387,0.827210011524516,24.590665487706524
485.8,4.060754412821788,0.11639160246166608,24.58717329199639
487.8,4.019481028894523,0.8624200936370292,24.583704349526094
489.8,4.017688792264174,0.8658765967816452,24.580259251410457
491.8,4.015325962911955,0.8855036800462803,24.57683620176513
493.8,4.000226319066169,1.1293768472090928,24.57343482014869
495.8,3.992553231147705,1.2286859795537133,24.570053751800046
497.8,4.053278420568454,0.12007404579093114,24.566693561022486
499.8,4.013433306106714,0.853229445321338,24.563352896903375
501.8,4.004328048213862,0.99114374238969,24.560030984258557
503.8,4.051532154913492,0.13786005440603347,24.55672702238349
505.8,4.022029276586736,0.6746188252739946,24.55344017125539
507.8,4.048795639783599,0.17524044138468461,24.550168880054674
509.8,4.052956517374383,0.11198454495101677,24.546913508524884
511.8,4.038535127731149,0.38556704226985417,24.54367198091795
513.8000000000001,4.054130190443354,0.10671018441468427,24.540444326568373
515.8000000000001,4.054718622566807,0.10476764996964032,24.537229036567204
517.8000000000001,4.054381517880016,0.11997016080780072,24.53402506660034
519.8000000000001,4.054503609287283,0.1281524819152314,24.5308313443974
521.8000000000001,4.055887848564694,0.11101265080494332,24.52764677162081
523.8000000000001,4.066740422201459,-0.07883296955540256,24.524470225809516
525.8000000000001,4.057314707722192,0.10478806033346694,24.521300562373455
527.8000000000001,4.057421672124676,0.11114960440697996,24.51813661663471
529.8000000000001,4.057610473953989,0.11508727859371608,24.514977205911382
531.8000000000001,4.058197154209632,0.11053445211485365,24.511821131639937
533.8000000000001,4.058511019862376,0.11161694826416076,24.508667181531994
535.8000000000001,4.105644461596901,-0.7388637260258075,24.505514131761085
537.8000000000001,4.131014283521777,-1.1385832588036393,24.502360749175377
539.8000000000001,4.107766257082736,-0.6702770911159028,24.499205793531818
541.8000000000001,4.068079017465481,0.07264926178430249,24.496048019747455
543.8000000000001,4.0671913587896915,0.08950173503635218,24.492886180163666
545.8000000000001,4.06740832664266,0.0857142857142857,24.48971902681877
547.8000000000001,4.0675026059178405,0.08572764374803743,24.486545313724797
549.8000000000001,3.9951450545527205,1.3835504204897715,24.483363799144072
551.8000000000001,3.964872983638106,1.8674605571279153,24.480173247861227
553.8000000000001,4.007030194776728,1.0502225801580394,24.47697243344642
555.8000000000001,3.9790963021891,1.5279570226982835,24.473760140505465
557.8000000000001,3.9645982547934393,1.733445227719031,24.470535166912722
559.8000000000001,3.96037624841762,1.7508405202479913,24.467297270937905
561.8000000000001,4.016505700305021,0.6757001557059105,24.464044745351025
563.8000000000001,4.006419148472067,0.8537576482684016,24.460776167765395
565.8000000000001,4.006177690023497,0.8397493893556709,24.457491015902665
567.8000000000001,4.045037633466734,0.12213300326205978,24.454188140247012
569.8000000000001,4.044225749688253,0.15028792932123095,24.45086587620983
571.8000000000001,4.045199198795036,0.14556221535092295,24.447523140835262
573.8000000000001,4.045042427373439,0.1595457686838658,24.4441589331569
575.8000000000001,4.030648104264716,0.4246508414940287,24.440772284512146
577.8000000000001,4.030459947544508,0.4319419611049111,24.437362260463626
579.8000000000001,4.031250565530084,0.41338500242471476,24.433927962663354
581.8000000000001,4.031522202961421,0.40856639558330976,24.43046853065687
583.8000000000001,4.032101209793389,0.39801824788210005,24.426983143624536
585.8000000000001,4.032902393034802,0.38174459885201617,24.423471022057406
587.8000000000001,4.032998654349684,0.37951454031952625,24.419931429365178
589.8000000000001,4.032075657717174,0.39562266535958285,24.416363673413958
591.8000000000001,4.03342089627583,0.3699528983098242,24.41276710799171
593.8000000000001,4.033477225818612,0.36940814130171784,24.40914113419926
595.8000000000001,4.033399451477838,0.3692698454791539,24.405485201765153
597.8000000000001,4.033359317134764,0.3701263701874277,24.401798810282713
599.8000000000001,4.027972846197929,0.4727218006211627,24.39808151036772
601.8000000000001,4.027214372270061,0.48021588172863205,24.394332904735357
603.8000000000001,4.026855117323588,0.4826047344300814,24.390552649195424
605.8000000000001,4.027750653622895,0.4589993264906388,24.3867404535647
607.8000000000001,4.025601966138446,0.49407702371246326,24.38289608249571
609.8000000000001,4.063052233131988,-0.19446983143892527,24.379019356221246
611.8000000000001,4.1278772935166055,-1.3205730761969745,24.375110151214233
613.8000000000001,4.122404603789552,-1.1463722643923737,24.371168400762564
615.8000000000001,4.101112233085828,-0.7104786899595614,24.367194095458935
617.8000000000001,4.092992934555522,-0.5253905043585845,24.363187283605594
619.8000000000001,4.073795227290916,-0.15108362674864248,24.35914936754907
621.8000000000001,4.007521397554133,1.0624422699494638,24.35507939304274
623.8000000000001,3.939858167902339,2.2280750954659725,24.35097752753835
625.8000000000001,3.9902824649931024,1.2296785020519678,24.34684406188436
627.8000000000001,3.974563648938654,1.4721906028248901,24.342679346060596
629.8000000000001,3.9717428599531703,1.4721716893494177,24.338483789125135
631.8000000000001,3.970268967073391,1.4471715894794517,24.334257859083813
633.8000000000001,3.982843136570564,1.1766391165552579,24.33000208268321
635.8000000000001,4.03643703889969,0.17278600591424065,24.325717045129135
637.8000000000001,4.030200512972255,0.3037656040414115,24.321403389732072
639.8000000000001,4.024542782874211,0.41025247297112083,24.31706181748153
641.8000000000001,3.9998873660008902,0.8510059839221904,24.312693086551167
643.8000000000001,4.002662693016293,0.7851405572449306,24.308298011737058
645.8000000000001,4.005260002947276,0.719834431802093,24.303877149061414
647.8000000000001,4.01661328274712,0.5108576740143137,24.299431852828697
649.8000000000001,4.069671278641991,-0.44374148903193045,24.29496314893343
651.8000000000001,4.10740292320118,-1.078328104956908,24.290471909817885
653.8000000000001,4.018551733186051,0.5627760754127805,24.285959222540278
655.8000000000001,3.9715087070724553,1.3899620696918042,24.28142622611546
657.8000000000001,4.005406566467919,0.7578538205093739,24.276874110549002
659.8000000000001,3.9981694539627672,0.8706029987605759,24.27230375696156
661.8000000000001,3.9956745704330845,0.9012657333386457,24.267716346104976
663.8000000000001,4.0050258558510174,0.7168628831413574,24.26311363866154
665.8000000000001,3.9747912816957536,1.2577050196709096,24.258497014834663
667.8000000000001,3.9729062982709573,1.2557679750750539,24.253867900237854
669.8000000000001,4.035456751820421,0.11343253093564089,24.249227764467104
671.8000000000001,3.9812622688480475,1.1114227241614492,24.244578119787793
673.8000000000001,4.036314971496413,0.09715634527941301,24.23992052039569
675.8000000000001,4.035693210194548,0.12704073190963217,24.235256560474475
677.8000000000001,4.004574045554291,0.6984358085627811,24.23058787314608
679.8000000000001,3.9915320394699765,0.9231970522451047,24.225916129006137
681.8000000000001,3.97086264717731,1.265862235893959,24.221242404895946
683.8000000000001,3.985309299124294,0.9724590943948218,24.21656898624098
685.8000000000001,4.031489049127182,0.13175563655570438,24.211897675541735
687.8000000000001,4.031949221097695,0.1408714525257185,24.207230275261278
689.8000000000001,4.03305570438288,0.13701767170962395,24.2025686181629
691.8000000000001,4.031939385333398,0.1681499375617961,24.19791456617979
693.8000000000001,4.034611224603676,0.13185601490169147,24.193270008558965
695.8000000000001,4.035392375487859,0.13328486461937128,24.188636860267337
697.8000000000001,4.008956338924789,0.6257316540242343,24.184017061017453
699.8000000000001,3.9781735897181725,1.1683262173450983,24.17941257375035
701.8000000000001,3.964549661414148,1.3787929176161515,24.17482520298411
703.8000000000001,4.031352374474717,0.12688558234324104,24.17025689014697
705.8000000000001,4.031464898159069,0.1416191956674287,24.165709866582983
707.8000000000001,4.019408986617841,0.37634148940457246,24.161186170453032
709.8000000000001,4.032609806189074,0.14325732678511757,24.156687855563206
711.8000000000001,4.114742927688603,-1.3102983528195662,24.1522169899903
713.8000000000001,4.090497639410119,-0.797178552386511,24.147775908435786
715.8000000000001,4.040308004206255,0.14293198646502253,24.14336648401789
717.8000000000001,4.00540056777937,0.7836878169027526,24.13899080886046
719.8000000000001,3.997507973200949,0.8951082157372768,24.13465099648698
721.8000000000001,3.995866979276699,0.9045186431393127,24.130349167742164
723.8000000000001,3.979352874479635,1.1732661326670042,24.1260877040435
725.8000000000001,3.970244500318034,1.3002464168670178,24.121868517408778
727.8000000000001,3.9673135302096814,1.3151261062073012,24.117693732581458
729.8000000000001,3.9653886564996,1.3099876847998102,24.113565488993842
731.8000000000001,4.069895871130847,-0.5931432116185467,24.109485927050724
733.8000000000001,4.030961242829493,0.16013628860454912,24.10545737002928
735.8000000000001,3.9486990158131507,1.6404469419094194,24.10148200320892
737.8000000000001,3.9579199652790447,1.3821252333987002,24.097561742205755
739.8000000000001,3.9119855000124435,2.1692687048576076,24.09369871969512
741.8000000000001,3.9089580903172236,2.152246478657339,24.08989506317203
743.8000000000001,4.001027577138635,0.4585182649491536,24.086152893728027
745.8000000000001,3.9570786950948107,1.2636612461454688,24.082474324836134
747.8000000000001,3.9458992123053123,1.4426755284792399,24.07886146114304
749.8000000000001,4.0481883524353,-0.4154884829790937,24.075316397267255
751.8000000000001,3.8522934259092496,3.1285205149058606,24.07184121660285
753.8000000000001,3.7473747889766447,4.8992235852145765,24.068437990127148
755.8000000000001,3.6463096078971264,6.52681317646468,24.065108775211634
757.8000000000001,3.6355259137038893,6.478842079373119,24.061855614435046
759.8000000000001,3.6371346218686584,6.221165282165894,24.058680534397507
761.8000000000001,3.9472916591329064,0.5041730585719887,24.05558554453456
763.8000000000001,3.930899342917606,0.8443667620883186,24.052572635930446
765.8000000000001,3.9784980481456573,0.05011030056411531,24.049643780129085
767.8000000000001,3.928728874366042,0.9811820096726775,24.046800927942257
769.8000000000001,3.9606992026438466,0.4274779552918652,24.0440460082538
771.8000000000001,3.906432051226035,1.444778919946148,24.041380926819084
773.8000000000001,3.9135226616436296,1.3118715409765014,24.038807565058917
775.8000000000001,3.912514153478539,1.3214672723050274,24.036327778847042
777.8000000000001,3.9133800219905783,1.3032703219724269,24.033943397290855
779.8000000000001,3.914103966385814,1.2847333591005146,24.031656221504452
781.8000000000001,3.829544608609822,2.818703566860854,24.02946802337378
783.8000000000001,3.8475124658773,2.432027866376232,24.027380544313438
785.8000000000001,3.855482181097364,2.23753306434512,24.025395494014845
787.8000000000001,3.7859740288979395,3.4076723607015342,24.023515027940974
789.8000000000001,3.8355323215130777,2.422183286937294,24.021739793971705
791.8000000000001,3.8807629096103033,1.570892286399101,24.020071917557
793.8000000000001,3.9716456388050494,-0.08217763414784049,24.01851296861951
795.8000000000001,4.007750174824161,-0.6612994728766151,24.017064478981837
797.8000000000001,4.0300560967534445,-0.9807079039366329,24.01572794106427
799.8000000000001,4.035641206827282,-0.9724744394933049,24.014505285330923
801.8000000000001,4.0082608563654,-0.38705785506891666,24.0133969268892
803.8000000000001,3.964422642596888,0.470775869377501,24.012404882528426
805.8000000000001,3.940597672612304,0.9235735037908462,24.011531139221447
807.8000000000001,3.9379071278144386,0.9714393078963941,24.010776410042123
809.8000000000001,3.94126850873272,0.9136095137198352,24.010141611842606
811.8000000000001,3.962753113179795,0.5245926922625122,24.009627915613528
813.8000000000001,3.957705082642158,0.6410410407004368,24.00923645717607
815.8000000000001,3.9369343653143405,1.0239562184982665,24.00896832063085
817.8000000000001,3.910817239398186,1.492941059598868,24.008824537068392
819.8000000000001,3.8955977437650278,1.74445780415913,24.00880608328613
821.8000000000001,3.8855067189487964,1.893329689981665,24.008913880513976
823.8000000000001,3.8827819383617745,1.897317889909391,24.00914879315102
825.8000000000001,3.8835318652487456,1.8424904127593638,24.009511627515966
827.8000000000001,3.899950051334392,1.5059195925372755,24.010003130613704
829.8000000000001,3.90346878648527,1.4269046036248874,24.01062398892102
831.8000000000001,3.8835402309872737,1.7735193958493116,24.01137482719408
833.8000000000001,3.874198769670563,1.9087053418921638,24.012256207300783
835.8000000000001,3.8615055556375224,2.1045014314895454,24.013268627080766
837.8000000000001,3.8766281120870896,1.7825778135834323,24.014412519236352
839.8000000000001,3.8944055969184737,1.4365072699202144,24.01568825025737
841.8000000000001,3.89013946510672,1.5055092684200002,24.017096119383098
843.8000000000001,3.870674726240168,1.8449966728837386,24.018636357604578
845.8000000000001,3.8494984651023887,2.2059795668913895,24.02030912671041
847.8000000000001,3.841239562262265,2.3072906282043024,24.022114518379297
849.8000000000001,3.8436752412354886,2.216221384453866,24.02405255332272
851.8000000000001,3.867106047541377,1.7450669530972909,24.026123180480788
853.8000000000001,3.748584769502294,3.9328516352670966,24.028326276274555
855.8000000000001,3.6307643595831554,5.930381911358125,24.030661643918013
857.8000000000001,3.6840523427310052,4.762627442112922,24.03312901279286
859.8000000000001,3.717281032773052,4.012467519386095,24.03572803788911
861.8000000000001,3.7302670857987965,3.679297378360746,24.0384582993146
863.8000000000001,3.7448015510637527,3.3282823037553846,24.041319301876282
865.8000000000001,3.7747486214191173,2.7164436048955096,24.044310474736193
867.8000000000001,3.7871418858337225,2.4573355071987915,24.047431171144705
869.8000000000001,3.79681294645485,2.257113389714879,24.050680668253868
871.8000000000001,3.85383709119773,1.195800937527355,24.054058167013146
873.8000000000001,3.845695960156526,1.3889397538146868,24.05756279215006
875.8000000000001,3.8390562940936803,1.5337266166587908,24.061193592237775
877.8000000000001,3.8461919918292176,1.4146328671353436,24.06494953985189
879.8000000000001,3.876958035260967,0.8615472772583569,24.06882953181806
881.8000000000001,3.898416847008141,0.5208697991656127,24.07283238955233
883.8000000000001,3.899458048260388,0.5636549898959337,24.07695685949567
885.8000000000001,3.9214860006176377,0.21747764070721595,24.08120161364393
887.8000000000001,3.9165078676803655,0.3769225413468866,24.085565250174426
889.8000000000001,3.897184685139089,0.7890429599850155,24.09004629417001
891.8000000000001,3.8849880956193026,1.0394863596440411,24.094643198441332
893.8000000000001,3.8827468377163603,1.1059225820836733,24.0993543444477
895.8000000000001,3.850007542253376,1.7231481542525418,24.104178043316914
897.8000000000001,3.8693334508354695,1.3565485865990439,24.109112536963785
899.8000000000001,3.845526513857715,1.8043499501372697,24.11415599930752
901.8000000000001,3.8352147072446097,1.9675037400500666,24.11930653758704
903.8000000000001,3.846150599245556,1.7378976763974043,24.124562193773816
905.8000000000001,3.859428877082204,1.478696212254636,24.12992094608112
907.8000000000001,3.524820931159039,7.660705379741815,24.135380710568587
909.8000000000001,3.5065384108535667,7.709128579612965,24.14093934284037
911.8000000000001,3.5889905250783243,5.897932480708135,24.146594639835545
913.8000000000001,3.607108552565206,5.374112140454775,24.15234434170847
915.8000000000001,4.037733200004567,-2.7530941981789385,24.158186133797063
917.8000000000001,3.8793487488991154,0.43332428127444444,24.16411764867663
919.8000000000001,3.9909941260936166,-1.5445514662567135,24.1701364682963
921.8000000000001,3.9067191936677204,0.20368189309382018,24.17624012619551
923.8000000000001,3.8507969448472403,1.304469716958727,24.18242610979717
925.8000000000001,3.8345400354140162,1.6176809208672915,24.18869186277409
927.8000000000001,3.9360151682337863,-0.22477566961921308,24.195034787485472
929.8000000000001,3.8453305304007697,1.5372109639749396,24.20145224747916
931.8000000000001,3.829513173608204,1.8278141115528324,24.207941570056242
933.8000000000001,3.90952899540094,0.353664690260174,24.214500048893314
935.8000000000001,3.8687121507120104,1.1669846653868352,24.221124946718536
937.8000000000001,3.842610525444707,1.6524905490509092,24.227813498036532
939.8000000000001,3.7194682502929326,3.930996335310404,24.234562911897886
941.8000000000001,3.945404661187715,-0.34843899668810513,24.241370374708076
943.8000000000001,3.918573526666579,0.24124067049989645,24.248233053071147
945.8000000000001,3.8289149853535247,1.9593458655866756,24.255148096662875
947.8000000000001,3.8024659947095416,2.4100191624466003,24.262112641128375
949.8000000000001,3.799904443208132,2.412204105949413,24.269123208724665
951.8000000000001,3.613409634627061,5.81745149854268,24.27617737754181
953.8000000000001,3.537374543344559,7.008047003605871,24.283271680830723
955.8000000000001,3.5247562623294075,6.986598425563567,24.29040380931901
957.8000000000001,3.5094761264030256,7.031992602142038,24.29757087774062
959.8000000000001,3.88205961381926,-0.16054910783610213,24.304769989078547
961.8000000000001,3.7074975028785864,3.2037874939196915,24.3119982520988
963.8000000000001,3.706474418570969,3.259382344220377,24.31925278420454
965.8000000000001,3.501583909161401,7.010215003967876,24.326530714263033
967.8000000000001,3.8994042532841147,-0.7375704185423287,24.33382918540002
969.8000000000001,3.9524824717360643,-1.5417514675154298,24.341145357755845
971.8000000000001,3.7466184025297413,2.4933154965396573,24.348476411198014
973.8000000000001,3.7474411762973685,2.464086512947221,24.35581954798466
975.8000000000001,3.9801996863468054,-1.8456050562078183,24.36317199537386
977.8000000000001,3.76066662257109,2.4334133994456666,24.37053100817347
979.8000000000001,3.7435667403256256,2.721916483515348,24.377893871226597
981.8000000000001,3.8016734086718356,1.5853795489499094,24.385257901827664
983.8000000000001,3.859013771817307,0.5249858948317822,24.39262045206453
985.8000000000001,3.8143413790136513,1.4485078548629466,24.399978911081927
987.8000000000001,3.8104959751529663,1.5395017352886378,24.407330707262023
989.8000000000001,3.847738549296748,0.8636222097602506,24.414673310317795
991.8000000000001,3.806402289157071,1.6823470660075464,24.422004233295308
993.8000000000001,3.998321450778482,-1.8748712452883598,24.42932103448114
995.8000000000001,4.10105779575866,-3.658950702327758,24.43662131921145
997.8000000000001,4.130900172064108,-3.9491677769768603,24.443902741579414
999.8000000000001,3.9875812958510557,-1.016387044531287,24.45116300603799
1001.8000000000001,3.9904290001967975,-0.9839625850579476,24.458399868895217
1003.8000000000001,3.892456942601101,0.9727299248888513,24.465611139699654
1005.8000000000001,3.8844985730385613,1.1135491501575663,24.47279468251366
1007.8000000000001,3.8678501167299943,1.410697854992917,24.479947881504806
1009.8000000000001,3.926073099812275,0.26571166238573846,24.48706873935188
1011.8000000000001,3.9639558539010955,-0.3783333630979362,24.494156036681613
1013.8000000000001,3.895918777188811,0.9525407838677958,24.501206889686294
1015.8000000000001,3.994739098308812,-0.9523959921896571,24.50822004620616
1017.8000000000001,4.000306564613881,-0.9663703636515611,24.515193722476187
1019.8000000000001,3.5169713036596657,8.240178470336396,24.522126179545115
1021.8000000000001,3.533132569275275,7.616796113897886,24.52901573822156
1023.8000000000001,3.611289779659111,5.783797934504187,24.535860779240604
1025.8,3.699779856749781,3.915300397421349,24.542659743309464
1027.8,3.7340782575047626,3.1197004095490266,24.549411131033636
1029.8,3.805925954188384,1.7187511663037345,24.556113502724422
1031.8,3.784555207632909,2.1135968180799938,24.562765478089513
1033.8,3.785398079007056,2.072102031999074,24.569365735808308
1035.8,3.7857089669852106,2.0466445059156384,24.57591301299424
1037.8,3.7892910186361792,1.9568395549230055,24.582406104546163
1039.8,3.827901619232415,1.2238299033737865,24.588843862391595
1041.8,3.8174405621427963,1.4664031873622647,24.59522519462472
1043.8,3.7806211522820883,2.1772706462239784,24.60154906454207
1045.8,3.858882290756422,0.6943161075661506,24.607814489579145
1047.8,3.837030137817207,1.1406180863580215,24.61402054015203
1049.8,3.9012256244458787,-0.037870376190854566,24.62016633840713
1051.8,3.843781713760937,1.1268356919611953,24.626251056883376
1053.8,3.9282846537184724,-0.44210903777473787,24.632272621076382
1055.8,3.7682175277226237,2.684694273140035,24.63823141881104
1057.8,3.7593067889211222,2.786378995017072,24.64412682052699
1059.8,3.9164460253570925,-0.25412468587732884,24.649958176004034
1061.8,3.862188970349254,0.8749838193571445,24.65572487690397
1063.8,3.918900133952197,-0.20370402970489407,24.66142635495871
1065.8,3.924396574044165,-0.273597033319783,24.667062080100667
1067.8,3.9641910715361157,-0.9567589014654068,24.672631558540846
1069.8,3.9070425346379967,0.24612918615008475,24.678134330799313
1071.8,3.8294004635793777,1.767351102316419,24.683570580376347
1073.8,3.8230526803543667,1.8464517238146714,24.688938872768407
1075.8,3.8280942683099664,1.7129069352067445,24.69423964247638
1077.8,3.8259060803543634,1.719807866641765,24.699471861594372
1079.8,3.802768624083292,2.125105595514649,24.704635910069715
1081.8,3.9350641277733884,-0.3986240148606531,24.70973107888599
1083.8,3.963439697714984,-0.896831715180417,24.71475766595554
1085.8,3.9657431708736386,-0.8630412914765792,24.719714829259765
1087.8,4.04722758851613,-2.2992943630316374,24.724602279373162
1089.8,4.076217637506399,-2.694404392845012,24.729419791404812
1091.8,3.9886644455736175,-0.8580679568405555,24.734167151084588
1093.8,4.03451558976839,-1.6490480006402886,24.73884415265713
1095.8,3.9893096352850614,-0.6542141266013876,24.743450596793643
1097.8,3.937480622591017,0.36837671740014993,24.74798628852609
1099.8,3.9182580003927994,0.7394964976653903,24.752451035208676
1101.8,4.003733731550718,-0.9511741264033605,24.756844644510675
1103.8,3.8842456980506643,1.4192544239615186,24.76116692244556
1105.8,3.8660401044881865,1.7164352411722439,24.765417671440023
1107.8,3.9516083145873275,-0.022045617094601067,24.769596688447404
1109.8,3.9415134528495206,0.23707116142608922,24.773703763109264
1111.8,3.8839146537511287,1.3400451136430398,24.777738675968603
1113.8,3.928795738453289,0.4446236205664844,24.781701196738666
1115.8,3.8973123412786173,1.0476586064557896,24.785591082630365
1117.8,3.883164152807895,1.2913657872708009,24.78940807674158
1119.8,3.915382989957008,0.637518387034526,24.793151906511394
1121.8,3.9503090971759414,-0.012780299092421971,24.796822282241934
1123.8,3.9199337227708138,0.6122288609627293,24.800418895690527
1125.8,3.8829788759696457,1.3049548472920205,24.80394141873444
1127.8,3.9372717730021014,0.17915253025150343,24.807389502110556
1129.8,3.8706178024522977,1.4910206780827415,24.810762774231776
1131.8,3.9324053962914296,0.22908848788800296,24.814060840082217
1133.8,3.8724658103342504,1.4099877815090316,24.81728328019265
1135.8,3.838507216620396,2.01563484800292,24.820429649697612
1137.8,3.8266139846654417,2.1665940799070293,24.8234994774754
1139.8,3.974687892495186,-0.7100829116691296,24.826492265372174
1141.8,3.973346003357872,-0.6099844268264641,24.829407487510835
1143.8,3.841895524331474,1.9759915939528627,24.832244589685246
1145.8,3.837534091145891,1.9902975990736835,24.83500298884076
1147.8,3.8355502159238295,1.9643165118900343,24.837682072640952
1149.8,3.8338896876219435,1.9299868082187532,24.840281199120646
1151.8,3.832234200242338,1.9048039929825864,24.842799696425878
1153.8,3.8370793026400825,1.7547701477797848,24.845236862639883
1155.8,3.864463053524707,1.194963302365235,24.84759196569515
1157.8,3.864872380551455,1.1669523755606925,24.849864691230717
1159.8,3.8645144618388803,1.1662708381767084,24.85205447945781
1161.8,3.8640256902332966,1.1585519669766413,24.854160298058027
1163.8,3.8612003399676986,1.2057229463816932,24.856181204758396
1165.8,3.8606049826762283,1.196607757687664,24.8581155984151
1167.8,3.8679967414919454,1.0427555130710486,24.859962239955905
1169.8,3.884232699136614,0.7231708996197139,24.861720916125723
1171.8,3.9035978764995205,0.3663916148582338,24.863390662327326
1173.8,3.910462476447861,0.2640900135305056,24.864970486989893
1175.8,3.9181222292312903,0.14785333485301377,24.86645937229874
1177.8,3.920013317131949,0.1484444176938994,24.867856274999877
1179.8,3.9217157764236954,0.15389290654740315,24.86915991440018
1181.8,3.910487541991697,0.4078865801961088,24.870369161301547
1183.8,3.889827874367278,0.8180247094441145,24.871483167010812
1185.8,3.8766024793951055,1.066554760573276,24.872500797442985
1187.8,3.862735632623163,1.3176823321518112,24.873420898289947
1189.8,3.8639999045607625,1.2627137498785943,24.874242296247974
1191.8,3.8680497566888277,1.164723570882563,24.874963800308098
1193.8,3.867029856301498,1.1664553042673143,24.875584203107206
1195.8,3.8601645487899847,1.2829918154252555,24.876102282338014
1197.8,3.8388983819995803,1.65107659328179,24.8765168022157
1199.8,3.8438496250071803,1.519002581583393,24.876826514999312
1201.8,3.8488392435168106,1.3882165254616696,24.877030162565525
1203.8,3.8519246986779287,1.2991628468945857,24.877126478032903
1205.8,3.8544281090377557,1.2322072918470008,24.87711418743433
1207.8,3.8561146806391635,1.190922031101113,24.876992011435362
1209.8,3.8550845209309315,1.1925551764667688,24.87675866709649
1211.8,3.854974841200391,1.1861894036852905,24.876412869676816
1213.8,3.854139566436455,1.190338984383537,24.875953334477103
1215.8,3.849103316469187,1.2717569261435848,24.8753787787197
1217.8,3.778677963234479,2.6461341170672323,24.874687923463355
1219.8,3.8482906172937885,1.1820512438933661,24.87387949555015
1221.8,3.8488426303447754,1.1675636871254533,24.872952229582594
1223.8,3.847388655701359,1.1829622985542307,24.871905001856057
1225.8,3.8469538988989926,1.1868492608658165,24.870736308568183
1227.8,3.8450073424579427,1.216520933870077,24.86944503333831
1229.8000000000002,3.8464185696918975,1.1778071099425886,24.86803069732399
1231.8000000000002,3.847886984559647,1.1487754046532124,24.866490811878798
1233.8000000000002,3.8485678374405214,1.1285287444881436,24.8648250054073
1235.8000000000002,3.846972427875381,1.154916545238784,24.86303191039445
1237.8000000000002,3.844545758600601,1.1964470498821749,24.861110489671194
1239.8000000000002,3.8452958813081137,1.1753547696758324,24.859059959625828
1241.8000000000002,3.8451834411135253,1.1704242966504257,24.856878420115663
1243.8000000000002,3.84591133451518,1.148363292678773,24.85456518143077
1245.8000000000002,3.8441242354491725,1.1766920157169631,24.852119715058915
1247.8000000000002,3.842119392822144,1.2135808438551363,24.84954053278143
1249.8000000000002,3.842882948971715,1.1848160481394958,24.846826701927046
1251.8000000000002,3.840442256084447,1.2264757269460786,24.8439773288056
1253.8000000000002,3.8386466622823288,1.2490130933117916,24.840991560851847
1255.8000000000002,3.8362612547684773,1.2827355964673597,24.837868588754407
1257.8000000000002,3.834723783407503,1.2999893974968193,24.834607648566923
1259.8000000000002,3.8313509593473554,1.3586606858116446,24.831208023798737
1261.8000000000002,3.943777840201024,-0.8798792920237741,24.82766904748222
1263.8000000000002,3.957830803817402,-1.03355440620383,24.82399010421397
1265.8000000000002,3.915918068026405,-0.10010399628946995,24.820170632166736
1267.8000000000002,3.8421010727477265,1.359698598098253,24.81621012506955
1269.8000000000002,3.8243917529051754,1.6701205232293388,24.81210799275875
1271.8000000000002,3.8308383474362038,1.4862654712017158,24.807863998213733
1273.8000000000002,3.8011239588346664,2.053880364960407,24.803477028485574
1275.8000000000002,3.866772327474993,0.7028275005169521,24.798947788231096
1277.8000000000002,3.828497907362164,1.4559900365883567,24.794275655663153
1279.8000000000002,3.8267562980861958,1.459221188096614,24.78946063056508
1281.8000000000002,3.825425412819689,1.4576646202482706,24.784502806560056
1283.8000000000002,3.8569063699991037,0.8132081777573579,24.779402197529176
1285.8000000000002,3.8540483888954653,0.9584844247440221,24.774158873955564
1287.8000000000002,3.8226944427038303,1.5426695229752634,24.768772979651157
1289.8000000000002,3.796175134151093,2.0303907758667985,24.763244733162527
1291.8000000000002,3.8026438600846384,1.8484831964255484,24.757574429110104
1293.8000000000002,3.806459446443755,1.732247516134364,24.751762439457757
1295.8000000000002,3.8085503156031986,1.6598097788329764,24.745809214709872
1297.8000000000002,3.812688758788684,1.5421513942897773,24.739715285032798
1299.8000000000002,3.8160350105077296,1.457142857142857,24.733481261298007
1301.8000000000002,3.8241823608117214,1.2788526811444183,24.727107836043864
1303.8000000000002,3.833988839065134,1.0804692608957553,24.720595784353577
1305.8000000000002,3.835064306306358,1.0658683451537212,24.713945964646307
1307.8000000000002,3.839505924828296,0.9802269588530913,24.707159766081148
1309.8000000000002,3.843366819825531,0.9063345102683172,24.70023747692355
1311.8000000000002,3.846957944311021,0.8458656620796897,24.693180747082863
1313.8000000000002,3.9323213553594076,-0.8002346371194554,24.685990098787876
1315.8000000000002,3.9628352132946913,-1.2799167287241078,24.678667200233768
1317.8000000000002,3.91676603093559,-0.2606097232316631,24.67121347255061
1319.8000000000002,3.899108484538982,0.1434376793004395,24.663630371472138
1321.8000000000002,3.9022646316568803,0.11718052441725565,24.65591943900727
1323.8000000000002,3.89998671051427,0.1952929211585712,24.64808230334421
1325.8000000000002,3.889600915899702,0.42229152336805603,24.640120678646657
1327.8000000000002,3.8881929991822246,0.4668134417987233,24.632036364740674
1329.8000000000002,3.9230862755922034,-0.19348405649467587,24.623831246691005
1331.8000000000002,3.9130687676242872,0.05085499821611755,24.6155072942658
1333.8000000000002,3.8965797178900985,0.399506577793005,24.607067855717784
1335.8000000000002,3.8849347619974415,0.6338365337798403,24.598513952361582
1337.8000000000002,3.873075046991896,0.8647701015848518,24.589847746708553
1339.8000000000002,3.8740828317081566,0.8285844635459085,24.581071549075652
1341.8000000000002,3.8727186020108535,0.8506373426203836,24.572187750766663
1343.8000000000002,3.869928391999753,0.8930027759617367,24.56319882289653
1345.8000000000002,3.869598952373591,0.8819133528935003,24.55410731510429
1347.8000000000002,3.885452841968537,0.565169837173279,24.54491585415478
1349.8000000000002,3.901824525091485,0.2646649927197009,24.53562714243034
1351.8000000000002,3.8697652787793784,0.8957744792001253,24.52624395631317
1353.8000000000002,3.8337169343208237,1.570139662530349,24.51676914445987
1355.8000000000002,3.8382033041940944,1.4327369912513106,24.50720562596949
1357.8000000000002,3.823435439051204,1.6677482346619472,24.497556388446732
1359.8000000000002,3.8274278000874156,1.5458726134182958,24.48782448596243
1361.8000000000002,3.83052095530805,1.4437971422034175,24.478011978287977
1363.8000000000002,3.8506203549135276,1.01470737647402,24.468122984478388
1365.8000000000002,3.860885017863876,0.8099518020793846,24.458160956348348
1367.8000000000002,3.8395880170374834,1.2152444685592416,24.4481291847535
1369.8000000000002,3.7964272245130743,2.023382574733454,24.43803101581541
1371.8000000000002,3.7662632875328033,2.540266825716974,24.427869848288804
1373.8000000000002,3.6852690063640114,3.9401777585380287,24.417649130847273
1375.8000000000002,3.7178840340467403,3.149505166010216,24.40737235929079
1377.8000000000002,3.7486158096169744,2.446382721035669,24.39704307367888
1379.8000000000002,3.7711341836382197,1.9505504345892117,24.386664855393526
1381.8000000000002,3.7893881187904803,1.5567239964040687,24.376241324135805
1383.8000000000002,3.803016010631515,1.2783058818198092,24.36577613486068
1385.8000000000002,3.818189069488403,0.9896734375353812,24.355272974654515
1387.8000000000002,3.8571729948262616,0.26004262111533166,24.34473555955986
1389.8000000000002,3.873533394784228,0.005785533995877919,24.334167631352468
1391.8000000000002,3.6199936046341183,4.882433000828896,24.32357295427543
1393.8000000000002,3.925589506487344,-1.2305959877821129,24.312955311735653
1395.8000000000002,3.9200285525221137,-0.9883701117861752,24.30231850296784
1397.8000000000002,3.9917207731991744,-2.2132964311696934,24.29166633967124
1399.8000000000002,3.9825412317398676,-1.8437728874164043,24.28100264262498
1401.8000000000002,3.9432321030149633,-0.9311501845666911,24.270331238286957
1403.8000000000002,3.8694996941141633,0.5845291281785473,24.259655955382506
1405.8000000000002,3.8465243072721145,1.0306296505673942,24.2489806214881
1407.8000000000002,3.8508064622399427,0.9363619281409762,24.238309059616057
1409.8000000000002,3.8589669050772573,0.765342173866325,24.227645084805882
1411.8000000000002,3.853692702295055,0.8731486846837812,24.21699250072813
1413.8000000000002,3.8298879753794863,1.310850453590292,24.20635509630658
1415.8000000000002,3.849785106022497,0.8977730678857778,24.19573664236453
1417.8000000000002,3.884905927659022,0.22136102905519522,24.18514088830084
1419.8000000000002,3.9060576560378584,-0.14959816816652619,24.174570980172152
1421.8000000000002,3.89221805241618,0.16632998820582082,24.164030556124988
1423.8000000000002,3.857721072030728,0.8533545080026639,24.153524013174284
1425.8000000000002,3.813456420902379,1.678107807088713,24.14305497568961
1427.8000000000002,3.8015441122624094,1.8465638830295101,24.13262703111335
1429.8000000000002,3.8015103619947475,1.7872695417248121,24.12224372690523
1431.8000000000002,3.840313601896144,0.9950729786301385,24.111908567556927
1433.8000000000002,3.8520114647652473,0.7615815621606195,24.10162501168182
1435.8000000000002,3.8380037057342826,1.0293449236704053,24.091396469184808
1437.8000000000002,3.837859978866005,1.0105775624854199,24.08122629851685
1439.8000000000002,3.8690119523643176,0.40838129338977347,24.07111780401865
1441.8000000000002,3.8952667795052003,-0.06653731029125512,24.06107423335816
1443.8000000000002,3.899278106774269,-0.09504571857501853,24.05109877506562
1445.8000000000002,3.8884647994459582,0.15764133724864385,24.0411946992063
1447.8000000000002,3.8501624160931907,0.9171113688986564,24.031365067051777
1449.8000000000002,3.8366564585634038,1.1623884283058237,24.021612431908526
1451.8000000000002,3.839303023900912,1.0898585801606693,24.011939238545448
1453.8000000000002,3.848337449510015,0.9000334690862438,24.002349050357896
1455.8000000000002,3.8530491074823248,0.7983267990918037,23.992844690696366
1457.8000000000002,3.881896160500159,0.24867869939295298,23.98342887018198
1459.8000000000002,3.899063197286927,-0.05142724321362228,23.9741042242775
1461.8000000000002,3.9091722740920543,-0.19558906200263645,23.964874020739575
1463.8000000000002,3.9122639989580317,-0.20810365728391345,23.955739990674974
1465.8000000000002,3.914280909343171,-0.19685193263116574,23.94670450162662
1467.8000000000002,3.8855504297930143,0.38975254764342543,23.937769880550682
1469.8000000000002,3.838320395238045,1.280454054028774,23.928938373183946
1471.8000000000002,3.836016772436045,1.283586720034698,23.920211906257045
1473.8000000000002,3.877440970657884,0.45456757880980886,23.91159247713692
1475.8000000000002,3.873925013933261,0.5310042748148135,23.903082355914147
1477.8000000000002,3.8676648370289706,0.6578600547864536,23.894683451957164
1479.8000000000002,3.867395160807349,0.6549091402002684,23.88639758997604
1481.8000000000002,3.8878759636166027,0.2607287689794363,23.87822679143757
1483.8000000000002,3.8979235731103903,0.08862112238344635,23.870172740248343
1485.8000000000002,3.896485327471775,0.15108312065657897,23.862236651485293
1487.8000000000002,3.880175310073567,0.4780247612476062,23.85442001469307
1489.8000000000002,3.8549412322083656,0.9621939481500935,23.84672423534392
1491.8000000000002,3.8586234771246586,0.8657664254468996,23.839150634609943
1493.8000000000002,3.8776972419091646,0.4891867280183813,23.83170014025893
1495.8000000000002,3.8685841389995286,0.6644388677576692,23.824374175088895
1497.8000000000002,3.853288538259676,0.946910572959012,23.81717382553321
1499.8000000000002,3.8516254482861085,0.9585460539274391,23.81010008095896
1501.8000000000002,3.8570047646125944,0.8398295582610191,23.803153850555457
1503.8000000000002,3.9117665606432626,-0.19631636871649066,23.796336417844895
1505.8000000000002,3.907181860732249,-0.056012284521256325,23.78964820071016
1507.8000000000002,3.887668686958781,0.34639450981129327,23.783089745798
1509.8000000000002,3.8402923488112966,1.2438185178322927,23.776661655372415
1511.8000000000002,3.8249269109123656,1.4925493932460003,23.770364457365964
1513.8000000000002,3.8390291846611415,1.1699345261970509,23.764198589324444
1515.8000000000002,3.865146143136199,0.6541368588905887,23.758164457015795
1517.8000000000002,3.8490252562664145,0.9533128461057597,23.75226240663859
1519.8000000000002,3.845275944633134,1.0033795576402664,23.7464926829935
1521.8000000000002,3.8490032216512753,0.915417803790822,23.740855464886334
1523.8000000000002,3.8649835352569633,0.5922860317860685,23.735350974245474
1525.8000000000002,3.892358644345423,0.08455104573766813,23.729979314248382
1527.8000000000002,3.8316539526555817,1.2291652682734313,23.724740354561764
1529.8000000000002,3.8632722725257147,0.608103688458623,23.719634025581666
1531.8000000000002,3.8592219389571154,0.6866682552523194,23.714660200494215
1533.8000000000002,3.8376360050122997,1.0883328283172349,23.709818696587043
1535.8000000000002,3.838867307402985,1.040330067199778,23.70510891898296
1537.8000000000002,3.8597198092986438,0.6316783744626414,23.70053096963567
1539.8000000000002,3.8690711863405736,0.46123233943258074,23.696084527115964
1541.8000000000002,3.8783147342129585,0.3018024646992567,23.691769201093653
1543.8000000000002,3.89240198666546,0.05465249007806351,23.68758455507953
1545.8000000000002,3.89914446581837,-0.03591710361360475,23.683530108221657
1547.8000000000002,3.899178650037811,0.0028190235472372563,23.67960533708142
1549.8000000000002,3.89279521236162,0.15581947696424087,23.67580967738463
1551.8000000000002,3.9189007722078686,-0.3108338060870674,23.672142525743165
1553.8000000000002,3.8141775626307393,1.6794820980838132,23.668603241342435
1555.8000000000002,3.8121362064478648,1.6528077657271674,23.66519114759066
1557.8000000000002,3.820709917790549,1.4262477532105875,23.66190553372574
1559.8000000000002,3.8516428887439162,0.8042999350985421,23.658745656376066
1561.8000000000002,3.8663862667708213,0.5224370236472584,23.6557107410715
1563.8000000000002,3.862090224005797,0.6089892663923162,23.652799983701307
1565.8000000000002,3.8467225374654017,0.9044336694689291,23.65001255191608
1567.8000000000002,3.8549234087740514,0.7339518754583877,23.647347586470584
1569.8000000000002,3.860468705214246,0.6252814460164089,23.64480420250521
1571.8000000000002,3.8744178974408885,0.36659708124734214,23.642381691923315
1573.8000000000002,3.8937330257685536,0.018277472746529154,23.64008005589192
1575.8000000000002,3.8967091804128646,-0.0007757953329319747,23.637897362053554
1577.8000000000002,3.8897123011382995,0.17024725139528793,23.635832600616865
1579.8000000000002,3.8223584862943714,1.460451111246444,23.633884785037324
1581.8000000000002,3.818485260046618,1.4753047606541483,23.632052910114805
1583.8000000000002,3.836994228047274,1.0907079493495542,23.63033595284048
1585.8000000000002,3.8379570966711074,1.0381877716340118,23.628732863846786
1587.8000000000002,3.8458238886121383,0.8675989363953831,23.627241307561807
1589.8000000000002,3.5991735603880373,5.443623543472297,23.62586132424461
1591.8000000000002,3.5365116144197146,6.35733596949049,23.624591881313425
1593.8000000000002,3.506702203466903,6.60184737040258,23.623431867675333
1595.8000000000002,3.714273254248511,2.3848727171865183,23.622380157426896
1597.8000000000002,3.724346777849632,2.153617351017661,23.621436906208952
1599.8000000000002,3.7209918901424155,2.171090351638276,23.6205998406106
1601.8000000000002,3.7219829450134254,2.104033564291976,23.6198677365254
1603.8000000000002,3.7291687525057053,1.9351157032314232,23.619239420939092
1605.8000000000002,3.638735105013906,3.586691239125615,23.618713707780145
1607.8000000000002,3.6246024658572944,3.735738235802873,23.618289398011306
1609.8000000000002,3.834700825475403,-0.35197750422132323,23.61796527967391
1611.8000000000002,3.953709680944981,-2.467885356846464,23.617740127888467
1613.8000000000002,3.6288681934293816,3.8784317218057773,23.617612704815087
1615.8000000000002,3.991982067826664,-3.0632556624267058,23.617581759577735
1617.8000000000002,3.8258470983016424,0.21809136472585733,23.61764602815627
1619.8000000000002,3.9492835716109442,-1.9895038691446398,23.61780423325035
1621.8000000000002,3.900815367447013,-0.8939449529253758,23.61805508411964
1623.8000000000002,3.9049301978080018,-0.8591843822676679,23.61839727640466
1625.8000000000002,3.810946447875915,1.0288668485935206,23.618829491932793
1627.8000000000002,3.8319973691149234,0.6044456250727936,23.61935039851411
1629.8000000000002,3.830730143989646,0.6483630839546591,23.61995864973165
1631.8000000000002,3.818819289238963,0.8831804474946453,23.620652884730774
1633.8000000000002,3.8143908779302587,0.962639209726678,23.62143172801254
1635.8000000000002,3.8093576572943513,1.0504804691273801,23.622293789235655
1637.8000000000002,3.8144306449377536,0.9390368370648081,23.62323766303173
1639.8000000000002,3.8343064467474317,0.5685371263143744,23.624261928838692
1641.8000000000002,3.830412870766874,0.6580780825115362,23.625365150756966
1643.8000000000002,3.81257759488475,0.997183115714461,23.62654587743272
1645.8000000000002,3.829491714384822,0.6760778352903707,23.627802641973165
1647.8000000000002,3.8151713997597163,0.9452735945221744,23.62913396189781
1649.8000000000002,3.817393784775866,0.8946437538630451,23.630538339130215
1651.8000000000002,3.8338744447481656,0.5831051668531932,23.63201426003429
1653.8000000000002,3.8655942639782284,0.0010041596416525758,23.63356019549897
1655.8000000000002,3.859485264560107,0.1675581336968574,23.635174601075203
1657.8000000000002,3.8479666436568283,0.41640131832659044,23.636855917168734
1659.8000000000002,3.8425422408295415,0.5347349486435962,23.638602569292
1661.8000000000002,3.839514031844377,0.6033829465676654,23.640412968378396
1663.8000000000002,3.8406920784657235,0.5850111691335843,23.642285511161667
1665.8000000000002,3.8450663347962606,0.5073159145515522,23.6442185806232
1667.8000000000002,3.8490197199095344,0.4503820290135959,23.646210546509423
1669.8000000000002,3.851989590264582,0.4068611598532685,23.648259765921548
1671.8000000000002,3.853075261260565,0.4014368181774779,23.65036458397944
1673.8000000000002,3.949122597683529,-1.3910030759237877,23.652523334560946
1675.8000000000002,3.937645376796407,-1.0455846379581606,23.654734341118136
1677.8000000000002,3.919702532011694,-0.6151577628266638,23.65699591757109
1679.8000000000002,3.8891064759994354,0.02378713479301978,23.659306369279935
1681.8000000000002,3.8297999533132407,1.1672553192911808,23.66166399409528
1683.8000000000002,3.871274003294367,0.3128138288161307,23.664067083486962
1685.8000000000002,3.800866938914379,1.690677418237554,23.666513923750614
1687.8000000000002,3.8072678991298092,1.4964044104956562,23.669002797291338
1689.8000000000002,3.830810042426684,0.9836878912525763,23.671531983983254
1691.8000000000002,3.8327921574106343,0.9243272663921324,23.674099762603582
1693.8000000000002,3.8472868270560356,0.6327905081049764,23.676704412339273
1695.8000000000002,3.8409929311692736,0.7437867962703886,23.67934421436424
1697.8000000000002,3.8391479460644073,0.768039079635402,23.682017453484576
1699.8000000000002,3.8424696207315554,0.7018327143093918,23.684722419849045
1701.8000000000002,3.8258867357324178,1.0013070586285144,23.68745741072164
1703.8000000000002,3.8167485928656735,1.1533229999299344,23.690220732312888
1705.8000000000002,3.784458873474301,1.7343222576164348,23.693010701666047
1707.8000000000002,3.7697257655421645,1.941588247016174,23.695825648594294
1709.8000000000002,3.7855857927612653,1.5719714290439888,23.69866391766453
1711.8000000000002,3.808131240113292,1.1052068172867322,23.701523870223166
1713.8000000000002,3.801451776180254,1.2162156385733853,23.70440388645922
1715.8000000000002,3.787233744864277,1.456380441593881,23.707302367499516
1717.8000000000002,3.7803408435844243,1.5470812701053542,23.710217737530712
1719.8000000000002,3.5306605208321438,6.226212151462986,23.713148445942675
1721.8000000000002,3.502971037352246,6.44136851968395,23.716092969487516
1723.8000000000002,3.641236555052201,3.516873403603843,23.71904981444835
1725.8000000000002,3.7472769124032075,1.4487856848374712,23.722017518811715
1727.8000000000002,3.7971747550760147,0.4892187141718409,23.724994654437662
1729.8000000000002,3.7636758531284835,1.160443862082593,23.72797982922094
1731.8000000000002,3.7580620086975296,1.274371488723072,23.73097168923714
1733.8000000000002,3.810629805058571,0.27699094336048585,23.733968920867177
1735.8000000000002,3.867836674862049,-0.7413710665060133,23.736970252893652
1737.8000000000002,3.804627289596834,0.5738361309332082,23.7399744585625
1739.8000000000002,3.766324498615523,1.3168850646260357,23.742980357603365
1741.8000000000002,3.86080570220635,-0.5067037383522149,23.7459868182022
1743.8000000000002,3.796380990019968,0.800729868696639,23.748992758919446
1745.8000000000002,3.792586723548459,0.8829651475624245,23.751997150547382
1747.8000000000002,3.788500250035972,0.9719598540064857,23.754999017900317
1749.8000000000002,3.8261670143649664,0.2665919667988936,23.757997441531202
1751.8000000000002,3.8067434120385184,0.6708858204543741,23.760992311445385
1753.8000000000002,3.7863461557440408,1.0760210407056263,23.76398233360823
1755.8000000000002,3.801745646418339,0.7671180377930454,23.766966614540724
1757.8000000000002,3.830128742544687,0.23872257838509162,23.769944275274106
1759.8000000000002,3.843145074930071,0.03544802495436615,23.772914704236683
1761.8000000000002,3.856118482414715,-0.16225716051662675,23.775877353575567
1763.8000000000002,3.8688392812584,-0.34800533413259704,23.778831740222792
1765.8000000000002,3.8771727520033306,-0.43395538111663756,23.781777446842092
1767.8000000000002,3.8753213098416985,-0.32993167055487116,23.784714122651877
1769.8000000000002,3.8823335499704106,-0.4046162349579507,23.78764148412043
1771.8000000000002,3.9225985488336725,-1.1084035196481754,23.79055931552948
1773.8000000000002,3.9192372981074657,-0.9406805240076608,23.79346746940269
1775.8000000000002,3.8829917563820504,-0.18354926066624289,23.796365866795963
1777.8000000000002,3.88024328739683,-0.08977094062469741,23.799254497446697
1779.8000000000002,3.8856047582004263,-0.16311152617125463,23.802133419779757
1781.8000000000002,3.8734755681868465,0.09655327106454718,23.80500276076802
1783.8000000000002,3.8534628008305476,0.49193302491294416,23.807862715645836
1785.8000000000002,3.8351949651464654,0.8366018230072826,23.810713547474265
1787.8000000000002,3.8301179030811205,0.9062535614648379,23.813555586557175
1789.8000000000002,3.822698755710276,1.014389609940939,23.81638922970781
1791.8000000000002,3.8071519741469313,1.27161484393645,23.81921493936568
1793.8000000000002,3.8965747696387996,-0.4664841017216738,23.822033242564437
1795.8000000000002,3.8644412517626976,0.18280370449597433,23.82484472975126
1797.8000000000002,3.660265066505107,4.108976545182225,23.82765005345917
1799.8000000000002,3.563422116823845,5.724645684377361,23.830449926833822
1801.8000000000002,3.549671071431774,5.696369791864403,23.833245122016955
1803.8000000000002,3.782248729931114,1.0475974941942263,23.83603646838883
1805.8000000000002,3.7782914393742506,1.1211049686097934,23.838824850672683
1807.8000000000002,3.7760492185676946,1.1550910686501412,23.841611653606407
1809.8000000000002,3.776098037514454,1.1433390904406777,23.84439743284575
1811.8000000000002,3.776846137919793,1.1249821253111678,23.847183341563255
1813.8000000000002,3.7755783366337465,1.1389361221310947,23.849970703249642
1815.8000000000002,3.7756946796643596,1.1300611430744563,23.85276039376203
1817.8000000000002,3.7756604270507284,1.1205910278679025,23.85555338455694
1819.8000000000002,3.7756279131894934,1.1104566650109797,23.858350890031375
1821.8000000000002,3.7755443425637716,1.1086132760206486,23.861154159842417
1823.8000000000002,3.775633045983456,1.0988899377535652,23.863964475988933
1825.8000000000002,3.7747301516870126,1.107430508099859,23.866783149803275
1827.8000000000002,3.7737646105284486,1.1187800872369245,23.869611518859156
1829.8000000000002,3.775384708068567,1.0856046211496497,23.872450943803365
1831.8000000000002,3.773893722370169,1.1055646015198088,23.87530280511811
1833.8000000000002,3.773323477618595,1.1070142018160518,23.8781684998216
1835.8000000000002,3.7722756284598535,1.1245202801643632,23.88104943811458
1837.8000000000002,3.7725802609499404,1.1076057677971953,23.88394703998041
1839.8000000000002,3.7716193506800058,1.1158928516319433,23.8868627317471
1841.8000000000002,3.7714698063466705,1.116855257790317,23.88979794261869
1843.8000000000002,3.7714153766482355,1.1109787189795324,23.89275410118497
1845.8000000000002,3.7707990527890884,1.1156584289204667,23.895732631917255
1847.8000000000002,3.769546182568358,1.1269094005614266,23.89873495165864
1849.8000000000002,3.7681241376182695,1.150955779105647,23.9017624661173
1851.8000000000002,3.7593259994017174,1.316362465407852,23.90481656637109
1853.8000000000002,3.732792067241891,1.7978951521256041,23.907899204021216
1855.8000000000002,3.7170548785735398,2.0551562836348323,23.91101178906534
1857.8000000000002,3.70492729988415,2.2271554352331693,23.914154916507496
1859.8000000000002,3.719643065955222,1.8717630621723405,23.917329891356836
1861.8000000000002,3.9063446178750594,-1.673919922297859,23.92053798650513
1863.8000000000002,3.9600968309058318,-2.5429789517988692,23.92378043950147
1865.8000000000002,3.8817460460356528,-0.844773089362258,23.927058449393364
1867.8000000000002,3.8525433824609205,-0.1853114366475983,23.930373173642206
1869.8000000000002,3.8007802894703415,0.8668919784514356,23.933725725120198
1871.8000000000002,3.790529379478457,1.0367695625859552,23.937117169196195
1873.8000000000002,3.798240658515489,0.8695817260825804,23.940548520917524
1875.8000000000002,3.810164193156066,0.6258335894789805,23.944020321666773
1877.8000000000002,3.8205277194823095,0.43850781744055445,23.947533956473507
1879.8000000000002,3.8338760486139836,0.20188193235076637,23.951090620193092
1881.8000000000002,3.8417147658595425,0.0772285332714287,23.954690711547048
1883.8000000000002,3.85524473673922,-0.1410225164573478,23.95833493561358
1885.8000000000002,3.8499330087819814,0.0033458400070977053,23.962023952800568
1887.8000000000002,3.8512871065343117,0.010606047853977592,23.965758356662302
1889.8000000000002,3.851596985558182,0.036458138107284224,23.969538672066726
1891.8000000000002,3.850300715070128,0.08916168541746047,23.973365353507823
1893.8000000000002,3.7788278611448036,1.452574998709654,23.977238783567167
1895.8000000000002,3.776413147593895,1.4510418131319354,23.98115927152743
1897.8000000000002,3.7738602592595667,1.4462839683922328,23.985127052141348
1899.8000000000002,3.7708567835745463,1.4582144319611063,23.98914228455814
1901.8000000000002,3.7696045952835573,1.4352246312494832,23.993205051409905
1903.8000000000002,3.838648484110088,0.06177222237013009,23.997315358059307
1905.8000000000002,3.8418286130309514,0.03663339882131861,24.001473132010084
1907.8000000000002,3.84144228777845,0.08070992708409483,24.005678222481095
1909.8000000000002,3.819315852484034,0.5423105351644613,24.00993040014435
1911.8000000000002,3.808809907821861,0.7493357760004166,24.014229357027013
1913.8000000000002,3.700033088500302,2.8454881132827654,24.018574706576945
1915.8000000000002,3.6600139737947495,3.478768474374765,24.02296598389113
1917.8000000000002,3.6501548544915883,3.5128509541183894,24.02740264610534
1919.8000000000002,3.767394395776725,1.0853396421090808,24.031884072944145
1921.8000000000002,3.8007953485238746,0.4338843284815326,24.036409567428322
1923.8000000000002,3.762345847599852,1.2230219439700027,24.04097835673799
1925.8000000000002,3.75105337718773,1.4295703557122659,24.04558959322841
1927.8000000000002,3.7430444288426226,1.553537068917552,24.05024235559535
1929.8000000000002,3.73765877140302,1.6227464580814919,24.054935650186398
1931.8000000000002,3.73207877533022,1.6881111169564678,24.059668412454627
1933.8000000000002,3.727207994199055,1.7438490778689717,24.06443950855027
1935.8000000000002,3.726545974074618,1.7119928936074,24.06924773704602
1937.8000000000002,3.7256386879497807,1.6967596772760691,24.074091830791158
1939.8000000000002,3.7270259763078535,1.6288015017035615,24.07897045888954
1941.8000000000002,3.7242746135086486,1.6502759031088865,24.083882228795947
1943.8000000000002,3.722604404427789,1.6562233182757284,24.08882568852554
1945.8000000000002,3.717920556587923,1.7162597457342736,24.093799328970363
1947.8000000000002,3.7151811465447957,1.7372712152731338,24.098801586317098
1949.8000000000002,3.7083991078703007,1.8299220566748893,24.103830844559635
1951.8000000000002,3.7044327130347803,1.8668485896166451,24.108885438100526
1953.8000000000002,3.699298074586843,1.929539771234894,24.11396365443437
1955.8000000000002,3.8009856458471196,-0.013179783601414002,24.119063736906778
1957.8000000000002,3.75796763704489,0.8727116715339447,24.124183887541825
1959.8000000000002,3.7446920786223994,1.1396810069098116,24.12932182946546
1961.8000000000002,3.766089103830423,0.7218711169988202,24.134475680702543
1963.8000000000002,3.7928280405630797,0.22043395353733494,24.139644105429742
1965.8000000000002,3.796888160279309,0.20057204329881878,24.144825160957755
1967.8000000000002,3.7991084638110046,0.20440517248697185,24.150016878822846
1969.8000000000002,3.804523901444881,0.15047121211399617,24.155217267840538
1971.8000000000002,3.7853472040539757,0.5640693865041787,24.160424317181533
1973.8000000000002,3.7904207447539084,0.4821345590185795,24.165635999462747
1975.8000000000002,3.810931008770436,0.10752204118181251,24.170850273846202
1977.8000000000002,3.8179546306610597,0.017329119721691856,24.176065089139268
1979.8000000000002,3.823109366410581,-0.037474132181706546,24.181278386888874
1981.8000000000002,3.8284599998851054,-0.09377512406799567,24.186488516943783
1983.8000000000002,3.8328898035584937,-0.13055762992579434,24.191692945250555
1985.8000000000002,3.818683096907542,0.19467458160679257,24.196889591283284
1987.8000000000002,3.8524305629628124,-0.42293864931974356,24.202076403950844
1989.8000000000002,3.8489494719710247,-0.2904348101312574,24.207251339641036
1991.8000000000002,3.8459487489203066,-0.180897124269838,24.212412365171158
1993.8000000000002,3.8405366935264103,-0.036625083678402365,24.217557460687228
1995.8000000000002,3.8332934884139247,0.13541131878314677,24.222684622506428
1997.8000000000002,3.828704426915932,0.244833713946311,24.227791865897473
1999.8000000000002,3.7994739976113334,0.8168655636999558,24.23287722779398
2001.8000000000002,3.7920960761995843,0.9500080546364059,24.237938769436045
2003.8000000000002,3.774753429056105,1.253351661843401,24.242974578935577
2005.8000000000002,3.755821924140443,1.5750349975668783,24.247982773760977
2007.8000000000002,3.7433194040991022,1.7636506786338453,24.252961503137474
2009.8000000000002,3.750935367308903,1.5493849832478204,24.25790883381058
2011.8000000000002,3.762677546264556,1.2734543059260484,24.262823092252802
2013.8000000000002,3.779729356703474,0.9064721629188994,24.26770135624959
2015.8000000000002,3.788130120148581,0.7361206169553816,24.272542935396256
2017.8000000000002,3.7951701877265167,0.5990868566836757,24.27734622595561
2019.8000000000002,3.8039174710358514,0.4308643992043885,24.282109603467024
2021.8000000000002,3.80229458031363,0.4809627498101375,24.286831488718224
2023.8000000000002,3.7942279885307904,0.6468722656917902,24.291510349316923
2025.8000000000002,3.798522410748303,0.5688858854323133,24.29614470115234
2027.8000000000002,3.9321585499330047,-1.9996361000709226,24.30073310974543
2029.8000000000002,3.928589123299526,-1.7813107777318737,24.305274191486475
2031.8000000000002,4.024320553450755,-3.534633199080671,24.309766614759678
2033.8000000000002,3.9227298088114484,-1.329187083955867,24.314209100954262
2035.8000000000002,3.9401654299231956,-1.5840066453031458,24.318600425361595
2037.8000000000002,3.9203325040989476,-1.0984417404684066,24.322939417958853
2039.8000000000002,3.911892325809194,-0.8726789164134746,24.32722496407926
2041.8000000000002,3.8983143547177983,-0.5488127501162899,24.33145600496959
2043.8000000000002,3.883494056466022,-0.23012392482072971,24.335631538235734
2045.8000000000002,3.8808387355697564,-0.16728988332591546,24.339750618177504
2047.8000000000002,3.875722434006357,-0.05424408323649485,24.34381235601377
2049.8,3.8334717279649126,0.7790532479145176,24.347815919999682
2051.8,3.790405682287628,1.5763037666278017,24.35176053543742
2053.8,3.760907110673009,2.0570699326875332,24.355645484582674
2055.8,3.7524674518138066,2.1165770729454025,24.359470106448747
2057.8,3.7448799780275173,2.1572226284161182,24.36323379651067
2059.8,3.6789712844953812,3.3722272211916238,24.366936006311825
2061.8,3.6348081938536603,4.054431010066573,24.3705762429756
2063.8,3.6384713382228857,3.7788246734582867,24.374154068624904
2065.8,3.6427028474844505,3.6001325457443363,24.377669099712488
2067.8,3.6284132124279065,3.7142857142857135,24.381121006265094
2069.8,3.6681361639352645,2.7911963895802,24.384509511044474
2071.8,3.588730552795288,4.215981761184707,24.387834388628796
2073.8,3.6710521958604323,2.3992672356791886,24.391095464417536
2075.8,3.622050158885328,3.327111024741029,24.39429261356352
2077.8,3.627911309575434,3.084759006616987,24.39742575983547
2079.8,3.6672782558774553,2.2309392067384772,24.400494874414804
2081.8,3.8362926059456526,-1.0944559036307693,24.403499974630197
2083.8,3.842731879831863,-1.0866324950387816,24.40644112263373
2085.8,3.848239830409191,-1.06072750875173,24.409318424022192
2087.8,3.8764420380599125,-1.5050101152382176,24.412132026407473
2089.8,3.753881990641547,1.0106881487578214,24.41488211793965
2091.8,3.7555754060504505,0.9738630219902774,24.417568925786675
2093.8,3.758242495170983,0.9162493150562038,24.420192714574316
2095.8,3.7559583968918724,0.9689145216800488,24.42275378479023
2097.8,3.750418806044276,1.0769808582996578,24.425252471155833
2099.8,3.7477988750102926,1.116684266414126,24.42768914096972
2101.8,3.7460513064577965,1.1441205417893894,24.4300641924263
2103.8,3.7426816157949707,1.1970900041965484,24.432378052913336
2105.8,3.740222801247404,1.2289123670882933,24.434631177291894
2107.8,3.741099695766215,1.19580894505277,24.436824046162386
2109.8,3.742676986033607,1.1532382570719828,24.43895716411999
2111.8,3.7422434223411116,1.1531918501765845,24.441031058003155
2113.8,3.753161282766295,0.9278864080030801,24.443046275138187
2115.8,3.758449508957282,0.8250377767117505,24.445003381583508
2117.8,3.7353147948139647,1.2994812357382641,24.446902960376608
2119.8,3.832012057962281,-0.6026194228855072,24.4487456097868
2121.8,3.9402454770267945,-2.62395589410183,24.450531941576976
2123.8,3.6012545946363854,4.150330888480999,24.452262579277026
2125.8,3.531503201225951,5.3071703112832065,24.453938156472073
2127.8,3.5749986613532596,4.205804237371386,24.455559315108047
2129.8,3.6216151005463226,3.124700585992336,24.457126703817334
2131.8,3.6504359925803387,2.4534366059125436,24.458640976267148
2133.8,3.6578685766578345,2.244541312018656,24.460102212225916
2135.8,3.6707330502745927,1.9507924046505434,24.46151100939194
2137.8,3.6764323282252143,1.8050563528716654,24.462868759476464
2139.8,3.68043343673248,1.7089197927833284,24.464176113568293
2141.8,3.7546383481866434,0.20349295732580122,24.465433720271808
2143.8,3.7534982282599128,0.29345376504300785,24.466642224363202
2145.8,3.73371440655571,0.7319766271541318,24.46780226533321
2147.8,3.7193319697994536,1.0456746859727803,24.46891447597095
2149.8,3.6910207642469253,1.615618602505653,24.469979480990613
2151.8,3.6826432691551085,1.7541301222538364,24.470997895702297
2153.8,3.6827153538206114,1.7279774641993297,24.47197032472862
2155.8,3.6788186217901107,1.7793734085734187,24.47289736076834
2157.8,3.688532888692805,1.5539538751548505,24.473779583408213
2159.8,3.717173840377617,0.9783729725295578,24.47461755798432
2161.8,3.776331931145269,-0.16391054291441098,24.475411834493865
2163.8,3.8106546995764976,-0.7507213379656184,24.476162946558528
2165.8,3.8389257679933713,-1.2111003913825076,24.476871410440133
2167.8,3.9138068700474924,-2.54686350671942,24.47753772410966
2169.8,3.7182401392308324,1.5433711629003264,24.478162366370146
2171.8,3.7230984871757156,1.4075372957988117,24.478745796034396
2173.8,3.7313856428170453,1.2085843459193344,24.479288451157867
2175.8,3.735003926714797,1.120475428475636,24.47979074832744
2177.8,3.7398812594160455,1.0078730042374489,24.480253082006474
2179.8,3.822397555757831,-0.6437417264272446,24.480675823936537
2181.8,3.80161386480864,-0.15724711841217953,24.48105932259624
2183.8,3.7867382342799236,0.18964063290818745,24.481403902717325
2185.8,3.7903647538598735,0.15195155454867837,24.481709864858228
2187.8,3.785403336330833,0.29014915689687226,24.48197748503549
2189.8,3.772525717062362,0.5631601481674464,24.482207014412726
2191.8,3.771241770947433,0.5977726017009422,24.482398679047513
2193.8,3.859049491506136,-1.0496952289882981,24.482552177399462
2195.8,3.8181622504944133,-0.1571377780588037,24.48266740871432
2197.8,3.79998041159732,0.2383452098890627,24.48274506841186
2199.8,3.783899739017323,0.5665517125748749,24.482785388791363
2201.8,3.7766231993165627,0.7156269405840134,24.482788459034964
2203.8,3.779136078928278,0.6553626815966664,24.48275434223612
2205.8,3.785882896783631,0.5154426103730243,24.48268307550509
2207.8,3.8060397511028143,0.12839253326585126,24.482574670128248
2209.8,3.6997709127558576,2.230597246511374,24.482429111780604
2211.8,3.680159873118031,2.5304416703165877,24.48224636079104
2213.8,3.6123292618268246,3.741780269511867,24.48202635245948
2215.8,3.5915439954794985,3.9816295638253605,24.48176899742537
2217.8,3.769017920197899,0.34961755964023566,24.481474182086597
2219.8,3.6721694948533,2.2697048801579514,24.48114176906808
2221.8,3.7486716251698105,0.6828249502442653,24.480771597739142
2223.8,3.716126306877956,1.3354025997533654,24.48036348477864
2225.8,3.756223418558899,0.5811148238230769,24.479917224786945
2227.8,3.7486829206059444,0.7422178989374651,24.479432590943603
2229.8,3.745256217643958,0.8192750566319221,24.4789093357096
2231.8,3.738082670414824,0.9628816155342939,24.47834719157303
2233.8,3.737601313153654,0.9708118151567172,24.47774587183696
2235.8,3.7345963944430127,1.0182576155456537,24.477105071448012
2237.8,3.741903188016114,0.8697734522789142,24.47642446786452
2239.8,3.7468151183028273,0.7730903766322229,24.4757037219626
2241.8,3.751415614714914,0.6923440758371239,24.4749424789788
2243.8,3.800204275698766,-0.26427822465578255,24.47414036948759
2245.8,3.816177403370789,-0.5036331279299698,24.47329701041226
2247.8,3.8059658610526403,-0.23002432865454162,24.472412006067305
2249.8,3.790843394360753,0.11864117544875233,24.471484949230693
2251.8,3.7713565441158377,0.5332568533082586,24.470515770219855
2253.8,3.752546929654391,0.910803550741323,24.469504063931684
2255.8,3.7419848868605037,1.104721737502581,24.46844895080316
2257.8,3.741735367824567,1.0894038437883498,24.467349994254835
2259.8,3.758909167877594,0.7315066365308956,24.46620675152931
2261.8,3.7575193718913145,0.7645464132630537,24.465018774926442
2263.8,3.7481339308141117,0.9449775342156975,24.463785613053048
2265.8,3.7357933455973313,1.1680889542078026,24.462506812084616
2267.8,3.733614399526958,1.1906440316799742,24.461181917037077
2269.8,3.727690180381669,1.2813128789249386,24.459810473046222
2271.8,3.7528066211211537,0.7572477461437266,24.458392026652376
2273.8,3.81885129439554,-0.5436725463367824,24.45692659794329
2275.8,3.8100182142269583,-0.2960146904235347,24.455413257120153
2277.8,3.798207925562535,-0.010875110225458624,24.45385153918164
2279.8,3.797957189244007,0.032911403945878014,24.45224101176882
2281.8,3.806860117542266,-0.10933933387589839,24.450581250167637
2283.8,3.8138502615186605,-0.20890138818933368,24.448871838719114
2285.8,3.8113362849669947,-0.11422357241587643,24.447112371727894
2287.8,3.8068435364741458,0.013182702166452186,24.44530245496111
2289.8,3.7798754464765847,0.5672245628362739,24.443441706911106
2291.8,3.7868042115391534,0.4315704243489619,24.441529759945283
2293.8,3.7951847443488362,0.2679647425304553,24.4395663998851
2295.8,3.7924572326736166,0.3362899446051558,24.437551304395583
2297.8,3.8041899670199553,0.11780131305424835,24.4354839795482
2299.8,3.800951962814928,0.20239179003243038,24.433364126465204
2301.8,3.8032511384215035,0.17242036395113325,24.431191465958698
2303.8,3.7865187203099056,0.5155407844811903,24.428965738754105
2305.8,3.790511389893444,0.43151866844148085,24.426686517665114
2307.8,3.777749716804919,0.6806538662641411,24.424353782123493
2309.8,3.785768314562296,0.513989066072567,24.4219673498284
2311.8,3.785619005086763,0.5146641530571172,24.41952705228047
2313.8,3.7864196040972122,0.49488414205849074,24.41703274591747
2315.8,3.7877762742626873,0.46272328244506894,24.414484122616617
2317.8,3.7712504505959106,0.7851846908530948,24.41188128687689
2319.8,3.786398334082943,0.4717616828187843,24.409224184522138
2321.8,3.7868143247777155,0.4634389944663288,24.406512778714276
2323.8,3.7804251492623897,0.5924934673674017,24.403747061142386
2325.8,3.7566310973948034,1.0503775207545019,24.400926615991224
2327.8,3.7695896779955786,0.7566908170454579,24.398051959493316
2329.8,3.76297459549247,0.8781277743084851,24.395123192694466
2331.8,3.7710615277882127,0.6916300823127582,24.392140421955865
2333.8,3.7708646700611053,0.6926201225255384,24.389103784299955
2335.8,3.769488298752973,0.709640368708857,24.38601344757988
2337.8,3.775849869858139,0.5750457592208159,24.38286961058539
2339.8,3.792442849733556,0.25270014507434063,24.379672503084734
2341.8,3.7901304510707297,0.31182851123087857,24.376422385802083
2343.8,3.7962055206555383,0.20468285961952212,24.373119550330163
2345.8,3.7883499961898015,0.37470299737065976,24.36976431897794
2347.8,3.795044505524961,0.2450870227040415,24.3663570445537
2349.8,3.7712121181610763,0.7276970956590301,24.362898110083393
2351.8,3.772842232913606,0.6812562629453077,24.359387928465033
2353.8,3.7761696977679304,0.6096067388593267,24.355826942059622
2355.8,3.7772565599730825,0.5801908727542772,24.3522156222194
2357.8,3.7723289976092405,0.6742149097221297,24.348554468754543
2359.8,3.77699045441281,0.5745271973123346,24.344844009339347
2361.8,3.7859324855230927,0.3989374331815756,24.341084798859413
2363.8,3.7869152683224496,0.38764899096779154,24.337277418701333
2365.8,3.768254133926902,0.7671173753355184,24.333422475986566
2367.8,3.765707950767563,0.7958923556360475,24.329520602751526
2369.8,3.7550878155846026,0.9896815760166731,24.325572455075875
2371.8,3.7574771360370534,0.9109447656979623,24.32157871216135
2373.8,3.7771022934181886,0.51425252492631,24.317539289604092
2375.8,3.7839796467444797,0.3786767670000597,24.313455281615997
2377.8,3.7852556276454368,0.36552354471858733,24.30932793789185
2379.8,3.791003813780993,0.25996762917607263,24.305158013197556
2381.8,3.787643680662312,0.34528483111311564,24.300946280627738
2383.8,3.749249306025133,1.1049953464509923,24.29669353041489
2385.8,3.7141128408768016,1.760367951326105,24.29240056871069
2387.8,3.531121427318047,5.288599206095947,24.288068804577616
2389.8,3.5852360582409037,3.9512464818518924,24.28369901090403
2391.8,3.7467437708962006,0.6690470345401599,24.27929099080647
2393.8,3.691736214437095,1.7560472871201736,24.274846327845676
2395.8,3.7048779516380277,1.4339481657233992,24.27036445676652
2397.8,3.776308045654034,0.03325040743195962,24.265846638425298
2399.8,3.753819072698411,0.5099628954288365,24.261293756834377
2401.8,3.6372630836865003,2.7947790322992114,24.256707426297044
2403.8,3.778604214335052,-0.09545495551650357,24.252088526006492
2405.8,3.557300628681989,4.265759850639911,24.247437937532283
2407.8,3.827162453156575,-1.0855534815972454,24.242756543478578
2409.8,3.7757438224147895,0.045516568012021974,24.238045226156455
2411.8,3.6626652553030357,2.28701690950836,24.233304866274047
2413.8,3.8162770860199178,-0.8105679679175379,24.22853634164802
2415.8,3.8352153130837348,-1.0820660714527326,24.22374052594006
2417.8,3.75403749891902,0.6113289652899527,24.218918287421754
2419.8,3.7561667779124126,0.559918821946222,24.214070487771334
2421.8,3.7281709084686243,1.1108967863938364,24.209197980905497
2423.8,3.7591956036991947,0.48253344836711,24.204301611849637
2425.8,3.8100123568396818,-0.490922897306559,24.199382215649347
2427.8,3.8019912811065995,-0.2703715160280784,24.19444061632631
2429.8,3.7941932409220707,-0.06271977392698988,24.189477625881253
2431.8,3.7913512319527123,0.030905114320810036,24.184494043346586
2433.8,3.7681528183258126,0.5138862016892797,24.179490653891307
2435.8,3.7319417822792027,1.2255004957499518,24.174468227980267
2437.8,3.7199426388581567,1.418438405575491,24.169427520590048
2439.8,3.713963086795042,1.4958016597801918,24.16436927048327
2441.8,3.716749487496103,1.396882480955751,24.15929419954303
2443.8,3.7274727568304535,1.151755872287847,24.154203012169035
2445.8,3.735352313760547,0.9736149796493666,24.14909639473654
2447.8,3.754568120075839,0.5824014497815255,24.143975015119327
2449.8,3.7557155783454212,0.5721775916556731,24.13883952227743
2451.8,3.756140349140374,0.5691802444319954,24.13369054591017
2453.8,3.774798491898454,0.21615365697254624,24.128528696175035
2455.8,3.786044910201235,0.019954750849145712,24.123354563472258
2457.8,3.8442165026444597,-1.0771594519339798,24.118168718295227
2459.8,3.8611716380119487,-1.3188216642407962,24.112971711146262
2461.8,3.8611031251270544,-1.2074425945431344,24.10776407251715
2463.8,3.8501214589345585,-0.9059998142238204,24.102546312933672
2465.8,3.858991705421728,-1.0053053112821893,24.097318923063085
2467.8,3.8606037937996436,-0.9652623387854372,24.092082373883173
2469.8,3.8373377554231856,-0.44397942786391204,24.08683711691151
2471.8,3.8158351312248655,0.006944045083432745,24.081583584493114
2473.8,3.810415483264347,0.12427453832526549,24.076322190144563
2475.8,3.8100354171978883,0.13824377563406362,24.071053328952484
2477.8,3.799266091019839,0.3550875686706498,24.065777378024073
2479.8,3.80193156496748,0.2982899610735104,24.060494696987035
2481.8,3.8009197830221377,0.3150607945951499,24.055205628536424
2483.8,3.795164074610945,0.4248488762024989,24.04991049902536
2485.8,3.7979915505183977,0.36090159398519794,24.04460961909657
2487.8,3.795515828849379,0.4031676722954864,24.03930328435186
2489.8,3.8026858207904963,0.2571571627577225,24.033991776055853
2491.8,3.799818983709221,0.31278824577301867,24.028675361870835
2493.8,3.795942979120854,0.38714548729480663,24.023354296619114
2495.8,3.799125180382766,0.3165040835497789,24.01802882306923
2497.8,3.796879313162032,0.3556771488456911,24.012699172742433
2499.8,3.8017708267064134,0.2594629539329539,24.007365566735523
2501.8,3.804863862938101,0.20572070949749915,24.00202821655646
2503.8,3.8085566478388984,0.13681573618668905,23.99668732496873
2505.8,3.810852925476826,0.09614777957471407,23.991343086840736
2507.8,3.810951761068997,0.10583050179366577,23.985995689996294
2509.8,3.805015702261479,0.2281509656846624,23.980645316062525
2511.8,3.8041236217308927,0.24977542508725303,23.975292141311204
2513.8,3.8105924514914644,0.12809123306525047,23.96993633748993
2515.8,3.8005994637241227,0.32779179739043013,23.96457807263938
2517.8,3.810257842046058,0.1423354201218301,23.95921751189306
2519.8,3.803959029716636,0.2690753308050418,23.953854818256023
2521.8,3.807118037893842,0.20835886677761994,23.948490153359206
2523.8,3.8236438853520127,-0.11364407245719178,23.94312367818597
2525.8,3.815707029462578,0.06987435379094631,23.937755553767897
2527.8,3.802201708974623,0.33929666253698954,23.932385941846654
2529.8,3.783327871109793,0.6974743799282223,23.92701500549916
2531.8,3.7924541372218896,0.5004787199408544,23.9216429097235
2533.8,3.7962954612276154,0.41166188212840105,23.91627054080536
2535.8,3.791438633659344,0.49881630574797703,23.91089805687885
2537.8,3.773951022458445,0.8230606777114209,23.905525043177235
2539.8,3.755217937377264,1.1622250889146133,23.9001516864584
2541.8,3.4912610419260495,6.29248528580063,23.894778178302612
2543.8,3.3832252753325176,8.00752829765678,23.88940471545786
2545.8,3.4807843230641393,5.7751993427086825,23.884031500135166
2547.8,3.510988237170337,4.956477368250297,23.878658740252874
2549.8,3.67731333668454,1.555765134804778,23.8732866496294
2551.8,3.6266583392440324,2.5017909947287893,23.867915448124116
2553.8,3.670806510459424,1.5775922425542488,23.86254536172611
2555.8,3.6904960954495487,1.1809541221149142,23.857176622591158
2557.8,3.696621760498815,1.059356460004487,23.851809469027213
2559.8,3.698155401253252,1.0382091115286394,23.846444145429064
2561.8,3.7048668506539153,0.9146373051372821,23.841080902163057
2563.8,3.7213679583032246,0.61321290053738,23.835719995403096
2565.8,3.7267497056990075,0.5369306520398722,23.830361686919172
2567.8,3.7179462617326937,0.7427077560638483,23.825006243820194
2569.8,3.7138591028329864,0.8399845101364032,23.8196539382529
2571.8,3.7123640943258756,0.8820720108687671,23.814305047058802
2573.8,3.7071506144962534,0.9883008539514436,23.808959851391727
2575.8,3.705899266514301,1.018730074835448,23.803618636298115
2577.8,3.69869893817232,1.1591152225523533,23.79828169026301
2579.8,3.6930400095587173,1.2596166714102242,23.79294930472443
2581.8,3.68756727398088,1.354671357340171,23.78762177355928
2583.8,3.687683117419367,1.3361203322001396,23.782299392543862
2585.8,3.6883499935588957,1.304096602758606,23.776982458792457
2587.8,3.6890414412336723,1.284002088597158,23.771671270177265
2589.8,3.694005553780565,1.1762677096597633,23.76636612473347
2591.8,3.6948131830535913,1.1483189557889801,23.761067320052938
2593.8,3.699649592230067,1.0545569733920368,23.75577515267041
2595.8,3.7569655645893274,-0.0485068698328969,23.750489917446
2597.8,3.7661018591480797,-0.16589221048872538,23.745211906947794
2599.8,3.7702751166789303,-0.1844255475715632,23.73994141083865
2601.8,3.762960652803727,0.014422425746311453,23.734678715270842
2603.8,3.764016550913443,0.04007401401061,23.729424102292775
2605.8,3.758349001491879,0.19238056812519294,23.724177849271523
2607.8,3.7487057829552595,0.40466901971463276,23.71894022833508
2609.8,3.7473687933014532,0.44854351104135803,23.71371150583812
2611.8,3.745613261069058,0.49842984154870507,23.708491941855236
2613.8,3.735008210241841,0.7196825453170801,23.703281789705002
2615.8,3.7305647094151166,0.8028545794721101,23.69808141205712
2617.8,3.7308916275345076,0.7939074852765119,23.69289150236855
2619.8,3.727118424826235,0.869040117023949,23.68771240603945
2621.8,3.725952490408323,0.8835955406712805,23.68254383060411
2623.8,3.7302704470465553,0.7870779273626477,23.677385945398253
2625.8,3.727658016333567,0.8385196408522438,23.672238965121245
2627.8,3.7244073399472915,0.8921272341813201,23.667103096219698
2629.8,3.715621749227847,1.0560741893768115,23.661978536819014
2631.8,3.7074336017613825,1.1913374257813503,23.65686547671488
2633.8,3.7110534901315857,1.1019441129532999,23.651764097426753
2635.8,3.713745264047286,1.029263207630157,23.646674572315092
2637.8,3.7156243615291387,0.9791811260474967,23.6415970667641
2639.8,3.7172080391661333,0.9415264129272171,23.636531738431053
2641.8,3.714914742662215,0.97957976977165,23.631478737563576
2643.8,3.7171471984073436,0.928502924999537,23.626438207385444
2645.8,3.718993275594743,0.888678167311929,23.621410284551537
2647.8,3.717112212631132,0.9195333259968785,23.616395099672136
2649.8,3.7165516470004096,0.9206055642106721,23.61139277790654
2651.8,3.715383250691669,0.9396868338891433,23.60640343962571
2653.8,3.715186150129901,0.9350115730365127,23.60142720114324
2655.8,3.7168343683612903,0.8938507956184342,23.596464175513788
2657.8,3.716492636691186,0.899829461592735,23.59151447339771
2659.8,3.714605112485341,0.9325595894925452,23.586578203990552
2661.8,3.7141881386351523,0.9296402273921783,23.58165607828951
2663.8,3.708674465684202,1.0268289701371358,23.576748416742372
2665.8,3.7072135897218534,1.0468198479241837,23.571854634096987
2667.8,3.7190258776141802,0.8087205362738537,23.566974853244695
2669.8,3.7348075390482025,0.5055599293421726,23.562109201797348
2671.8,3.7454428135280753,0.321046807626962,23.557257813398746
2673.8,3.7591578869275963,0.07742470363663237,23.552420829084863
2675.8,3.7557423776516665,0.17540026010820275,23.547598398689445
2677.8,3.7427355410869767,0.45644468707854435,23.542790682291123
2679.8,3.71876326060418,0.9224439120535406,23.537998353994766
2681.8,3.7243160132521598,0.8089768456206388,23.533221990088922
2683.8,3.7139659629835995,1.0002608103288042,23.528461024025372
2685.8,3.71841113416536,0.9065692910525847,23.52371567033378
2687.8,3.7180303981778184,0.8984647400365875,23.518986172811122
2689.8,3.7194090142208434,0.8674900049837925,23.514274091511364
2691.8,3.720536779703934,0.8378808020852074,23.509578593532357
2693.8,3.7211272532205686,0.8231895871904731,23.504899932822784
2695.8,3.7228405160607756,0.7859337445868713,23.50023845348155
2697.8,3.718141078527074,0.8742701653663066,23.495594527172805
2699.8,3.7170945176022836,0.882327922646108,23.49096855482678
2701.8,3.7114719128120583,0.9895826199030395,23.48636096832966
2703.8,3.70927651956463,1.0155245714146601,23.481772232197624
2705.8,3.711486863843969,0.9602027241465731,23.477202845229666
2707.8,3.7088517361148443,1.0031161751893252,23.47265334213419
2709.8,3.7034137110003047,1.0919574975770343,23.46812429512423
2711.8,3.707189248219191,1.0027354070331458,23.463616315476234
2713.8,3.7095480598534123,0.945210781662189,23.459130055047464
2715.8,3.7102778668798146,0.9226379767487229,23.454666207747017
2717.8,3.7114552422866476,0.8943265119652843,23.450225510955754
2719.8,3.709763802659471,0.9226070316464151,23.445808746890343
2721.8,3.7083863571099367,0.9411935250294043,23.441416743906988
2723.8,3.7131518306478326,0.8468598976190507,23.43705037774019
2725.8,3.7127677375017485,0.849355633583724,23.43271057267255
2727.8,3.71190345657589,0.8601222031966231,23.428398302631326
2729.8,3.711929931555082,0.8589589279908294,23.424114592207946
2731.8,3.710615465716072,0.8782509611332625,23.419860517596675
2733.8,3.710238040428765,0.8841204894379914,23.41563720744915
2735.8,3.7099403462289864,0.880768745842058,23.411445843641197
2737.8,3.7101913745649298,0.8708214187901406,23.407287661949212
2739.8,3.709387639096377,0.8809357489898879,23.403163952633122
2741.8,3.7095492999849875,0.8767369182031984,23.399076060923438
2743.8,3.7108650712975235,0.8466213608240036,23.3950253874101
2745.8,3.7088313037419463,0.8802472293145696,23.391013388331174
2747.8,3.7083960828569213,0.8844850663689093,23.387041575759437
2749.8,3.7085213183365284,0.8776147294492681,23.38311151768564
2751.8,3.708538427371327,0.8745023139751175,23.379224837997107
2753.8,3.707862274332107,0.8809621324090451,23.375383216350663
2755.8,3.7083921182357025,0.8679491846934171,23.37158838793945
2757.8,3.713073947737691,0.7715101318821247,23.36784214315315
2759.8,3.722338624415158,0.6000069944469775,23.364146327131486
2761.8,3.728226806613387,0.49465840254474847,23.360502839211406
2763.8,3.723394901806194,0.6028767784150783,23.356913632268114
2765.8,3.532361394968276,4.2193474774862,23.353380711951083
2767.8,3.5812125343363914,3.114306309923765,23.34990673808973
2769.8,3.6143344329139495,2.377154830719715,23.346493930340383
2771.8,3.6338948361900263,1.9348175223910955,23.343143930894687
2773.8,3.6416824820950775,1.7426396838664835,23.339858885677586
2775.8,3.6429774893949194,1.6831659018540757,23.336641048100464
2777.8,3.650603421442355,1.5074525859562307,23.33349272897784
2779.8,3.6492666354489502,1.5075284153684887,23.330416284439362
2781.8,3.646744286288899,1.5352754111629734,23.327414114426325
2783.8,3.644773430750849,1.5539761586878726,23.324488661103167
2785.8,3.643753697862893,1.5531467503615797,23.32164240718736
2787.8,3.643780071171424,1.5317352399565838,23.318877874200748
2789.8,3.644273377998079,1.499556086200916,23.31619762064603
2791.8,3.645783545912723,1.4538786358938602,23.313605536126634
2793.8,3.645055240203556,1.458990084680663,23.311103128511412
2795.8,3.6436704450672788,1.4692027290309353,23.30869300004847
2797.8,3.6424669193594683,1.4748786194640011,23.306377846909342
2799.8,3.6372001998649406,1.5650550858756127,23.304160392796142
2801.8,3.6369671216275012,1.5501034272600398,23.302043989065048
2803.8,3.636452161114607,1.5362980974422957,23.300031619126607
2805.8,3.6359958406696222,1.5339150890468158,23.298125379947507
2807.8,3.630117768214187,1.6297730341652283,23.296328092454377
2809.8,3.6237649215667385,1.728851001432791,23.29464269179622
2811.8,3.623170143067322,1.7147675526378978,23.293071936291184
2813.8,3.622435398988031,1.700130165684433,23.291619161800497
2815.8,3.620543757338485,1.713799968747922,23.290287396975483
2817.8,3.6190026736197716,1.7200193929581684,23.28907880443636
2819.8,3.6110052222721447,1.8475208977644004,23.28799627930557
2821.8,3.6119002328433796,1.8033120293495508,23.287042719293456
2823.8,3.611219395550759,1.7878383590258948,23.28622102237992
2825.8,3.607865671961354,1.8316064033783845,23.285534084499748
2827.8,3.6016204407690595,1.9186505704011503,23.284984797235783
2829.8,3.7219696390119994,-0.38982755081971504,23.284576045523924
2831.8,3.768690263563232,-1.1963412818427541,23.284310705373652
2833.8,3.7792694428154965,-1.2688643093531928,23.284191641607844
2835.8,3.7711054784195075,-0.9977296817244415,23.28422170562545
2837.8,3.7579923961073987,-0.6472431218345247,23.28440373319012
2839.8,3.751276254721865,-0.43487334444391257,23.284740542248358
2841.8,3.743395575871484,-0.21659498901424956,23.285234930779787
2843.8,3.731474770389902,0.06129771066789365,23.285889674682586
2845.8,3.7285796123453183,0.1525920182967654,23.286707525696674
2847.8,3.7292766230487073,0.17015139038129096,23.287691209366972
2849.8,3.723613450063993,0.3022518233382662,23.288843423049006
2851.8,3.724055143346811,0.314758132576813,23.29016683395884
2853.8,3.720235796694233,0.409543047383812,23.291664077269203
2855.8,3.7116182332832413,0.5833354814664953,23.293337754253187
2857.8,3.721457911457235,0.4029500571694404,23.29519043047725
2859.8,3.7263593729207045,0.32711211655178396,23.297224634044237
2861.8,3.7763321408057156,-0.5857780656316759,23.299442853887836
2863.8,3.7760574266650693,-0.518442170516169,23.301847538118853
2865.8,3.7743754061656625,-0.43602787870527265,23.304441092424067
2867.8,3.8194431528037867,-1.258660152473603,23.307225878517958
2869.8,3.8226362029166214,-1.2157961726922983,23.310204212647438
2871.8,3.774249628509037,-0.2504654146908362,23.313378364149596
2873.8,3.7379631291587203,0.4801086835686123,23.316750554062242
2875.8,3.6449520671100135,2.238448373293876,23.320322953786793
2877.8,3.6535102783243887,1.961125105383621,23.324097683803068
2879.8,3.7703624598608143,-0.2924196525686505,23.328076812435157
2881.8,3.7769576893826455,-0.42365077457026185,23.332262354667616
2883.8,3.8490536384370846,-1.7528055943968168,23.336656873284902
2885.8,3.7102444066893683,1.0097936301637709,23.341262484380565
2887.8,3.674075723476534,1.6746187325896826,23.346080340055142
2889.8,3.646943755439744,2.127119485970611,23.351112240097603
2891.8,3.5949732149811147,3.0247711475776784,23.356359926391264
2893.8,3.705220278329337,0.8312607552887165,23.361827674075737
2895.8,3.7317449691129685,0.2791433904847942,23.3675148689768
2897.8,3.6913385522507074,1.0886349546136818,23.37342296310275
2899.8,3.6670873110389945,1.5282317898265452,23.37955347716055
2901.8,3.5391749591053854,3.93786337269949,23.385907871346646
2903.8,3.221609619368784,9.868091474062128,23.392487544761387
2905.8,2.762657174444133,18.23480949817739,23.399293834862444
2907.8,2.837474941342635,15.976899708734765,23.40632801695574
2909.8,3.225455468353875,7.961574574392638,23.413591303722345
2911.8,3.3527805128655297,5.490500198523571,23.421084844779806
2913.8,3.2869232279798144,6.741257252819026,23.428809726276437
2915.8,2.9738030958699007,12.437379633354183,23.436766970517006
2917.8,3.131745749566325,8.883490443691183,23.444957535618556
2919.8,3.4971011642282277,1.69536764279506,23.453382315194915
2921.8,3.3753833764356087,4.0727639490602074,23.462042138068668
2923.8,3.3996125947491844,3.5471148796647385,23.47093776800931
2925.8,3.271659214053295,5.972517714372936,23.480069903496627
2927.8,3.2623503826195077,6.0047316794893995,23.489439177507993
2929.8,3.4106644369155803,3.017121424324561,23.49904615732904
2931.8,3.372363236749206,3.756601264376902,23.50889134438648
2933.8,3.363859807689218,3.891276250125264,23.51897517410255
2935.8,3.3354928447434253,4.39040153390506,23.529298618044574
2937.8,3.3411750704293284,4.213471221280244,23.539862190416507
2939.8,3.3878472064011818,3.246448952744363,23.550665431712417
2941.8,3.418416081411679,2.662110422622049,23.561708521327834
2943.8,3.3433461205411414,4.126505492407699,23.572991572871157
2945.8,3.3411128242013417,4.1161566631215045,23.58451463417908
2947.8,3.3364004757375225,4.1607908681647725,23.596277687353854
2949.8,3.2213854076578845,6.3143979868550675,23.608280648822703
2951.8,3.3941031399039545,2.8044928793339268,23.620523369419708
2953.8,3.385131593643782,2.9963544506435333,23.63300563449073
2955.8,3.3091314708930555,4.4525411101681955,23.6457271640219
2957.8,3.3045181466712066,4.483976270697116,23.658687612792402
2959.8,3.3030576610357105,4.452243263591159,23.671887172826413
2961.8,3.2753972494850885,4.942389769856941,23.685325580192536
2963.8,3.2559862257904975,5.230486652354911,23.699001598971982
2965.8,3.21122675161094,6.010161667721842,23.712914634192764
2967.8,3.205389437298341,6.003044661168514,23.7270640274732
2969.8,3.283360016199797,4.348989773812827,23.741449057380134
2971.8,3.3322467553441566,3.3739301086947653,23.756068939820484
2973.8,3.3335909710946647,3.3472978035186136,23.77092282846762
2975.8,3.3323294738605225,3.3797164774420803,23.786009815223945
2977.8,3.3085964574056304,3.8437763445062756,23.8013289307209
2979.8,3.306889265234173,3.8574041966197536,23.81687914485766
2981.8,3.3055166667498552,3.8633148407454616,23.83265936738013
2983.8,3.304886023183057,3.852610612189477,23.848668448501297
2985.8,3.302379990281347,3.877278948204488,23.864905179564357
2987.8,3.291895249419603,4.060931261929523,23.881368293749816
2989.8,3.276858002360726,4.318041236849135,23.89805646682774
2991.8,3.2654510043917444,4.495411493306714,23.91496831795629
2993.8,3.264200135799558,4.470303281757865,23.93210241052768
2995.8,3.2621417737822913,4.462392649004391,23.949458252843854
2997.8,3.263445589691617,4.3864858825053865,23.967033472899757
2999.8,3.3991343498155837,1.6645371698621316,23.98482621835878
3001.8,3.4325256384557883,1.1022303822048685,24.002834834609843
3003.8,3.476092460916178,0.3268655487780808,24.021057626893782
3005.8,3.56367327526737,-1.251618934587567,24.03949285036975
3007.8,3.4306890187580388,1.5851687605760176,24.058138711339872
3009.8,3.3102256417423654,3.9908101809905325,24.076993368524235
3011.8,3.4888631490439073,0.5052097466906484,24.096054934385737
3013.8,3.581012555718338,-1.2639422314574456,24.11532147650487
3015.8,3.5846173972352027,-1.2303753018283647,24.13479101900396
3017.8,3.5946519718381498,-1.2630892600025394,24.15446154402024
3019.8,3.4246027059573643,2.275795757150499,24.174330993227052
3021.8,3.2586671817730997,5.603562489744161,24.194397269402053
3023.8,3.2643865279492847,5.317498482948998,24.214658238041597
3025.8,3.591448190794221,-1.2305272141874846,24.23511172901952
3027.8,3.5614960304171004,-0.45496325469997606,24.255755538289037
3029.8,3.4575541860160093,1.7225247915580333,24.27658742962591
3031.8,3.4280365748667676,2.3013207713332946,24.297605136410965
3033.8,3.6023215496982766,-1.147148639356903,24.3188063634497
3035.8,3.612523032556634,-1.2037777632800084,24.34018878882665
3037.8,3.4564008489480367,2.0910611387046787,24.361750065792105
3039.8,3.2058109029170456,7.079071152473149,24.38348782467812
3041.8,2.4729088522375604,21.332557065733667,24.40539967484135
3043.8,2.3886555941148155,22.200872051354594,24.42748320662904
3045.8,3.170519197237184,5.493850320893089,24.449735993365397
3047.8,3.4425746157205377,0.008131642037251308,24.472155593354586
3049.8,3.5134764641319447,-1.2737677159591378,24.494739551896892
3051.8,3.524224165858378,-1.2911012096047425,24.517485403314154
3053.8,3.2558398710750547,4.34122814561541,24.540390672980738
3055.8,3.044093616114476,8.494362642813547,24.56345287935603
3057.8,3.347444747779586,2.1405759995121296,24.586669536014067
3059.8,3.5028227969429016,-0.8992745771463637,24.610038153666355
3061.8,3.898603065272709,-8.810575917402693,24.63355624217342
3063.8,3.7355796511587616,-4.937469931976363,24.657221312540667
3065.8,3.8432984248720548,-6.899107054671099,24.681030878893946
3067.8,3.3453876941901197,3.5657950131685454,24.704982460430596
3069.8,2.7939374981124168,14.571502844632102,24.72907358334103
3071.8,2.8492461503511586,12.887523714077108,24.75330178269654
3073.8,2.9786916694989984,9.823554979363214,24.777665682815222
3075.8,2.930202005865766,10.53189744375591,24.802162128440926
3077.8,2.9601848335360956,9.59284424439076,24.82678845822645
3079.8,3.260233982039963,3.319713542181212,24.851542259247218
3081.8,3.2869913242510993,2.79038487829251,24.87642114768115
3083.8,3.2110747219919733,4.343878360901424,24.901422759636613
3085.8,3.240293686492466,3.7745498910078736,24.926544752717913
3087.8,3.14672682016762,5.6751569887083395,24.951784807522998
3089.8,3.1276654422031536,5.970482459061879,24.9771406290695
3091.8,3.2112443362991603,4.145411297460658,25.002609948144936
3093.8,3.3298178405897056,1.6944863478704093,25.028190522577365
3095.8,3.27148249840255,2.9944840289389925,25.053880138422784
3097.8,3.1789200993770566,4.910966873354415,25.079676611065654
3099.8,3.1149542864579556,6.16322957928436,25.105577786229354
3101.8,3.1014039416867534,6.330913259276893,25.131581540893286
3103.8,3.085765408235179,6.547950406088544,25.157685784113703
3105.8,3.0719407285336398,6.719076798036122,25.183888457745518
3107.8,3.065358960720687,6.735978913566663,25.21018753706255
3109.8,3.2488742419824073,2.872246032078804,25.236581031273932
3111.8,3.1399272083493766,5.171844915865108,25.26306698393456
3113.8,3.100837527089648,5.931474161267748,25.2896434732479
3115.8,3.0911229987372866,6.045801477370419,25.316308612259423
3117.8,3.084777596697244,6.093825700660154,25.343060548939548
3119.8,3.1528331335767312,4.590416555734734,25.369897466154956
3121.8,3.1048906449266758,5.551783873699663,25.39681758152771
3123.8,3.2543645622545747,2.3686461613815366,25.423819147181398
3125.8,3.288036433478806,1.7454390153315797,25.45090105164864
3127.8,3.2978706180539787,1.5949515772955114,25.47806182598718
3129.8,3.3932977061202285,-0.2526365400477422,25.505299126925493
3131.8,3.2244334612730867,3.4524779569017907,25.532611348834788
3133.8,3.168860231887439,4.609917032182545,25.559996918270624
3135.8,3.1566071071256943,4.829506400231218,25.587454293089717
3137.8,3.3064296922310557,1.6405900622450562,25.614981961460973
3139.8,3.2572514884845947,2.761038971200126,25.642578440772986
3141.8,3.4517391282587724,-1.2941107499648716,25.67024227644016
3143.8,3.3672799268123406,0.6988839043295743,25.69797204060995
3145.8,3.213239156739376,4.044403254994355,25.725766330774256
3147.8,3.213600483963242,3.9997848628571897,25.753623768287873
3149.8,3.160013295023699,5.1147153737312925,25.781542996797608
3151.8,3.459579870607604,-1.386503111729853,25.80952268058557
3153.8,3.2292187154724856,3.7404662384358196,25.83756150283065
3155.8,3.180322455326833,4.748106425034562,25.865658163792407
3157.8,3.399833569017003,0.09454530603686684,25.89381137892172
3159.8,3.4068408397130847,-0.003561000272921777,25.922019876902844
3161.8,3.421836682279726,-0.20699769727890138,25.950282397632
3163.8,3.3482587451615204,1.4499070355343893,25.978597690137182
3165.8,3.267280247343794,3.2281739958348603,26.006964510445037
3167.8,3.073141287092226,7.424353429573869,26.035381619399804
3169.8,3.183423489863873,4.838942209740749,26.063847780440376
3171.8,2.896703028854255,10.945086501502402,26.092361757341152
3173.8,2.9009072014579442,10.535072709626663,26.12092231192275
3175.8,2.853298049229818,11.291326127267101,26.149528201738672
3177.8,3.1281060939174923,4.983226879254698,26.178178177744293
3179.8,3.122066298607489,5.088872811116411,26.206870981954474
3181.8,3.0263003110519584,7.133737401212045,26.23560534509631
3183.8,3.011230500037716,7.326188862991985,26.264379984263467
3185.8,3.184695466203052,3.437128606527734,26.293193600578977
3187.8,3.197356441100177,3.2008967388246585,26.32204487687281
3189.8,3.202140384931531,3.1253348127081093,26.35093247538121
3191.8,3.061022745634602,6.233702452272105,26.37985513841908
3193.8,3.3152644308877224,0.5437021068252219,26.408811879650823
3195.8,3.3660718454759992,-0.3995794023847543,26.43780071244721
3197.8,3.2188633055956184,2.9618611832846273,26.466820895754335
3199.8,2.9954617456662165,7.851888792200826,26.495870234938685
3201.8,3.1268949947864253,4.757921056070482,26.524947229044198
3203.8,3.3887557565585986,-0.9876409192858312,26.554050341128963
3205.8,3.4085935266670955,-1.237705879687448,26.58317799640449
3207.8,3.332446536789648,0.5578564732869022,26.6123285804538
3209.8,3.353232633223354,0.2633136314707925,26.64150043753424
3211.8,3.1925113779471475,3.89153685830972,26.67069186897106
3213.8,2.938545086348971,9.441572378157401,26.69990113164738
3215.8,3.1765159576467816,3.84158104193816,26.7291264365962
3217.8,3.128146454683147,4.99244845460112,26.758365947699726
3219.8,3.114053010867046,5.209573172229469,26.787617780500995
3221.8,3.3182398434239877,0.627030722184878,26.816880001132848
3223.8,3.280781595515576,1.5464174734268321,26.846150625368626
3225.8,3.1674527866519204,4.1501883926662995,26.87542761779896
3227.8,3.163456077938463,4.210976478216041,26.904708288864683
3229.8,3.2479852285063355,2.2082517809698587,26.933991081419826
3231.8,3.187468742136632,3.608229840351391,26.963272989059806
3233.8,3.0402358062539316,6.851561871241754,26.992552467871285
3235.8,3.3636531929597586,-0.6426338055663356,27.02182722022407
3237.8,3.400084649762278,-1.2905830684485802,27.051094883887302
3239.8,3.4107223776754183,-1.355336564765413,27.08035304281376
3241.8,3.4159295324585806,-1.2993683143578418,27.10959922739833
3243.8,3.2930454407368335,1.6493037857196495,27.138830914884068
3245.8,3.1780653620404884,4.272912106865773,27.168045529916665
3247.8,3.425283698558982,-1.3101292095165855,27.1972404452476
3249.8,3.431839758847273,-1.2952242996969283,27.226412982585845
3251.8,2.9739041622787616,9.344012583612347,27.255560413597724
3253.8,2.588947851961109,17.732579950297755,27.284679961053918
3255.8,2.739172932609907,13.766659821623547,27.313768800122343
3257.8,3.1850331419798885,3.154109551279598,27.342824059805164
3259.8,3.313792298091595,0.24828436321384487,27.371842824517838
3261.8,3.3107204670712127,0.44463916784110047,27.400822135807445
3263.8,3.2648985556015075,1.6215134145792,27.429758994207546
3265.8,3.2665053527768433,1.642195087364761,27.45865036122609
3267.8,3.2632359920651233,1.7915248509344823,27.487491865447943
3269.8,3.0323363143818742,7.192428747104528,27.516281515650146
3271.8,3.0129653990633267,7.4928812204405695,27.54501622502513
3273.8,2.8039575836364756,12.205373162107986,27.573692812029527
3275.8,2.373233814103854,21.6739204343427,27.602308067224964
3277.8,2.792929307810822,11.421393101095534,27.630858755929864
3279.8,2.3093903921121384,22.212239758121772,27.659341620967698
3281.8,3.031280103943805,4.991186741933764,27.687753385505275
3283.8,3.0222885373926776,5.198052135362782,27.71609075597411
3285.8,3.1132543197768108,3.042002909010243,27.74435042506819
3287.8,3.181901855355313,1.4849843662728843,27.772529074810617
3289.8,3.312573756694183,-1.404165417232969,27.800623379681557
3291.8,3.321224897590765,-1.3838894926185055,27.828630009799838
3293.8,3.132957897479507,3.2560742598285692,27.856545634149995
3295.8,3.1295924929094916,3.368133755310513,27.884366923846652
3297.8,3.1078497772967357,3.9077307316957826,27.912090555427888
3299.8,3.0048585966199046,6.35699724671839,27.939713214168883
3301.8,2.9108344029658926,8.45486166977185,27.967231597407366
3303.8,2.9096068996716236,8.329324494110091,27.994642417872
3305.8,2.9527326585925056,7.154268454173346,28.021942407004865
3307.8,2.9774295752144475,6.464543760052588,28.049128318269148
3309.8,2.9070349931065875,8.071153183043844,28.07619693043325
3311.8,2.8551575866454355,9.119318779079489,28.103145050822256
3313.8,3.05471699951407,4.270519533325437,28.129969518527957
3315.8,3.2177832759057665,0.41898946617243926,28.156667207568717
3317.8,3.0293585220823878,5.093633235779501,28.183235029990335
3319.8,2.8803562972333956,8.598414607523011,28.209669938899424
3321.8,2.8678290844527723,8.751289861133671,28.235968931420807
3323.8,2.8566586774752136,8.87220907487659,28.262129051570664
3325.8,2.849998470676645,8.878064377983756,28.28814739303737
3327.8,3.1781162398675744,0.8160653796340359,28.314021101862277
3329.8,3.195956625609705,0.5456306894015152,28.339747379012636
3331.8,3.1743934743568234,1.2274766258962089,28.36532348283961
3333.8,3.1653972216620003,1.5632242256622406,28.390746634204405
3335.8,3.095700402066069,3.3782777170058687,28.416013205879654
3337.8,3.1559637295110816,1.9331275229946283,28.441121787880935
3339.8,3.1804238906719,1.4393992035684136,28.46606993871747
3341.8,3.083262929190031,3.8936686089806747,28.490855229420205
3343.8,3.0149720796625092,5.571916219169431,28.51547530082133
3345.8,2.8777503464675225,8.84902572034054,28.539927865003275
3347.8,2.8708986236848397,8.854320192657708,28.56421070658858
3349.8,2.865360358311907,8.823656469876617,28.58832168386725
3351.8,2.8611314167226087,8.773112452735933,28.61225872975802
3353.8,2.919530747179582,7.212736870495021,28.636019852600835
3355.8,2.915607624251473,7.21919207341418,28.659603136778145
3357.8,2.9163761539046136,7.111688665150534,28.68300674316344
3359.8,2.974644750116919,5.624222285910799,28.706228909395517
3361.8,2.969018412409984,5.738883005292183,28.72926794997809
3363.8,2.955477150336476,6.036664949907383,28.752122256204235
3365.8,3.0997500720910787,2.423613833775448,28.774790295906477
3367.8,3.0887604879731265,2.785892544352296,28.79727061303322
3369.8,3.0124633691617158,4.738738400688165,28.81956182705312
3371.8,2.9480545918856285,6.305758006737235,28.84166263218939
3373.8,2.9272311537592337,6.76363160517695,28.863571796486877
3375.8,2.9241741556125147,6.76693368729526,28.88528816071484
3377.8,3.07299900468483,3.0660936832170167,28.906810637109103
3379.8,3.074125241982788,3.102091009868266,28.92813820795811
3381.8,3.0743756893774665,3.1542375595212344,28.949269924037193
3383.8,3.028546088292999,4.349560330960951,28.970204902896707
3385.8,2.991389458940907,5.258619646999999,28.990942327009336
3387.8,3.091722132537191,2.7559536954704256,29.011481441783044
3389.8,3.1249781105421275,1.9910869871013337,29.031821553446303
3391.8,3.153377175499391,1.3813446606404525,29.051962026812475
3393.8,3.1400876046819555,1.8344026464181726,29.071902282930985
3395.8,3.057310676497558,3.96199342563647,29.091641796633077
3397.8,3.0411888209786255,4.372312294405764,29.111180093980476
3399.8,3.2043128886235874,0.26534982192913636,29.130516749625425
3401.8,3.2243869596858614,-0.08375329245323342,29.149651384090937
3403.8,3.0911646290089925,3.4273025008971665,29.16858366098061
3405.8,3.085691995537953,3.5825479068410364,29.187313284127193
3407.8,3.187140622950272,1.074243313042475,29.20583939241567
3409.8,3.0074875862022936,5.6644570515413575,29.22416176797344
3411.8,3.1450780848783495,2.1495281674271522,29.242280508299515
3413.8,3.07272892495125,4.021476308199181,29.260195618345236
3415.8,3.185961536203646,1.1890285177382085,29.27790686288575
3417.8,3.1668290298013306,1.7637360141662755,29.295413824954327
3419.8,3.0079875169836816,5.824093033992904,29.312716578242718
3421.8,3.1495896243489128,2.1519577322833108,29.329814762054802
3423.8,3.023820031318989,5.400527647882862,29.34670885943365
3425.8,3.2970688372016146,-1.6237419838043448,29.363398793312786
3427.8,3.290908199444874,-1.2778754706520714,29.379884493853144
3429.8,3.083433256645024,4.114620867626013,29.396165895559037
3431.8,2.9407834895344673,7.73136278880485,29.41224293446309
3433.8,3.2978052085191116,-1.4485192823659065,29.428115545389204
3435.8,3.1816353016926398,1.7169027554672252,29.443783659302998
3437.8,3.154783515946265,2.3220298998762208,29.459247200758547
3439.8,2.702828016180497,13.703905258996674,29.47450608545009
3441.8,2.8509910987104665,9.706236298493877,29.489559716785006
3443.8,2.8793322072861973,8.759028398806231,29.504408286192565
3445.8,3.174288419239786,1.1931021290102009,29.5190516837196
3447.8,3.1367878317911617,2.2417366207195255,29.533489303476376
3449.8,3.1195620700067157,2.730702947188538,29.547721508117142
3451.8,3.0643399987054187,4.183787989317555,29.56174810594578
3453.8,3.011246068618207,5.508020452522971,29.575568882178715
3455.8,3.0104249096280764,5.460176982978994,29.589183597560922
3457.8,2.9330524099136395,7.363726390654388,29.60259198714479
3459.8,2.9203768811353243,7.56665469160206,29.615793759236354
3461.8,2.9156747419752587,7.548011185212775,29.62878859451231
3463.8,3.0748581449062566,3.3353816164954937,29.641574946532394
3465.8,3.0871726672879483,3.058292005806164,29.654153668494345
3467.8,3.246644526352086,-1.0190747008474312,29.666524414424924
3469.8,3.206277433173598,0.2217127622592181,29.678686742520323
3471.8,3.0816623659280378,3.522987557654272,29.690640182042525
3473.8,2.995037789147966,5.767966472306376,29.702384233479968
3475.8,2.981893667602802,6.0248527483285885,29.713918368890905
3477.8,2.9339949506205882,7.171166963945,29.725242032428348
3479.8,2.920909723882402,7.3854683829892105,29.736354641044976
3481.8,2.922169857108182,7.220947877475722,29.747254489541977
3483.8,2.9569948870862297,6.204885621873555,29.757941959165297
3485.8,3.149371167284776,1.2294506656299595,29.76841656254017
3487.8,3.194720816930874,0.11160795365438902,29.778677611690885
3489.8,3.1309580372595303,1.964322717403102,29.788723819400182
3491.8,3.045954731112252,4.19791913435111,29.79855439958071
3493.8,2.845968031451057,9.321311357622076,29.80816933910086
3495.8,2.81545394062971,9.899195416295312,29.817567871415033
3497.8,2.9614565858371624,5.939519955202907,29.82674921751049
3499.8,2.9610338805340475,5.881030530998859,29.835712588153093
3501.8,2.982928694741414,5.266360640207117,29.844457186263064
3503.8,3.1211325791509155,1.663786428287496,29.85298220941294
3505.8,3.0392335855765595,3.899636889506514,29.8612868524398
3507.8,3.0093482621108643,4.66807694238355,29.869370310162818
3509.8,3.00542597306247,4.747494786488021,29.877231780197658
3511.8,2.9293916316452853,6.68662146461884,29.884870465858373
3513.8,2.9267233305334615,6.658945615497394,29.892285579137393
3515.8,3.0939006320105222,2.285101437117856,29.89947634375392
3517.8,3.0850089340784765,2.593324979090521,29.906441998260906
3519.8,3.0208410993204544,4.295185795849514,29.913181799200512
3521.8,2.8727620984079825,8.12507053986237,29.91969502429787
3523.8,2.792567713916153,10.04607092505852,29.925980975682812
3525.8,2.789010215461354,9.909811096995966,29.932038983129196
3527.8,3.101031650596067,1.665196221162584,29.93786840730138
3529.8,3.2339411594680483,-1.712839166524333,29.943468642997356
3531.8,3.1469880474109315,0.7925134187252003,29.948839122378157
3533.8,2.9695564459657904,5.500730976109643,29.953979318173115
3535.8,2.9109316263055582,6.957352613188752,29.958888746850775
3537.8,2.9275434591881413,6.409594890419581,29.963566971745017
3539.8,3.1068598156234395,1.7447757944490168,29.968013606126753
3541.8,2.999687595851345,4.575468504046262,29.972228316210998
3543.8,3.058398098106273,3.0554948261971453,29.97621082408982
3545.8,3.057071025024939,3.1235696485640196,29.97996091058191
3547.8,3.0555725488139616,3.1893441101835864,29.98347841798934
3549.8,3.128002684316287,1.3585773088400699,29.986763252753036
3551.8,3.236360157706623,-1.3249682198648989,29.989815387998213
3553.8,3.1765707678351807,0.4361728668323608,29.992634865961794
3555.8,3.2606644024699563,-1.741853411880555,29.995221800294008
3557.8,3.3011174806800203,-2.618075951629051,29.997576378226817
3559.8,3.3552296948536333,-3.75982489070597,29.999698862602322
3561.8,3.341355142471816,-3.1358269804382655,30.00158959375449
3563.8,3.316471002695805,-2.2577752228452783,30.003248991238507
3565.8,3.3186331008878427,-2.117542718665209,30.004677555401994
3567.8,3.3135065590902344,-1.812149673584906,30.00587586879312
3569.8,3.3035828787019232,-1.3890216166116465,30.006843398622348
3571.8,3.266759304168539,-0.2847920024275605,30.007582228063345
3573.8,3.2009642050914975,1.5077204959720545,30.008093038942707
3575.8,3.259091981799344,0.03326551261645272,30.008376858129925
3577.8,3.2087246300446135,1.4168688445848077,30.008434688070153
3579.8,3.2044309609230326,1.5431440262151837,30.008267618648887
3581.8,3.12656470883556,3.5930912426944377,30.007876827336514
3583.8,3.1835430485727767,2.074194179479105,30.007263579150763
3585.8,3.183719976581784,2.0653540534530923,30.00642922643709
3587.8,3.307573332449348,-1.1497774226932864,30.005375208467356
3589.8,3.2494898924494144,0.4655367839772428,30.00410305085801
3591.8,3.312626682384907,-1.109486876389366,30.002613786179644
3593.8,3.2308321012257823,1.1269962256089983,30.000909051698464
3595.8,3.3174364804555325,-1.099849703326128,29.998991358243273
3597.8,3.2440296722094053,0.9188848256820007,29.996862560556853
3599.8,3.329806798549653,-1.3057905636665292,29.99452459465446
3601.8,3.2488288518898933,0.9144325912435383,29.991979476182774
3603.8,3.248770186258061,0.9344712022945316,29.989228099843615
3605.8,3.3127211213555126,-0.6991238927052202,29.98627386473281
3607.8,3.2963967925381237,-0.18552375693410617,29.983119073791055
3609.8,3.290094552645458,0.04337640285629728,29.979766035084797
3611.8,3.2923226810700488,0.04078198488210894,29.976217126329452
3613.8,3.289863817774641,0.15781520448909178,29.97247479237001
3615.8,3.2891507034224925,0.2202317822612833,29.968541542544887
3617.8,3.2730293250327502,0.6805314479908906,29.964419947940634
3619.8,3.257213466727557,1.1153662202142376,29.960112638545368
3621.8,3.243922714356188,1.4645767896089346,29.955622300309106
3623.8,3.2440611124923624,1.4490289684614817,29.950951672119647
3625.8,3.242402612962041,1.4837808496367084,29.946103542702406
3627.8,3.247271805391376,1.3513097043388322,29.941080747453476
3629.8,3.2485701601760586,1.3174629155936963,29.93588616521469
3631.8,3.2482740802770764,1.3287387329703841,29.93052271500014
3633.8,3.2463739071623454,1.3714285714285714,29.924993352683362
3635.8,3.250301014759371,1.266741012183194,29.919301067654665
3637.8,3.2522584566466852,1.218033009207638,29.913448879458098
3639.8,3.2667308401614306,0.8558076513213086,29.907439834417477
3641.8,3.274275997214778,0.6746346961663355,29.901277002261
3643.8,3.2806436008806146,0.5415202700559396,29.894963472753815
3645.8,3.2788950379898596,0.6155800178092057,29.888502352347984
3647.8,3.279100975950418,0.6292727120286217,29.881896760858815
3649.8,3.2825811899559745,0.5696196042547927,29.87514982817706
3651.8,3.2876507259881773,0.4591073524159297,29.868264691025434
3653.8,3.294988344073647,0.2985902007142664,29.861244489768534
3655.8,3.299828877552805,0.2082453496589742,29.85409236528426
3657.8,3.3047321737463093,0.11972597460589861,29.846811455905364
3659.8,3.312177323947757,-0.03140176227781356,29.839404894438722
3661.8,3.3175263296951636,-0.12460662750652661,29.831875805270023
3663.8,3.323702931839071,-0.2365084980490676,29.824227301561212
3665.8,3.332007550700445,-0.39823005188397786,29.81646248254757
3667.8,3.331845291381659,-0.3396991063980572,29.80858443094093
3669.8,3.336774391787073,-0.40892266195370053,29.800596210445093
3671.8,3.3368425689867984,-0.359734027650014,29.79250086338932
3673.8,3.340466493277418,-0.40821039502560974,29.78430140848497
3675.8,3.34419701023392,-0.4483476613504315,29.776000838710154
3677.8,3.341550432822897,-0.32828463026442317,29.767602119326806
3679.8,3.329477061178146,0.026263296565463917,29.759108186033924
3681.8,3.31106192298928,0.5280563389581145,29.750521943260313
3683.8,3.3062465440814415,0.6539314108296943,29.74184626259983
3685.8,3.2901672696968367,1.0783674046897245,29.733082782612385
3687.8,3.2888718873518266,1.09555257671194,29.72423553483754
3689.8,3.289216833646306,1.0782137144283679,29.715307344213297
3691.8,3.319256746584978,0.2973756964312564,29.706300931612688
3693.8,3.35715127038583,-0.64687148920304,29.69721782264504
3695.8,3.3759416666180884,-1.0712544881419614,29.6880605443063
3697.8,3.38811564723127,-1.313044650378891,29.67883316437778
3699.8,3.3922648936968978,-1.3429291248589712,29.669538234283483
3701.8,3.4012212509004587,-1.4929525340876957,29.660178266441704
3703.8,3.4034191728052634,-1.4710977386696658,29.650755734086722
3705.8,3.388636670505565,-1.0089321368871225,29.641273071234764
3707.8,3.3655231510902395,-0.36637472933108745,29.631732672790932
3709.8,3.377534903811385,-0.6427192381883668,29.62213689479333
3711.8,3.388629149207136,-0.8855393461397982,29.61248805478987
3713.8,3.404744255296142,-1.2370101144716363,29.60278843234327
3715.8,3.3894971480423464,-0.7918827077849888,29.593040269659014
3717.8,3.3927169957383807,-0.8280473357304375,29.583245772330844
3719.8,3.3678603902103452,-0.14393550188751641,29.573407110197994
3721.8,3.2928712542595555,1.7528068101654943,29.563526418307962
3723.8,3.348322016890558,0.29822358839762314,29.55360579797838
3725.8,3.364109435356508,-0.09900252021387272,29.543647317951308
3727.8,3.3932891160567955,-0.8179829842505123,29.533653015632897
3729.8,3.3852185173312903,-0.5661658797423375,29.523624898411175
3731.8,3.4456750371309615,-2.0453701095132666,29.513564945044706
3733.8,3.3789154260110186,-0.26681138123883863,29.503475107114344
3735.8,3.3703068121126396,-0.031368618296289334,29.49335731053044
3737.8,3.3710303138177142,-0.03965254811920399,29.483212258308775
3739.8,3.3714714288063043,-0.039527358232828415,29.473043059452145
3741.8,3.3701026236563196,0.006899778084851854,29.46285163212095
3743.8,3.375629695718807,-0.12407125394467576,29.452639808796597
3745.8,3.240668002956028,3.3482458140879063,29.44240940483547
3747.8,3.2224146228225603,3.6600202180107186,29.432162220113675
3749.8,3.2828679955235653,2.01781071522705,29.421900040673044
3751.8,3.41997200392545,-1.4754853237590582,29.41162464036054
3753.8,3.421772932776594,-1.4527546968134712,29.40133778245329
3755.8,3.3643423564766954,0.09049323346342503,29.391041221261474
3757.8,3.3503838079337838,0.4394364720776886,29.380736703701775
3759.8,3.359529752958227,0.2481059299394971,29.37042597083385
3761.8,3.3433028642445364,0.642742879388892,29.36010956057413
3763.8,3.345715874351506,0.5748473526778471,29.349790436424744
3765.8,3.316776521154315,1.304045714483024,29.33947039040255
3767.8,3.3041216437811722,1.5830231812297921,29.329151147873677
3769.8,3.2982966402116856,1.6876692624060659,29.31883443569355
3771.8,3.269119324743926,2.379077822197008,29.308522677095272
3773.8,3.256478335013624,2.623148503487859,29.29821745475616
3775.8,3.06113318315913,7.416441656631336,29.287920251846558
3777.8,3.2095316569288896,3.4250885987366924,29.27763264896044
3779.8,3.2902714888286164,1.3449217844676227,29.26735640559643
3781.8,3.276234795283427,1.6769892451776984,29.257093289027942
3783.8,3.2757966142951513,1.6673930827419499,29.24684507495281
3785.8,3.2584173731416954,2.0728185265229495,29.236613548042047
3787.8,3.2390270432822104,2.513634679863324,29.226400502385296
3789.8,3.202745889515049,3.361996265849533,29.216207741831138
3791.8,3.2002775767776774,3.332136919484676,29.206037080220334
3793.8,3.2116964447647884,2.9723117176293306,29.19589034151118
3795.8,3.3078851706978316,0.48894362683865955,29.18576935979589
3797.8,3.271591074872825,1.4284490489001855,29.17567597920804
3799.8,3.2834395814740223,1.1256154143905635,29.165612053721
3801.8,3.386631472345606,-1.482076730054437,29.155579446837997
3803.8,3.3239472630992437,0.1935809692881166,29.145580031174912
3805.8,3.257114904885689,1.8838436644792667,29.135615687937033
3807.8,3.255044311937131,1.9045685837203155,29.125688306291742
3809.8,3.2334370020535537,2.425061063839511,29.115799782639343
3811.8,3.165128238430586,4.067148020306144,29.105952019784564
3813.8,3.376905922001104,-1.2690606535250848,29.09614692601174
3815.8,3.3547682183038647,-0.6238474523857721,29.0863864140671
3817.8,3.306374670436404,0.6447522284578162,29.076672400051677
3819.8,3.2688247363502563,1.5969095355706606,29.06700680222896
3821.8,3.195711745271802,3.3759542359397643,29.0573915397515
3823.8,3.17873300503321,3.7142857142857135,29.0478285313112
3825.8,3.2625662390609116,1.560205925293818,29.0383196937179
3827.8,3.3777021213915726,-1.2609829073550924,29.028866940411664
3829.8,3.3073398145322774,0.5391893147038979,29.01947268221035
3831.8,3.302782018132528,0.6903622173743401,29.010139112366787
3833.8,3.2821557865947733,1.2174219024205308,29.000867538390086
3835.8,3.2737521257509914,1.428432317765693,28.991659772384228
3837.8,3.2685439825508817,1.5467977284546355,28.98251768557601
3839.8,3.263088565825617,1.6677089185986131,28.973443147155773
3841.8,3.280591013929829,1.2140959175581145,28.9644380118529
3843.8,3.2892658380692033,1.0005226865607315,28.955504118166505
3845.8,3.276844860307328,1.3220922816695193,28.946643286585257
3847.8,3.2610388581332264,1.7031980599864187,28.937857317802578
3849.8,3.24379294741038,2.1134636958499873,28.92914799093398
3851.8,3.2329405459489977,2.3416911660135433,28.92051706174243
3853.8,3.221907433137129,2.569699103892875,28.911966260878415
3855.8,3.2341985774701683,2.2201933777902654,28.903497292140777
3857.8,3.241381159605539,2.009273087554287,28.89511183076446
3859.8,3.236618671969319,2.101403768410554,28.88681152174115
3861.8,3.2422223330496736,1.9394330789365506,28.878597978178796
3863.8,3.2506650036627485,1.7082396232876766,28.870472779705587
3865.8,3.250962014244416,1.6872413247300773,28.862437470923947
3867.8,3.250599247467459,1.6838417174490732,28.854493559919945
3869.8,3.253575512588615,1.6060906141732985,28.846642516833196
3871.8,3.2526052793864735,1.6199486521203903,28.838885772492095
3873.8,3.2272301932440306,2.235002779309523,28.8312242355052
3875.8,3.2157168131118903,2.485714285714286,28.823659108702483
3877.8,3.2208653433839376,2.3178575560461154,28.816192296067893
3879.8,3.215856711005604,2.406444800579865,28.80882517612956
3881.8,3.237172230642652,1.8499233727833868,28.801558958786277
3883.8,3.2854608048811604,0.6618903986434168,28.794394808495696
3885.8,3.308018119196283,0.15243866847670384,28.78733384345359
3887.8,3.2863320476048483,0.7299597778956748,28.780377134869124
3889.8,3.247590349476077,1.7019962916492206,28.77352570633837
3891.8,3.1897980751450508,3.093345607719095,28.76678053331778
3893.8,3.1984902418680643,2.8113496692635365,28.760142542699235
3895.8,3.193023024776275,2.8906329671995534,28.75361261248774
3897.8,3.1976274825038735,2.7258889625298357,28.74719157158262
3899.8,3.2321151599924667,1.8445959219189392,28.74088019966262
3901.8,3.2651516903631626,1.0354018677897523,28.734679227175196
3903.8,3.272741909728029,0.8728034090280122,28.728589335429604
3905.8,3.2783249696256536,0.7637251269909877,28.722611156793363
3907.8,3.249975103571752,1.4771147651347334,28.716745274991172
3909.8,3.2440095511989497,1.6285196127214587,28.710992225505095
3911.8,3.2619643815648174,1.176389748642331,28.70535249607453
3913.8,3.2492253404236613,1.494847605808774,28.699826527294036
3915.8,3.251843867145523,1.4275154932457277,28.69441471330698
3917.8,3.259610586441707,1.24483128649364,28.689117402592526
3919.8,3.2758006195616667,0.8561194147505033,28.683934898843255
3921.8,3.2803036993982237,0.7747484865625938,28.678867461930434
3923.8,3.2551665783315653,1.4108148127959137,28.673915308953674
3925.8,3.2421823189109884,1.7229347671397746,28.669078615371472
3927.8,3.223708601987735,2.1568229445315823,28.66435631743001
3929.8,3.2315030720987763,1.9385632939825923,28.65974974073112
3931.8,3.2179660975230417,2.2521577249913154,28.655259003126524
3933.8,3.2198613335253614,2.1741272431475056,28.650884119645987
3935.8,3.1023353069750885,5.020818327158597,28.646625070860328
3937.8,3.1902207818175943,2.7567005553078214,28.642481804382992
3939.8,3.223174448990169,1.9195639156523634,28.63845423642361
3941.8,3.280293149665247,0.5274645496351379,28.634542253388563
3943.8,3.3092931856918755,-0.13052248197850091,28.630745713523346
3945.8,3.260305880426926,1.1558061277955196,28.62706444859145
3947.8,3.0440020518378175,6.318153085624556,28.623498265584356
3949.8,3.329842035243446,-0.8535726713309917,28.620046948457183
3951.8,3.351555778712262,-1.277336544296336,28.616710259884574
3953.8,3.178255686723721,3.0524728884282357,28.613487943031203
3955.8,3.0758504676103464,5.446175425709895,28.610379723331423
3957.8,3.2300175248663914,1.6090373139912293,28.607385310272438
3959.8,3.2258283129964624,1.709529914363057,28.604504399175536
3961.8,3.3415180631136043,-1.0676396524158678,28.601736672969817
3963.8,3.352775045752464,-1.2648031260387407,28.59908240622705
3965.8,3.4218118158087885,-2.8288287213653023,28.596541473499766
3967.8,3.509016835018107,-4.730584008382103,28.594112834777505
3969.8,3.427404063102295,-2.547798993763352,28.591796149852247
3971.8,3.585816669134404,-6.134089964006858,28.589591075330134
3973.8,3.5177219385644842,-4.291753897647634,28.58749726628864
3975.8,3.4575148674651928,-2.6173407018441956,28.58551437789189
3977.8,3.361678437381099,-0.23037622502929217,28.583642066959577
3979.8,3.364730557728628,-0.26974533363284947,28.581879993484964
3981.8,3.354734147159831,0.007418166657332863,28.580227822097584
3983.8,3.355475113396877,0.010527453748317634,28.578685223466536
3985.8,3.356750288632207,0.0,28.577251875640396
3987.8,3.356451038889298,0.026960990598909985,28.57592746532
3989.8,3.357472012940945,0.021396384230770383,28.574711689060468
3991.8,3.3867669711864967,-0.67206699004649,28.57360425439917
3993.8,3.406981223036912,-1.1146701374673817,28.572604880906617
3995.8,3.405483929827268,-1.0065467506649015,28.571713301157143
3997.8,3.3807582122368074,-0.35594570898147054,28.570929261616993
3999.8,3.3611700722941182,0.1428571428571428,28.57025252344719
4001.8,3.360336717423911,0.17142746847651089,28.569682863219253
4003.8,3.3605400473598492,0.17142089597644966,28.569220073541562
4005.8,3.339555065692976,0.6926498054232565,28.568863963595025
4007.8,3.345420363044355,0.5281864665207869,28.56861435957642
4009.8,3.3614228404732254,0.13824504727186324,28.56847160614049
4011.8,3.3616752930287754,0.1428536186783245,28.56843595787375
4013.8,3.3717751908310407,-0.08768240317635233,28.568506526498396
4015.8,3.3653404128899775,0.08320207428257546,28.56868320701167
4017.8,3.3654115305873313,0.09778561641912802,28.568965923666354
4019.8,3.374366185223337,-0.10701666830137582,28.569354619085637
4021.8,3.366959643442586,0.09068815152735943,28.56984925408649
4023.8,3.3719173254953243,-0.01950565244697866,28.57044980741148
4025.8,3.3609515269716055,0.2591050094932575,28.571156275370097
4027.8,3.3458078759333927,0.6268399744282034,28.571968671390824
4029.8,3.3699708989442403,0.03994671046242225,28.57288764563494
4031.8,3.3686908095716435,0.0860794075705403,28.573913051601348
4033.8,3.3632557633490925,0.22857187175727942,28.575044606317544
4035.8,3.3684968353334686,0.11163447413998445,28.576282213968806
4037.8,3.370021554148077,0.0857142857142857,28.57762597033068
4039.8,3.370440070183764,0.0857142857142857,28.5790759833996
4041.8,3.370361988349177,0.09633248876445125,28.58063237240606
4043.8,3.371164964372982,0.0857142857142857,28.582295266756198
4045.8,3.3704595595314037,0.11422099716315968,28.584064804905353
4047.8,3.37069038359621,0.11790378013717988,28.585941133167097
4049.8,3.37008265326097,0.1428571428571428,28.587924404461624
4051.8,3.3715291570414547,0.1142857142857142,28.590014777007465
4053.8,3.373232010763135,0.0857142857142857,28.59221241296062
4055.8,3.374881376342897,0.0571428571428571,28.59451747700542
4057.8,3.375392409981484,0.0571428571428571,28.596930134901502
4059.8,3.3759142621598137,0.0571428571428571,28.59945055199146
4061.8,3.376437181980695,0.0571428571428571,28.602078891673735
4063.8,3.376843954561574,0.0571428571428571,28.60481531384562
4065.8,3.3773350996026914,0.0571428571428571,28.60765997332103
4067.8,3.376607569725623,0.0857142857142857,28.610613596857736
4069.8,3.376962951655646,0.0857142857142857,28.613676382860508
4071.8,3.377418121378329,0.0857142857142857,28.616847729774648
4073.8,3.3778035198257443,0.0857142857142857,28.62012776281895
4075.8,3.378199986128827,0.0857142857142857,28.623516593544473
4077.8,3.3786626758299665,0.0857142857142857,28.62701431823519
4079.8,3.379090419566371,0.0857142857142857,28.630621016316905
4081.8,3.3793944840206813,0.0857142857142857,28.634336748779585
4083.8,3.379727225635726,0.0857142857142857,28.638161556618133
4085.8,3.3801303949814057,0.0857142857142857,28.642095459296662
4087.8,3.380494374470951,0.0857142857142857,28.646138453241143
4089.8,3.3809600277030367,0.0857142857142857,28.65029051036537
4091.8,3.381264839462167,0.0857142857142857,28.654551576634887
4093.8,3.381493506596836,0.0857142857142857,28.658921570673744
4095.8,3.381720211291999,0.0857142857142857,28.663400382418345
4097.8,3.382108308267135,0.0857142857142857,28.667987871823073
4099.8,3.382498008715456,0.0857142857142857,28.672683867621753
4101.8,3.3828858606804393,0.0857142857142857,28.67748816614911
4103.8,3.383263550991998,0.0857142857142857,28.682400530226246
4105.8,3.383697498483927,0.0857142857142857,28.68742068811364
4107.8,3.384141749889095,0.0857142857142857,28.692548332535573
4109.8,3.3845843316289317,0.0857142857142857,28.69778311977893
4111.8,3.3849466151185648,0.0857142857142857,28.70312466886982
4113.8,3.3853037100298278,0.0857142857142857,28.70857256083073
4115.8,3.3857112943888934,0.0857142857142857,28.714126338020993
4117.8,3.385958133701169,0.0857142857142857,28.719785503562864
4119.8,3.3861507973843037,0.0857142857142857,28.725549520855473
4121.8,3.386435827002131,0.0857142857142857,28.73141781317857
4123.8,3.489134233120859,-2.4062665791679523,28.73738976338758
4125.8,3.5076690058785402,-2.7438991984769037,28.743464713701457
4127.8,3.5124604754732816,-2.7501044174510962,28.74964196558436
4129.8,3.5166838314374793,-2.7438081436642143,28.755920779721976
4131.8,3.521037348539137,-2.742857142857143,28.762300376093023
4133.8,3.5253748797924174,-2.742857142857143,28.768779934136067
4135.8,3.529474196908365,-2.742857142857143,28.77535859301167
4137.8,3.5335708579104614,-2.7428575389874115,28.782035451959583
4139.8,3.537314620445672,-2.742857142857143,28.788809570750054
4141.8,3.541288086310832,-2.742857142857143,28.795679970228594
4143.8,3.5450265350441943,-2.742857142857143,28.802645632952814
4145.8,3.5485207400517025,-2.7422165293230742,28.809705503919787
4147.8,3.5516720492280367,-2.737509140477308,28.816858491382188
4149.8,3.555427001617318,-2.7411995714479023,28.824103467750994
4151.8,3.558638032894412,-2.740517511376815,28.831439270582496
4153.8,3.5618402086530874,-2.742857142857143,28.838865282226493
4155.8,3.565096546209862,-2.7428718167076314,28.846379164604638
4157.8,3.5683536405535086,-2.742857142857143,28.85398137261814
4159.8,3.571386753269802,-2.7456557263445087,28.86166960289603
4161.8,3.574256164997456,-2.7437525968433603,28.86944259541376
4163.8,3.5772772705912987,-2.742857142857143,28.877298906914106
4165.8,3.5800691037292385,-2.74719165803869,28.88523717527251
4167.8,3.583078349989584,-2.754722893416611,28.89325601477817
4169.8,3.5854529561237403,-2.7429104697608615,28.901354017773862
4171.8,3.5886020245703496,-2.7531266265410506,28.909529756344746
4173.8,3.5908259515234553,-2.7428718845684688,28.917781784051673
4175.8,3.5932227924251214,-2.742857521060711,28.926108637703773
4177.8,3.59591666281104,-2.7485980918586246,28.93450883916545
4179.8,3.5983073817511335,-2.748457240293118,28.942980897192612
4181.8,3.600875005418059,-2.751024571110876,28.951523309292565
4183.8,3.602737145850693,-2.745494435826003,28.96013456360267
4185.8,3.6051040129198975,-2.7466670918971285,28.9688131407818
4187.8,3.6072579764504105,-2.74544913274941,28.977557515909506
4189.8,3.6100649414272588,-2.755336068113915,28.986366160387178
4191.8,3.6117242594954115,-2.74842190958261,28.995237543835543
4193.8,3.6139916644989634,-2.7448176911020528,29.004170135983212
4195.8,3.6159352286219453,-2.742857142857143,29.013162408540566
4197.8,3.6178405732742047,-2.742857142857143,29.02221283705356
4199.8,3.619931544498324,-2.742857142857143,29.03131990273187
4201.8,3.621675396159194,-2.7434445441622226,29.040482094246336
4203.8,3.6238963657195784,-2.743909872886425,29.049697909490053
4205.8,3.6255615196107116,-2.742857142857143,29.05896585729826
4207.8,3.6275548045150803,-2.742857142857143,29.06828445912185
4209.8,3.629230742268694,-2.742857142857143,29.07765335221871
4211.8,3.6311411836519265,-2.742857142857143,29.08706994572096
4213.8,3.63330894439092,-2.75185618142606,29.096532881374586
4215.8,3.634459910549075,-2.7435816026379287,29.106040629345067
4217.8,3.6365135667231785,-2.747316742166026,29.11559180358618
4219.8,3.638571456773474,-2.756750187286626,29.125185039043057
4221.8,3.639523917064374,-2.742857142857143,29.134818992901987
4223.8,3.6401447856028657,-2.7114178367961124,29.144492345758838
4225.8,3.641136656973026,-2.7000000706645424,29.15420380270287
4227.8,3.6426761709634845,-2.7012354917031103,29.163952094313327
4229.8,3.6443489949764674,-2.7062431483390736,29.173735977565983
4231.8,3.6463420318387945,-2.711391230775988,29.183554737941797
4233.8,3.647266932297403,-2.7046885430496137,29.193406886857215
4235.8,3.648884742091443,-2.7086546416614365,29.2032917113235
4237.8,3.650549871412881,-2.713132152780224,29.213207662055446
4239.8,3.6520490826929075,-2.7141918768656987,29.223153539996257
4241.8,3.6536590243548424,-2.7128014311316506,29.233128284173823
4243.8,3.6549634984035695,-2.7142857142857144,29.243131380353017
4245.8,3.656308766153861,-2.7142857142857144,29.253161474770085
4247.8,3.6575607692285166,-2.7111574432944106,29.26321787694878
4249.8,3.6590594309288837,-2.70926919684029,29.273299175136646
4251.8,3.659585314228278,-2.6895228319014426,29.283404414033665
4253.8,3.661257690075628,-2.6983274887350537,29.293532724266083
4255.8,3.6629680940564144,-2.707312692581073,29.303683266445546
4257.8,3.664064348121211,-2.7018807664679305,29.31385523081368
4259.8,3.665182765672885,-2.7037737139872102,29.32404783679854
4261.8,3.666549090157952,-2.7064085477794277,29.334260332485293
4263.8,3.667481443117253,-2.6975901950162022,29.34449199400449
4265.8,3.6689114369761286,-2.6973281142971905,29.354742124840968
4267.8,3.6701290821529367,-2.7012542132747135,29.36501005506714
4269.8,3.6712933085154558,-2.693435328787629,29.375295140504466
4271.8,3.672533831416719,-2.692830003407128,29.385596761816988
4273.8,3.6739466038644677,-2.7016402508001724,29.39591432354153
4275.8,3.67498169467061,-2.698472204215635,29.406247253058787
4277.8,3.6765770550564474,-2.7077233046966844,29.416594999510156
4279.8,3.677996164887594,-2.7130574177289595,29.426957032665168
4281.8,3.6792971962193253,-2.712638264878422,29.437332841744468
4283.8,3.680320453813107,-2.7109590924059073,29.447721934203656
4285.8,3.6816861155853116,-2.7142857142857144,29.45812383448318
4287.8,3.6820857827114843,-2.6901989705578946,29.468538082729705
4289.8,3.6836419177671536,-2.7034131952227796,29.478964233494473
4291.8,3.684694487829677,-2.703674097130461,29.48940185441425
4293.8,3.6859890391133163,-2.7027930420562125,29.499850524880205
4295.8,3.687093100133813,-2.701018498287361,29.5103098347007
4297.8,3.6878518056402134,-2.6999999678301774,29.520779382763255
4299.8,3.6891708431976906,-2.699999968899475,29.531258775701467
4301.8,3.6903644470349812,-2.700004509004157,29.541747626572366
4303.8,3.6912195418943723,-2.69999997103807,29.55224555354967
4305.8,3.6923168237767463,-2.696637452707851,29.562752178638288
4307.8,3.6932840307409847,-2.6962930806148178,29.573267126415537
4309.8,3.6948731628773577,-2.7012013976811193,29.58379002280388
4311.8,3.6957214343202294,-2.701206344742795,29.594320493880623
4313.8,3.696950725706309,-2.699999976384559,29.60485816472903
4315.8,3.697867203484719,-2.699999977453857,29.615402658335704
4317.8,3.699029568858906,-2.6999999785231545,29.62595359453875
4319.8,3.7002183028775293,-2.7012018372452364,29.636510589030742
4321.8,3.70129819633573,-2.701514702208844,29.647073252420668
4323.8,3.701979070188627,-2.696289908275339,29.657641189358582
4325.8,3.703360765821141,-2.6985339286359444,29.66821399772631
4327.8,3.7044098968841803,-2.699072164365598,29.67879126789761
4329.8,3.7054334458649403,-2.695996396376868,29.689372582070522
4331.8,3.70611705760513,-2.691409690341934,29.699957513674608
4333.8,3.707545431264016,-2.6996865258456157,29.710545626855353
4335.8,3.7081852960526507,-2.6927415955162175,29.721136476037696
4337.8,3.7090237613000494,-2.6890037786957017,29.731729605570244
4339.8,3.7100857132273335,-2.688175388542449,29.74232454945172
4341.8,3.7110573150420687,-2.6877561436067103,29.752920831140244
4343.8,3.712259946582517,-2.6871314869957788,29.763517963446372
4345.8,3.713183912219624,-2.6902569107174403,29.77411544851
4347.8,3.7142233731852357,-2.691301128151515,29.78471277786104
4349.8,3.7155029057839375,-2.698469530551594,29.795309432563588
4351.8,3.7166290913385627,-2.69775131488987,29.80590488344258
4353.8,3.7174661062178265,-2.6968759599557783,29.816498591391987
4355.8,3.718619421461618,-2.6949907096115595,29.82709000776303
4357.8,3.7195156934506115,-2.696142985015671,29.837678574830594
4359.8,3.7203242832766503,-2.6875379224676013,29.848263726335748
4361.8,3.721364326578532,-2.685714285714285,29.858844888101896
4363.8,3.722471237275031,-2.696083237722944,29.869421478721858
4365.8,3.7232005040542377,-2.6881039261690773,29.879992910312765
4367.8,3.724136839756695,-2.686288997671765,29.890558589335548
4369.8,3.7256479393474953,-2.6978015780456506,29.901117917475187
4371.8,3.726550289850288,-2.698582145215554,29.911670292578172
4373.8,3.7275356579169703,-2.6977880774036485,29.922215109642732
4375.8,3.7288924786886235,-2.7042486622600674,29.932751761857812
4377.8,3.7293165628889597,-2.6919644787753745,29.943279641685923
4379.8,3.7308783666753182,-2.7011857958998893,29.953798141985438
4381.8,3.731924231269011,-2.7011019318806753,29.964306657167228
4383.8,3.7324808064487653,-2.6981726347576904,29.974804584380557
4385.8,3.7336773185694656,-2.7000054141357412,29.985291324723175
4387.8,3.7349944106382225,-2.704012243183352,29.99576628447019
4389.8,3.735742227473287,-2.701061212781294,30.006228876316317
4391.8,3.736375713272777,-2.694960804683892,30.01667852062599
4393.8,3.737674125156965,-2.7028313617154955,30.027114646685927
4395.8,3.7388500035829413,-2.7039077859047342,30.0375366939545
4397.8,3.740157252007496,-2.7131732909120734,30.04794411330222
4399.8,3.7411255675817325,-2.7142857142857144,30.058336368238088
4401.8,3.742213848455682,-2.7124357583063885,30.068712936115947
4403.8,3.743180095989236,-2.713422560447844,30.079073309315685
4405.8,3.744035684573342,-2.7142857142857144,30.08941699639363
4407.8,3.745239846443642,-2.7142857142857144,30.09974352319701
4409.8,3.7461047892049812,-2.7142857142857144,30.110052433937426
4411.8,3.746919571488047,-2.7122654963345623,30.120343292217907
4413.8,3.74814825467713,-2.7126665671717034,30.13061568200923
4415.8,3.749151780905004,-2.71318479753433,30.140869208570297
4417.8,3.750230228379386,-2.7142857142857144,30.15110349930852
4419.8,3.750980607541986,-2.7142857142857144,30.16131820457565
4421.8,3.752136263312278,-2.7142857142857144,30.17151299839503
4423.8,3.753124964117786,-2.7142857142857144,30.181687579116662
4425.8,3.7538424481097192,-2.712044229593593,30.191841669996357
4427.8,3.7549105796736164,-2.710275520574054,30.201975019695727
4429.8,3.7560341577189758,-2.7140678059331207,30.212087402700163
4431.8,3.756204251162408,-2.6960993909232474,30.22217861965199
4433.8,3.7576022682080414,-2.7090264263902823,30.23224849759637
4435.8,3.7576299314093045,-2.685714285714285,30.242296890138185
4437.8,3.75885590724037,-2.685714285714285,30.25232367750773
4439.8,3.7597962253662667,-2.687295664017564,30.262328766534203
4441.8,3.7608180400007636,-2.6916672095835295,30.272312090525716
4443.8,3.7615181777132705,-2.6867905830621965,30.282273709032584
4445.8,3.7624021370741167,-2.68766582780398,30.29221400607475
4447.8,3.763451611414146,-2.6906538731928276,30.302133149712038
4449.8,3.764296134642778,-2.6857584280076234,30.31203078238137
4451.8,3.765095480990324,-2.685714285714285,30.321906839286044
4453.8,3.7663515355303003,-2.687464519209011,30.331761403767732
4455.8,3.767247886157588,-2.688044409867737,30.34159459352164
4457.8,3.767876755286116,-2.685714285714285,30.351406549101544
4459.8,3.7688337931182425,-2.685714285714285,30.361197433011785
4461.8,3.770063322487761,-2.685714285714285,30.370967428716163
4463.8,3.770949486152888,-2.685714285714285,30.38071673956654
4465.8,3.7716901864406425,-2.6858768523698506,30.390445587653925
4467.8,3.772595583391071,-2.685714285714285,30.4001542125857
4469.8,3.773497233064596,-2.685714285714285,30.409842870192097
4471.8,3.7745135532862095,-2.685714285714285,30.419511831166243
4473.8,3.775421625336926,-2.685714285714285,30.429161379641485
4475.8,3.7764586941506755,-2.6857591664921565,30.43879181171048
4477.8,3.7775715377658834,-2.6872183621859342,30.448403433890704
4479.8,3.7782585139578617,-2.685714285714285,30.457996561540924
4481.8,3.779154024240477,-2.685714285714285,30.467571517233733
4483.8,3.780203232897882,-2.685714285714285,30.477128629089258
4485.8,3.7811430852848344,-2.685714285714285,30.48666822907525
4487.8,3.7821547379272547,-2.685714285714285,30.496190651279015
4489.8,3.7830105616668486,-2.686842977983267,30.505696230156833
4491.8,3.783935198003993,-2.685714285714285,30.51518529876618
4493.8,3.7850133018171883,-2.685731603496013,30.52465818698692
4495.8,3.786149298832204,-2.6915749171748393,30.534115822010797
4497.8,3.786942976781702,-2.688571841959315,30.54355873315303
4499.8,3.787936787935303,-2.688722222606971,30.552986533811787
4501.8,3.7893153157095267,-2.702582170072761,30.562399532377654
4503.8,3.789724236610463,-2.6870300501795907,30.571798025841392
4505.8,3.7908492577802653,-2.6937121973259273,30.58118229810957
4507.8,3.7918956910693575,-2.6962867075704224,30.590552016077694
4509.8,3.792463727100272,-2.6904154591996376,30.599908517433455
4511.8,3.793816374293937,-2.6964598419569605,30.609251137472352
4513.8,3.7945021069821223,-2.6928866519751016,30.618580886256954
4515.8,3.795699027262812,-2.693265505727542,30.62789707384575
4517.8,3.796939806996729,-2.7000891693645364,30.637199578256844
4519.8,3.7976477983348107,-2.6974917164160392,30.646489761068413
4521.8,3.798286081252878,-2.686969357822945,30.65576671560903
4523.8,3.7992755511879155,-2.685714285714285,30.665030951540913
4525.8,3.7999899006469713,-2.686732360599198,30.674282592518086
4527.8,3.800940145492269,-2.685714285714285,30.683521668823534
4529.8,3.802068622317106,-2.685714285714285,30.692748180656686
4531.8,3.8030344424666978,-2.686019890452391,30.701962097217148
4533.8,3.8038945039768013,-2.685714285714285,30.7111633558798
4535.8,3.804659577780863,-2.685714285714285,30.720351861464156
4537.8,3.8056000984933886,-2.685714285714285,30.729527485601075
4539.8,3.80666253582341,-2.68422000111052,30.738690066199162
4541.8,3.8074847661527915,-2.6854847796865213,30.747839407013323
4543.8,3.8086032351327006,-2.685714285714285,30.756975277317327
4545.8,3.8096421189240117,-2.685714285714285,30.766097411681944
4547.8,3.8103419563067615,-2.684526531103742,30.775205509860186
4549.8,3.811476387378229,-2.686017321537323,30.784299236780452
4551.8,3.8122583810981823,-2.680796793667532,30.793378222648332
4553.8,3.813206447589061,-2.6845004478806875,30.802442063157425
4555.8,3.814313125245344,-2.685714285714285,30.811490319809167
4557.8,3.8149658920581313,-2.6832749257359256,30.82052252034139
4559.8,3.816047554614922,-2.685714285714285,30.82953815926484
4561.8,3.817248107656837,-2.685714285714285,30.83853669850695
4563.8,3.817971606080447,-2.68571380546337,30.847518261901836
4565.8,3.818891281474143,-2.682454812768874,30.856482214590034
4567.8,3.819943355549509,-2.685714285714285,30.865427447503528
4569.8,3.8207376020010955,-2.6779019442256553,30.874353245515493
4571.8,3.821362223360734,-2.671779394180296,30.883258351985717
4573.8,3.8227175859362617,-2.6854505711186594,30.892142721796176
4575.8,3.823120783495524,-2.6717650797913075,30.90100487813116
4577.8,3.824356814331819,-2.6754365388491568,30.909844818046075
4579.8,3.825346192072548,-2.673479876952285,30.91866177318053
4581.8,3.8261757663409135,-2.677989041275876,30.927454944562225
4583.8,3.8271697450376347,-2.6731393925720077,30.93622351554315
4585.8,3.828143820712011,-2.678088014315029,30.944966653569956
4587.8,3.8288821671613418,-2.671220723622341,30.953683512026096
4589.8,3.830429738317697,-2.6857141282480312,30.96237323214129
4591.8,3.8315109303225947,-2.6852729995924536,30.971034944962952
4593.8,3.8317709192918863,-2.6739321659691777,30.979667773384843
4595.8,3.8325492466110505,-2.6641788787067204,30.988270834227365
4597.8,3.8331589997036284,-2.66054894830021,30.99684324036428
4599.8,3.8342540726553405,-2.659986901024996,31.0053841028901
4601.8,3.835120347525104,-2.657142857142857,31.013892533322608
4603.8,3.8361183542203108,-2.657142857142857,31.022367645834645
4605.8,3.836878919320506,-2.657144833623652,31.03080855950934
4607.8,3.8378450477943624,-2.657142857142857,31.03921440061283
4609.8,3.8388959819555932,-2.657142857142857,31.04758430487847
4611.8,3.839832399871646,-2.657142857142857,31.05591741979649
4613.8,3.840773454250555,-2.657142857142857,31.064212906903155
4615.8,3.8414473012616455,-2.657146164459671,31.07246994406321
4617.8,3.8425038284103854,-2.658884023093602,31.08068772773972
4619.8,3.8433698162475114,-2.657142857142857,31.088865475245136
4621.8,3.844364409594927,-2.6591171090049177,31.097002426967844
4623.8,3.8452608981029113,-2.657142857142857,31.105097848568054
4625.8,3.846312165091448,-2.6581434636442984,31.113151033137218
4627.8,3.8473164504379405,-2.6600766988781595,31.121161303315414
4629.8,3.8481554031837377,-2.6574341134396824,31.129128013360873
4631.8,3.849355702139407,-2.6578881817292204,31.13704945533195
4633.8,3.8501414218028414,-2.657434458614142,31.144926171527533
4635.8,3.851026684914825,-2.65817926410675,31.15275758033601
4637.8,3.8521812714175754,-2.6571433812072507,31.160543286841175
4639.8,3.853042421374811,-2.6604680437212966,31.168282826107582
4641.8,3.8544677769441313,-2.665143568046813,31.1759757763621
4643.8,3.855403105103102,-2.6643975849492,31.18362223876075
4645.8,3.8560560648274476,-2.6624021630838213,31.1912223170796
4647.8,3.857000669051436,-2.657748067822832,31.198774944747242
4649.8,3.8583883460436432,-2.6646619606808897,31.206279883096382
4651.8,3.859583287922725,-2.6791640282193825,31.213736957404578
4653.8,3.860720900881516,-2.677421650077585,31.221146044781406
4655.8,3.861490739592783,-2.673378944220164,31.228507075197133
4657.8,3.8626409791065672,-2.6737660360795474,31.23582003240595
4659.8,3.863108328704718,-2.6643169416612564,31.243084954761414
4661.8,3.864008935539116,-2.66194814725287,31.250301935921566
4663.8,3.865080010158847,-2.6607675652851475,31.2574711254417
4665.8,3.865958840762243,-2.657142857142857,31.26459272925329
4667.8,3.8667224056607425,-2.657142857142857,31.271667010027333
4669.8,3.867699642408212,-2.657142857142857,31.278694287421157
4671.8,3.8689183013299235,-2.657142857142857,31.285674938207844
4673.8,3.8697261003926338,-2.657142857142857,31.292609396287563
4675.8,3.8706159291838587,-2.657142857142857,31.299498152580817
4677.8,3.8718239081877956,-2.657142857142857,31.306341754803395
4679.8,3.872768647592695,-2.657142857142857,31.313140807123606
4681.8,3.8738435433768394,-2.657142857142857,31.319895969702298
4683.8,3.874632051048193,-2.657142857142857,31.32660795811672
4685.8,3.8755069011277583,-2.6553845716196975,31.333277542669368
4687.8,3.876866298553432,-2.6581525466478073,31.339905547583427
4689.8,3.8779885853029725,-2.6640865809269316,31.346492850086605
4691.8,3.8789198907748683,-2.6661528670466708,31.353040379385398
4693.8,3.879854092089198,-2.6646300070963105,31.359549115532236
4695.8,3.8807920138125165,-2.6634341311903484,31.36602123990469
4697.8,3.8820983937429347,-2.671428297517711,31.372456988226883
4699.8,3.8830522666807243,-2.6714262839279006,31.3788572964359
4701.8,3.8840790850622424,-2.666561371672858,31.385223343876294
4703.8,3.884715261300024,-2.6585607961645152,31.391556354222303
4705.8,3.8857970221777527,-2.657142294129676,31.39785759380723
4707.8,3.8865612275148465,-2.6571360298243407,31.404128369871522
4709.8,3.8877637186932708,-2.657142857142857,31.410370028733634
4711.8,3.8886816127909816,-2.657142857142857,31.416583953888487
4713.8,3.8895910870426156,-2.657142857142857,31.422771564037973
4715.8,3.890540892715339,-2.6522283190619906,31.428934311058484
4717.8,3.8918017451378395,-2.657142857142857,31.435073677910566
4719.8,3.8926141389366187,-2.657142857142857,31.441191176495604
4721.8,3.8936823920432433,-2.6556396236360826,31.447288345465065
4723.8,3.8946208881138715,-2.6571160677966534,31.453366747987527
4725.8,3.8956666295685416,-2.6528075956409376,31.459427969479012
4727.8,3.8966294966844517,-2.657142783608,31.465473615302184
4729.8,3.8978440411480424,-2.6556227478002628,31.471505308439976
4731.8,3.898513519623981,-2.65228585341306,31.47752468714938
4733.8,3.8997467961963777,-2.65382328809319,31.48353340260096
4735.8,3.9005066831748434,-2.6524680941843957,31.489533116509982
4737.8,3.901214273819093,-2.6465639493235953,31.495525498764646
4739.8,3.9023778837586165,-2.6509990544168702,31.501512225057233
4741.8,3.9035523906064458,-2.657142857142857,31.50749497452381
4743.8,3.9047377017201192,-2.657133140517288,31.513475427398014
4745.8,3.90568754400428,-2.651881856285319,31.519455262684563
4747.8,3.9060023723218746,-2.637396255472395,31.525436155857815
4749.8,3.906540149200147,-2.628623510536123,31.5314197765908
4751.8,3.9078330031324886,-2.629600655352649,31.537407786520017
4753.8,3.908450331857368,-2.628572202150214,31.543401837051007
4755.8,3.9095701503758895,-2.629610017454702,31.5494035672097
4757.8,3.9105440683844783,-2.628571428571429,31.55541460154449
4759.8,3.9114683264235026,-2.6296528992399564,31.56143654808343
4761.8,3.912512584320455,-2.628571428571429,31.567470996351318
4763.8,3.9136683528004816,-2.6293468951283847,31.57351951545065
4765.8,3.9143659661270247,-2.628841302810095,31.57958245343186
4767.8,3.915492137255074,-2.6311838269755654,31.58566256280143
4769.8,3.9173627072249397,-2.653698784006661,31.59176140036282
4771.8,3.9181613228680927,-2.6529248129560066,31.597880429105565
4773.8,3.918799553077677,-2.63463391996892,31.604021083551288
4775.8,3.9202052675576553,-2.6463604154872207,31.610184768267725
4777.8,3.921353222926957,-2.6510833009743586,31.616372856471813
4779.8,3.922445051771372,-2.6536662410498892,31.622586688724212
4781.8,3.9234017698297237,-2.6518580504170246,31.628827571717068
4783.8,3.9243856565457533,-2.657142857142857,31.635096777156882
4785.8,3.925566265731338,-2.655625008246459,31.641395540743755
4787.8,3.9259255535666804,-2.644442092202181,31.647725061248252
4789.8,3.927152486690709,-2.6452615092655423,31.654086499686635
4791.8,3.9279926815452466,-2.6442405571716545,31.660480978594933
4793.8,3.928733713688139,-2.6381715203082043,31.666909581402283
4795.8,3.93011109894144,-2.6474430638509636,31.673373351903223
4797.8,3.931485566582708,-2.6496239868626184,31.679873293828734
4799.8,3.932082650194702,-2.648395256267601,31.686410370515347
4801.8,3.9332166429325706,-2.644786846915888,31.692985504671277
4803.8,3.9336399475001484,-2.636224649031547,31.699599578238512
4805.8,3.935004143245832,-2.6388742903949813,31.706253432349133
4807.8,3.935657804045756,-2.636153029876279,31.712947867374176
4809.8,3.9365728946514342,-2.629605538104053,31.719683643063007
4811.8,3.937725243506911,-2.6340329986957123,31.726460384176875
4813.8,3.9386918704079874,-2.6393476942743663,31.7332797832828
4815.8,3.939650307356994,-2.6365115573919384,31.740142652590546
4817.8,3.9405417010962878,-2.6334830159058185,31.747049585785497
4819.8,3.941886956475846,-2.640790345487216,31.754001138351118
4821.8,3.942694119829495,-2.641125279785816,31.76099782816448
4823.8,3.943956251578646,-2.6518206414997056,31.768040136162533
4825.8,3.9452566396183184,-2.653104018762502,31.775128507074925
4827.8,3.94610734329538,-2.649601063665559,31.782263350219132
4829.8,3.946805433862816,-2.645754231431359,31.78944504035389
4831.8,3.94830006120734,-2.6528974357296486,31.79667391858602
4833.8,3.949184505994386,-2.6552040702714934,31.803950293326384
4835.8,3.9502605296375273,-2.6541914480956064,31.811274441290006
4837.8,3.9513900401352795,-2.6553251245699987,31.818646608535722
4839.8,3.952133051482835,-2.653527426108004,31.8260670115402
4841.8,3.9525602201490604,-2.634755361460229,31.833535838301575
4843.8,3.9539547986743173,-2.6437824164647843,31.8410532494675
4845.8,3.9545303306468607,-2.6381053755003077,31.84861937948261
4847.8,3.9556575335642017,-2.638250095525649,31.856234337750287
4849.8,3.956817287784045,-2.6463988788093604,31.86389820980357
4851.8,3.957577102407469,-2.639306982238601,31.87161105848025
4853.8,3.9583139477450633,-2.635424504027556,31.87937292509694
4855.8,3.9596300863612974,-2.639128762414806,31.88718383061722
4857.8,3.9606493573524726,-2.6404827989506363,31.895043776808944
4859.8,3.96151214391369,-2.639021238065992,31.902952747385612
4861.8,3.963036867752053,-2.657142857142857,31.910910709127563
4863.8,3.963560132601183,-2.6471711838297987,31.918917612977587
4865.8,3.9645002308502577,-2.642856896581826,31.926973395107133
4867.8,3.9657066717653806,-2.6441663513904325,31.935077977948403
4869.8,3.9663950484928763,-2.642856898720422,31.943231271188065
4871.8,3.967602370170914,-2.6447799651012804,31.9514331727187
4873.8,3.9687754992993955,-2.6492572366889395,31.959683569544065
4875.8,3.9696098982705084,-2.651017782675724,31.96798233863438
4877.8,3.9703721172290507,-2.6463535474032605,31.97632934772845
4879.8,3.971758059374591,-2.6570862857782687,31.98472445607909
4881.8,3.9718688173028958,-2.628845284493367,31.99316751513896
4883.8,3.9726407406474578,-2.6288355679795514,32.001658369184256
4885.8,3.9740192025793193,-2.634858811098709,32.01019685587325
4887.8,3.9747620674307034,-2.628571428571429,32.018782806737995
4889.8,3.9756611729912636,-2.628571428571429,32.02741604760678
4891.8,3.9764168396155957,-2.628571428571429,32.036096398955685
4893.8,3.9774458558136443,-2.628571428571429,32.04482367618807
4895.8,3.882640673955763,0.08576729941521034,32.05359768984037
4897.8,3.8786820976282526,0.09480617187269208,32.06241824571376
4899.8,3.873537841816728,0.1412150780378253,32.071285144930776
4901.8,3.8710049657873573,0.1142828963392159,32.080198183916764
4903.8,3.868020638406656,0.11032919339375752,32.08915715430598
4905.8,3.8344951040545903,0.9735770714592026,32.098161842772875
4907.8,3.8608020987246348,0.11335424217000477,32.10721203078873
4909.8,3.8631220337957592,-0.02842761167441834,32.116307494304884
4911.8,3.848004127698099,0.33024710138463015,32.1254480033634
4913.8,3.8534899845254693,0.09332101995510957,32.134633321636656
4915.8,3.8522924001191354,0.06429138161357492,32.14386320589756
4917.8,3.8409423051148885,0.3224851590311793,32.15313740542231
4919.8,3.8079643736899076,1.1862497151084155,32.16245566132779
4921.8,3.8222373076745972,0.6506524822941667,32.17181770584629
4923.8,3.8613033374747565,-0.5378885603414315,32.18122326153992
4925.8,3.811581733115101,0.8539359195664585,32.19067204045793
4927.8,3.796703802540276,1.1965675076951532,32.20016374323991
4929.8,3.737119734599996,2.7867022605564027,32.209698058168236
4931.8,3.672103738276438,4.448479933333817,32.219274660173475
4933.8,3.79716572557711,0.6706644483310612,32.22889205669223
4935.8,3.79606735743981,0.6601271748226089,32.23855128739462
4937.8,3.814701274545962,0.09124388611438965,32.248251114415226
4939.8,3.7859825136662995,0.887149356225611,32.2579916469288
4941.8,3.7188028310474897,2.730215342070049,32.26777246711987
4943.8,3.817174032674984,-0.18500042416566814,32.27759313640465
4945.8,3.732070749376711,2.229088033360992,32.287453194177694
4947.8,3.711562547342533,2.6911103478692158,32.297352156543326
4949.8,3.6514068331633607,4.256274389848694,32.307289515036466
4951.8,3.368704630887467,12.033653046288734,32.31726473533767
4953.8,3.806652207569885,-1.6019047043178891,32.327276773410034
4955.8,3.6029514976475325,4.370812002944142,32.33732599029689
4957.8,3.4454809774876574,8.711877646984618,32.34741086827575
4959.8,3.488899999171307,7.223002261192619,32.35753054940619
4961.8,3.7689075786943804,-0.9813415984074911,32.367684976036855
4963.8,3.680465258253516,1.5959536705957689,32.37787351908923
4965.8,3.569696621384892,4.78775298602929,32.388095432581046
4967.8,3.596126877120887,3.87424575163542,32.398349924088244
4969.8,3.4653849719824774,7.478573344399563,32.40863616470404
4971.8,3.3984995470651116,9.091278269251994,32.418953287932474
4973.8,3.3981781454817925,8.744482152940527,32.42929991162813
4975.8,3.3630091532038495,9.573941342903627,32.439674654193404
4977.8,3.4978206059217896,5.2692688981249,32.450077314367604
4979.8,3.4100284758472212,7.665199887787769,32.4605068696417
4981.8,3.60890244643662,1.6764625439494576,32.47096224116741
4983.8,3.6094060322652335,1.7103429619918855,32.48144230632619
4985.8,3.4931276442098493,5.075895292516366,32.491945897993375
4987.8,3.484005235785762,5.219338960290858,32.50247180387345
4989.8,3.439844550871633,6.377673019871341,32.51301876590895
4991.8,3.3830194327331,7.867399988868348,32.52358547976605
4993.8,3.375955895698417,7.846262830045186,32.53417059439908
4995.8,3.3800557744220177,7.499710026054697,32.54477271169628
4997.8,3.6808144668211145,-1.3366618828877863,32.555390386208906
4999.8,3.8085740033851327,-4.877675444409197,32.56602212496523
5001.8,3.891483242314218,-6.835889575408071,32.57666638737115
5003.8,3.721623494516278,-1.454428012693422,32.58732158519862
5005.8,3.7205600130741967,-1.2938934442174077,32.59798608266297
5007.8,3.681052120141499,0.0040639877144612035,32.608658196589666
5009.8,3.467351894721074,6.292641683544291,32.619336196671334
5011.8,3.2481928641405013,12.410529587049291,32.630018305815135
5013.8,3.2300531437940787,12.473091407622999,32.64070270058037
5015.8,3.409883245252147,6.8503099993437875,32.651387511706304
5017.8,3.4040475505082988,6.828076357481275,32.66207082472944
5019.8,3.4980392778577825,3.9030349771120876,32.67275068068968
5021.8,3.6088235959233876,0.5595770126206409,32.68342507692421
5023.8,3.57907409414257,1.540880155660282,32.69409196794781
5025.8,3.841264116766746,-6.124327593300263,32.70474926641827
5027.8,3.8462512290792596,-5.858105363066531,32.71539484418494
5029.8,3.7300604867258045,-2.111128610546174,32.72602653341861
5031.8,3.68186760544782,-0.566819523147471,32.73664212782037
5033.8,3.6885341656155406,-0.6286817257484169,32.747238867735085
5035.8,3.6549432623129436,0.44472669481462057,32.75781444459162
5037.8,3.303276074806233,10.960502176685011,32.768367023813454
5039.8,3.001003052082567,19.31922808332142,32.77889440249663
5041.8,3.1327658018333127,14.662231066445418,32.78939420745034
5043.8,3.5138250129760062,2.9786226119389987,32.799864024982504
5045.8,3.4765016029247504,4.090257057224062,32.810301413798456
5047.8,3.4356218756568877,5.237865107375458,32.82070390671324
5049.8,3.552023197752842,1.7027853364996608,32.831069012416485
5051.8,3.636664777961195,-0.7831072427758581,32.84139421728552
5053.8,3.6313141218374487,-0.44391375410124323,32.85167698724306
5055.8,3.5300711111745966,2.676663890966405,32.86191476965485
5057.8,3.494410111359006,3.7005935680926996,32.87210499526373
5059.8,3.4621672669936596,4.6047640620319426,32.882245080155236
5061.8,3.458667761053161,4.618223331918214,32.892332427750695
5063.8,3.4561591939632965,4.606551693287965,32.90236443082371
5065.8,3.402154375186956,6.157659424669543,32.91233847353516
5067.8,3.3537543450071565,7.419417201834758,32.92225193348292
5069.8,3.4158577856616494,5.34674782273979,32.93210218376152
5071.8,3.4414746905647013,4.486050816924229,32.94188659502774
5073.8,3.44591244702958,4.287162749347899,32.951602537567595
5075.8,3.4449033873710486,4.26138583783269,32.961247383360806
5077.8,3.401514587098975,5.497955316605255,32.97081850813831
5079.8,3.398470592183945,5.4798269460344935,32.980312742598784
5081.8,3.3126223443055283,7.927153268680815,32.989727929836576
5083.8,3.258740120442435,9.319043259989927,32.99906074920362
5085.8,3.3718656697839946,5.686328443552084,33.00830930773291
5087.8,3.419703120968775,4.13899342408304,33.01747102095605
5089.8,3.4123979900326944,4.336444003140751,33.02654331948099
5091.8,3.338098836170899,6.53253563670939,33.03552365085237
5093.8,3.3278145050170145,6.715004414832217,33.04440948137344
5095.8,3.3208428535145287,6.78510777963946,33.05319829788657
5097.8,3.3163798516219067,6.786447123219076,33.06188700723521
5099.8,3.316695876524311,6.6496078116399495,33.07047293135715
5101.8,3.3443208092814896,5.705707774874531,33.078954325186324
5103.8,3.3402526964303987,5.74902135704402,33.087328765564415
5105.8,3.3447637960293046,5.527668912504403,33.09559385741794
5107.8,3.3584566558804134,5.052419295996717,33.103747235194824
5109.8,3.3380909244885895,5.62655270331089,33.111786564241015
5111.8,3.3985286353018247,3.695391024881706,33.11970954211543
5113.8,3.4791445107259467,1.3216333182982911,33.12751389984209
5115.8,3.4667065509489263,1.8057024658371978,33.13519740309806
5117.8,3.4473625580467138,2.4896387307409213,33.142757853336455
5119.8,3.429617559931682,3.07278661593768,33.15019308884376
5121.8,3.409688882223823,3.69977370870909,33.15750098573094
5123.8,3.3830428328550237,4.505545183481653,33.16467945885815
5125.8,3.3608515039438065,5.134885896643732,33.171726462693016
5127.8,3.3443007918889602,5.568275322179607,33.17863999210253
5129.8,3.337966854863397,5.6767068261553515,33.185418083079256
5131.8,3.3349168724502483,5.678877725800844,33.19205881340213
5133.8,3.33402238195315,5.617835471315213,33.19856030323278
5135.8,3.3349478965767414,5.5114389046133345,33.20492071564859
5137.8,3.332822836542455,5.496071202026454,33.21113825711325
5139.8,3.3286535693413315,5.5466540997011355,33.21721117788665
5141.8,3.330246685590162,5.424219319700145,33.22313777237529
5143.8,3.329736000827721,5.372707441915092,33.22891637942524
5145.8,3.328183455979698,5.351426775081391,33.23454538255932
5147.8,3.3300860385299575,5.235363386168328,33.240023210160565
5149.8,3.328461680517793,5.2216427646228665,33.24534833560426
5151.8,3.324373329040924,5.288991853878144,33.25051927734074
5153.8,3.322771535404826,5.289305031336114,33.25553459893127
5155.8,3.3210728823997258,5.278544281717011,33.2603929090398
5157.8,3.322606629463458,5.166105913697398,33.26509286138295
5159.8,3.3217996902363214,5.140867799847563,33.26963315464096
5161.8,3.323583747514573,5.033960501805308,33.27401253233245
5163.8,3.3359749365553317,4.610683602724671,33.278229782655764
5165.8,3.3492948630800514,4.176128398916382,33.282283738299675
5167.8,3.3535493435663164,4.042693461538567,33.28617327622644
5169.8,3.359145977526293,3.8584829891815615,33.28989731743008
5171.8,3.36720386383982,3.620169114641867,33.29345482667271
5173.8,3.382631397982718,3.1586700223186672,33.29684481220194
5175.8,3.390163174223613,2.947601339656039,33.30006632545215
5177.8,3.400003570053651,2.677254433841644,33.30311846073254
5179.8,3.4029986763033695,2.627476606930852,33.306000354904654
5181.8,3.402565666641421,2.682559497826492,33.30871118705224
5183.8,3.398452256763146,2.8466592825542136,33.311250178146054
5185.8,3.396334414405374,2.935530842558262,33.31361659070632
5187.8,3.3993093758237265,2.865714662414013,33.31580972846508
5189.8,3.4009363714984366,2.8399528981886197,33.317828936031276
5191.8,3.4005390529455033,2.8723277258921343,33.319673598560435
5193.8,3.4018191345639983,2.8530225536086675,33.321343141431434
5195.8,3.3794068575243266,3.5555250741570346,33.32283702993234
5197.8,3.3600929234286863,4.128147676558515,33.32415476895712
5199.8,3.35394848493964,4.278806965840724,33.325295902715304
5201.8,3.353215256971316,4.255139487157747,33.32626001445582
5203.8,3.6815701096277316,-6.032389713762383,33.327046726207
5205.8,3.690169672913602,-5.912621919759886,33.32765569853368
5207.8,3.692279370743887,-5.60563399818568,33.328086630312725
5209.8,3.691923741010806,-5.243152176652038,33.32833925852805
5211.8,3.679277081850326,-4.5343023119234465,33.32841335808595
5213.8,3.6770799583528015,-4.195550960382702,33.32830874165132
5215.8,3.5863833712101307,-1.122737643218354,33.32802525950541
5217.8,3.5921265431930465,-1.1755490595480556,33.32756279942547
5219.8,3.5938504513411225,-1.1265111948148865,33.32692128658627
5221.8,3.5546385842296453,0.1963632949699569,33.3261006834838
5223.8,3.5112639479298022,1.5634760160327228,33.325100989880774
5225.8,3.4895584032687914,2.2064666329393527,33.323922242773676
5227.8,3.4881362324874536,2.2037262319208235,33.32256451638105
5229.8,3.54581138221011,0.3805248909072464,33.32102792215214
5231.8,3.582116102510204,-0.7189447119561749,33.31931260879541
5233.8,3.5609474756480064,0.027304564283318806,33.317418762325794
5235.8,3.529461029458239,1.0384214406388412,33.31534660612987
5237.8,3.5856072490141977,-0.705763287880086,33.31309640104769
5239.8,3.5992703296405497,-1.0501815507955974,33.31066844546991
5241.8,3.600904157525084,-1.0142127129825547,33.30806307544909
5243.8,3.6018033129849036,-0.9572558573712112,33.30528066482344
5245.8,3.5769197795724965,-0.10973560050942655,33.30232103982973
5247.8,3.5598865737832184,0.44959695841888647,33.299185236446576
5249.8,3.6038147324743215,-0.9046730803182752,33.295873260014694
5251.8,3.5722375888601534,0.14429975322240424,33.292386098970525
5253.8,3.553559099778582,0.7404525649649227,33.28872442309836
5255.8,3.5414242341049205,1.105054305728483,33.28488882980053
5257.8,3.549215598846062,0.8576857968353371,33.280879955771496
5259.8,3.603098611955695,-0.818956407526423,33.27669847713319
5261.8,3.6033586912645363,-0.7650641081193206,33.27234510956823
5263.8,3.603112310152069,-0.697505135573484,33.26782060844915
5265.8,3.601698778448745,-0.6021462953073585,33.263125768961615
5267.8,3.5672086096401436,0.49934703017956533,33.258261426219676
5269.8,3.5982418236642637,-0.46331112572986655,33.25322845537125
5271.8,3.5651690701129777,0.5965872407599356,33.24802777169189
5273.8,3.5677302733498113,0.5134419631099268,33.24266033066507
5275.8,3.54516378548571,1.2010726600857824,33.23712712804736
5277.8,3.5244686045227773,1.8025499078790592,33.23142919991675
5279.8,3.5227746981228463,1.8001243237576505,33.225567622702506
5281.8,3.520354603048246,1.8259577590732372,33.219543513195326
5283.8,3.584656045095605,-0.2074539625562986,33.21335802853615
5285.8,3.528253054149815,1.5320579380979633,33.20701236618257
5287.8,3.5298327441772317,1.4466511401006978,33.20050776385159
5289.8,3.522834097197026,1.641324067345689,33.193845499437714
5291.8,3.5173468906064826,1.7631677057859805,33.187026890905486
5293.8,3.515617372671001,1.775598846776608,33.18005329615575
5295.8,3.557527462388382,0.4267682415141016,33.172926112864715
5297.8,3.5610294118203254,0.3363014485655807,33.16564557951688
5299.8,3.5613097736109096,0.34158566031238685,33.15821440247574
5301.8,3.539692716129323,1.019864479187862,33.15063415728388
5303.8,3.5930763950704154,-0.6120304899973941,33.14290639190377
5305.8,3.552919433984301,0.6578557189901186,33.13503269330537
5307.8,3.5413813814116404,1.0034809780592104,33.127014687108435
5309.8,3.5275770411533283,1.4136782848550538,33.118854657348066
5311.8,3.5192628839024396,1.6372210411930672,33.110553017456816
5313.8,3.5179491556100664,1.632932736730531,33.1021126694217
5315.8,3.5164725925271076,1.6410065327444556,33.09353482706108
5317.8,3.515359323801147,1.636983951966648,33.08482151030208
5319.8,3.539212783909668,0.8611537217518521,33.07597502053211
5321.8,3.5425119119521633,0.7955047321613212,33.06699594258885
5323.8,3.562060842571985,0.19363113850423663,33.057887490027795
5325.8,3.562344341714322,0.21594117248968042,33.04865095030492
5327.8,3.5378127012306564,0.9699330278888016,33.03928831609155
5329.8,3.53816495149131,0.9434978657111012,33.02980161277032
5331.8,3.5476480049582846,0.673565433122374,33.02019289783289
5333.8,3.5255479590548964,1.341068295136441,33.01046426026064
5335.8,3.521516496972589,1.4345175436607045,33.000617819889726
5337.8,3.518293591630692,1.5094847930745954,32.990655726762114
5339.8,3.522762708257474,1.3358215830774052,32.980580160463866
5341.8,3.56857174432167,-0.07697937947711736,32.97039332945241
5343.8,3.5500698739250347,0.5200070920353351,32.96009747037411
5345.8,3.534422107477577,0.9994113244447216,32.949694847373614
5347.8,3.5757242190755765,-0.26058703512368686,32.93918775139658
5349.8,3.555547783892908,0.39238098550901124,32.928578499487145
5351.8,3.5413371819986885,0.832384295331505,32.91786943408143
5353.8,3.5754839960519087,-0.2162467410363274,32.907062922298564
5355.8,3.5810831642308134,-0.3535369534988698,32.896161355230404
5357.8,3.5946308811937095,-0.7030758565601352,32.88516714723122
5359.8,3.5944198400812577,-0.6445586871336982,32.87408273520843
5361.8,3.5587181599472517,0.47327291497360724,32.862910577915514
5363.8,3.570644308155121,0.13280088542276608,32.85165257661826
5365.8,3.536491037943576,1.1712290408420656,32.840311793223044
5367.8,3.527028635292047,1.4134895078435736,32.828890190951945
5369.8,3.5973869088214308,-0.707278676987131,32.817390973720386
5371.8,3.5578786865041434,0.5347806739868322,32.80581669238077
5373.8,3.5507970991923297,0.7474956566504253,32.79416991593449
5375.8,3.564581772417162,0.3097375299320312,32.782453230831976
5377.8,3.599824527496139,-0.7105132025923173,32.770669240280945
5379.8,3.5858970710999514,-0.2540041333848335,32.75882056356295
5381.8,3.5646715605993258,0.4076480618011566,32.746909835357776
5383.8,3.5764868644759966,0.06630416328394242,32.73493970507586
5385.8,3.560721328913725,0.5485719606196005,32.72291283619768
5387.8,3.5539848916992955,0.7349257974275946,32.71083190562022
5389.8,3.553815841064999,0.7300563395775435,32.69869960300921
5391.8,3.553523056630853,0.719315507732179,32.686518630156975
5393.8,3.6020949231849366,-0.7470117845520762,32.674291700344426
5395.8,3.5708384719888597,0.2223342440727287,32.66202153770654
5397.8,3.570891156295331,0.22935909805357632,32.649710876600054
5399.8,3.5543826534212566,0.7152902776248996,32.63736246097222
5401.8,3.595002724669895,-0.5094361086217133,32.624979043729226
5403.8,3.581812591029751,-0.08529977970225801,32.61256338610309
5405.8,3.5823840673502714,-0.08514932118509873,32.6001182570152
5407.8,3.58309873690765,-0.08884055924983578,32.58764643243537
5409.8,3.565950950788013,0.4412229508531005,32.575150694734546
5411.8,3.5947791347973204,-0.416126490659797,32.5626338320296
5413.8,3.5915854569436387,-0.298825435438473,32.55009863751859
5415.8,3.580298488776011,0.06297501361884975,32.53754790880471
5417.8,3.57983512370324,0.08572190236755224,32.52498444720727
5419.8,3.577529476647444,0.16841566409877273,32.51241105705783
5421.8,3.5488799756207516,1.0186712654932688,32.49983054498016
5423.8,3.5480840543214147,1.0082313326770604,32.48724571915182
5425.8,3.5639232393934566,0.5248299541002015,32.474659388546115
5427.8,3.5367411503108954,1.3091888335846287,32.46207436215259
5429.8,3.5227713786838395,1.6709233105776697,32.4494934481745
5431.8,3.51922167702703,1.7230633333211474,32.436919453202016
5433.8,3.521191914283984,1.6072851345296792,32.424355181359324
5435.8,3.5676107835008186,0.22998061214875515,32.411803433424645
5437.8,3.521553780069893,1.5791747387203678,32.39926700592178
5439.8,3.5198387101068263,1.5884832829604527,32.38674869018212
5441.8,3.55402067614651,0.5446831493716566,32.374251271376096
5443.8,3.5615684479052825,0.31824881647689673,32.361777527513134
5445.8,3.5889441471896957,-0.5139815442617869,32.34932915738141
5447.8,3.537011069531508,1.0503314426832078,32.33690988587675
5449.8,3.5809421532512378,-0.2669679942621529,32.324522661346435
5451.8,3.5469157245159972,0.7560364150728842,32.312170215804
5453.8,3.531349210504195,1.1962757010486116,32.29985526906808
5455.8,3.5787794706012277,-0.22949683431767662,32.287580527535276
5457.8,3.561989487627009,0.2916140028487755,32.27534868292142
5459.8,3.5385282876678223,0.9758812693161818,32.26316241097158
5461.8,3.5816707931794625,-0.2915377707178223,32.251024370139326
5463.8,3.5950285506579234,-0.6339578674394207,32.238937200236016
5465.8,3.58543033694175,-0.3111749127044803,32.226903521050964
5467.8,3.5493476947441303,0.7594482748869517,32.21492593094373
5469.8,3.5493001346799846,0.7389867737161575,32.20300700540977
5471.8,3.577452118493004,-0.08363292361756465,32.19114929562089
5473.8,3.586999235622662,-0.3398230344378063,32.179355326942265
5475.8,3.581648625332626,-0.15083912282937742,32.167627597427796
5477.8,3.574360139835277,0.08189465910815416,32.155968576295976
5479.8,3.5736924807034742,0.10946317897322776,32.14438070238833
5481.8,3.571362598144985,0.18590728401357778,32.13286638261289
5483.8,3.575827291516153,0.06391382363601192,32.12142799037512
5485.8,3.5792104394515043,-0.02241625204771693,32.11006786399924
5487.8,3.580980592179031,-0.05920437297278688,32.09878830514246
5489.8,3.582066236727777,-0.0771616291563629,32.08759157720522
5491.8,3.5854303359643303,-0.15561325251795888,32.07647990374052
5493.8,3.5867533513134595,-0.17235924030728283,32.065455466865615
5495.8,3.5870311594568847,-0.15695468398477774,32.05451994740451
5497.8,3.5884275394661507,-0.180726483811766,32.04367514412185
5499.8,3.589162406661119,-0.18496731636095823,32.03292394046021
5501.8,3.5872638401275325,-0.11238903654102012,32.02226834404963
5503.8,3.589283673610864,-0.164839842743299,32.01171029984813
5505.8,3.5887799517208854,-0.13577018010710715,32.00125170252841
5507.8,3.58944093608001,-0.13768419844803942,31.9908943949737
5509.8,3.5840981898080293,0.030051671438282947,31.98064016680568
5511.8,3.5722453196131903,0.3699829077987539,31.970490752947764
5513.8,3.569560572641897,0.44660921686277,31.960447832227388
5515.8,3.5634253849409228,0.608942697625308,31.950513026020893
5517.8,3.553472037280826,0.8702425259802328,31.940687896944414
5519.8,3.546350670819254,1.0468507158972153,31.93097394759409
5521.8,3.5464180921779103,1.0170481033859984,31.92137261933911
5523.8,3.5397112564623745,1.1770978320048378,31.91188529117077
5525.8,3.538058306063331,1.1821086583669402,31.90251327861066
5527.8,3.539884795513157,1.0936801939432468,31.89325783268113
5529.8,3.538191863661164,1.1199590046327228,31.8841195366668
5531.8,3.5383787950617793,1.0847766557972809,31.875100469364007
5533.8,3.5344589370508936,1.1669419484039512,31.866199038112416
5535.8,3.5325522740429207,1.1900559743392722,31.85741803553976
5537.8,3.5299963853896514,1.2335015459882057,31.848758607731078
5539.8,3.532125769670082,1.1391488866043336,31.84022158188454
5541.8,3.5483142149156754,0.6490619769616482,31.831807714122903
5543.8,3.54825275269087,0.6497603114838358,31.823517688970473
5545.8,3.542874070437572,0.7915696146392768,31.815352118908258
5547.8,3.541346166555347,0.8245987066881484,31.807311544008886
5549.8,3.549302770147237,0.5856839420188691,31.79939643165187
5551.8,3.5411491438783265,0.8202514837785977,31.7916071763203
5553.8,3.5294653081477154,1.1364188130072779,31.783944099479342
5555.8,3.5278168953947877,1.1550486779494122,31.776407449536837
5557.8,3.5285363782465224,1.11561648534662,31.768997401886235
5559.8,3.5301385673546393,1.050318132207988,31.761714059031522
5561.8,3.4711490926212742,2.7138592252341915,31.754557450794035
5563.8,3.404302412550021,4.527249920885272,31.74752753460027
5565.8,3.534835575866929,0.5642145906536312,31.740624195850216
5567.8,3.5780788968370234,-0.647515031267909,31.73384724836491
5569.8,3.532652821804144,0.7065737733172384,31.72719643491213
5571.8,3.450842880325064,3.045009345363719,31.720671427808718
5573.8,3.4641997553979302,2.5609103254894348,31.714271829597912
5575.8,3.4514700195175863,2.877382648494903,31.70799717379979
5577.8,3.499988606736515,1.4070377052379184,31.70184692573281
5579.8,3.469166220623411,2.2825239347790696,31.695820483404194
5581.8,3.4847939240491335,1.781204932527458,31.689917178466825
5583.8,3.350938621888149,5.5378924352503445,31.684136277239933
5585.8,3.3879481406016025,4.308488840531354,31.678476981790983
5587.8,3.2434079047814297,8.284788092467004,31.672938431075853
5589.8,3.4214622889461452,2.9553860594862638,31.66751970213419
5591.8,3.363683908912216,4.478634084581677,31.662219811336993
5593.8,3.0389355022715376,13.535189466544958,31.65703771568297
5595.8,2.6976305434095567,22.580290914961708,31.65197231414044
5597.8,2.623100654590041,23.87260821662437,31.647022449031343
5599.8,3.31206057276406,3.7299789419068285,31.64218690745372
5601.8,3.3774323414306022,1.8859953133450862,31.637464422739225
5603.8,3.3808308262824434,1.8406589520054433,31.632853675941917
5605.8,3.3347956381615242,3.1979009514638026,31.628353297354714
5607.8,3.334659772182046,3.1970994026616575,31.623961868049868
5609.8,3.3359925610638306,3.151374213597213,31.619677921439518
5611.8,3.3371531049792047,3.119409064958542,31.615499944852964
5613.8,3.3363756381532124,3.1368849536604273,31.611426381126634
5615.8,3.33503817023434,3.1639788039554215,31.607455630203294
5617.8,3.304857393824458,3.993862702221321,31.60358605073672
5619.8,3.30371417514207,3.986484725835648,31.599815961698408
5621.8,3.302932737878028,3.9645714026876813,31.596143643982632
5623.8,3.3952359467972713,1.3303618554918346,31.592567342006586
5625.8,3.3172742743590984,3.5703548514865537,31.58908526530208
5627.8,3.273937033273901,4.7557329924215725,31.585695590095714
5629.8,3.269828816414786,4.794109886071705,31.58239646087428
5631.8,3.266690647915609,4.811864564113896,31.5791859919323
5633.8,3.2762358806646237,4.470182320606444,31.576062268899026
5635.8,3.2760475877180286,4.418095202070508,31.573023350241925
5637.8,3.271807315152782,4.481140908511867,31.570067268744136
5639.8,3.2706471468880927,4.4586192468168715,31.567192032953397
5641.8,3.267658586094456,4.490738805667859,31.56439562860026
5643.8,3.2662646057285634,4.468338507465894,31.561676019983285
5645.8,3.2653108653059304,4.442195993313077,31.55903115131944
5647.8,3.2678326729487672,4.317739316054198,31.556458948057816
5649.8,3.2402450102873614,5.048771917779965,31.55395731815514
5651.8,3.2165952598742957,5.633864920775801,31.55152415331166
5653.8,3.2103977410650293,5.7189566137813115,31.54915733016621
5655.8,3.2077006997058928,5.6866234529477016,31.546854711449466
5657.8,3.2031911937291713,5.720850957220363,31.544614147094574
5659.8,3.189706579342188,5.999677511372716,31.542433475304524
5661.8,3.163918848499435,6.610752234768756,31.54031052357593
5663.8,3.1979165157043123,5.513477771270992,31.538243109678916
5665.8,3.238454006718249,4.323229212589841,31.536229042593195
5667.8,3.2447933807418172,4.112961987402821,31.534266123400513
5669.8,3.2449281895286473,4.086483195983089,31.532352146133743
5671.8,3.234001068602973,4.370196443374046,31.53048489858346
5673.8,3.226531826522249,4.54149968749714,31.52866216306246
5675.8,3.2264980705600412,4.503524294429885,31.526881717129474
5677.8,3.2250602424033468,4.500510481045461,31.52514133427302
5679.8,3.2243707547695237,4.478050175025924,31.523438784556827
5681.8,3.2227016374295143,4.480599358436419,31.52177183522828
5683.8,3.2121496251836685,4.742063643134371,31.520138251291595
5685.8,3.2062457049431243,4.8560036012432075,31.51853579604744
5687.8,3.203944434549912,4.861755124849038,31.516962231601124
5689.8,3.2006437119871767,4.891170908679077,31.5154150523623
5691.8,3.1977186996694904,4.92267368091918,31.513890761537315
5693.8,3.194406503370429,4.951350196221948,31.51238753509827
5695.8,3.1922862213683803,4.950368633930548,31.5109040053184
5697.8,3.1992825312152227,4.6923980786207835,31.50943791654797
5699.8,3.2685705307924975,2.7274921964903,31.507987013154608
5701.8,3.2225337168596018,4.0460340403902775,31.506549039794894
5703.8,3.196531371058675,4.735366429005401,31.50512174167026
5705.8,3.191270873831712,4.832778734810498,31.503702864769828
5707.8,3.188350862006852,4.851094990503249,31.50229015610309
5709.8,3.185734603780423,4.871237969697035,31.500881363925195
5711.8,3.182958711575892,4.891327140656236,31.49947423795776
5713.8,3.1798985347913162,4.916067028642126,31.498066529608067
5715.8,3.175972724471819,4.96753270995966,31.496655992189527
5717.8,3.173849856183866,4.966449710414626,31.495240381146345
5719.8,3.1733583583951703,4.918324609013488,31.49381745428516
5721.8,3.1771240859855707,4.754731043206814,31.492384972016666
5723.8,3.175113238413344,4.754870917275561,31.49094069760979
5725.8,3.1739647051193973,4.738979365577531,31.48948239746143
5727.8,3.1732300602433,4.712198702396028,31.488007841384185
5729.8,3.1692219930122536,4.776662885084638,31.486514802914925
5731.8,3.166272216917218,4.805430272693458,31.485001059646585
5733.8,3.164415029303696,4.804143951735533,31.483464853017523
5735.8,3.166138572732346,4.70410366657116,31.481903804779485
5737.8,3.1652645877911088,4.679294888198884,31.480315776369793
5739.8,3.163621911516402,4.675577503973625,31.478698163781893
5741.8,3.1397958909106904,5.290833255134382,31.47704872448074
5743.8,3.136492467264188,5.313434574848751,31.47536527516699
5745.8,3.1370274520957047,5.226772759850482,31.47364563933447
5747.8,3.1344994982160514,5.2271665949374455,31.47188764789242
5749.8,3.1314944827481686,5.244212633930631,31.47008913982691
5751.8,3.1285650884405523,5.252090769390068,31.46824796290251
5753.8,3.124154644995231,5.309323032981311,31.466361974405274
5755.8,3.1216421752708876,5.309703709093134,31.464429041927865
5757.8,3.1173305552071167,5.360175651657243,31.462447044197503
5759.8,3.1152000548402397,5.343696786651192,31.460413871947154
5761.8,3.112342661759142,5.355446549303182,31.45832742883021
5763.8,3.111046103843025,5.319666892043585,31.456185632378652
5765.8,3.1066968268889457,5.373142271825638,31.45398641500462
5767.8,3.1038493620539622,5.377945044573019,31.45172772504486
5769.8,3.1030055389066598,5.331066267718163,31.44940752784748
5771.8,3.1576208284366936,3.8029486256514753,31.447023806900294
5773.8,3.3934741864700793,-2.6734925599369994,31.444574564999503
5775.8,3.4804562543743414,-4.747858563056131,31.442058895245538
5777.8,3.4979503136634387,-4.866032458213581,31.439473880952043
5779.8,3.596539553681292,-7.239843257714315,31.43681739074887
5781.8,3.5904214891072326,-6.643413426529669,31.434087523815343
5783.8,3.5703777698023296,-5.699493374114284,31.43128240458043
5785.8,3.5373640782926214,-4.45836380394236,31.428400184128968
5787.8,3.425667527686008,-1.1919738892719938,31.425439041633524
5789.8,3.408981278864021,-0.5954191767961248,31.42239718580942
5791.8,3.3777864584994592,0.3488728894881194,31.419272856389945
5793.8,3.445274813402753,-1.4838237010413229,31.416064325619008
5795.8,3.4372337787619887,-1.1336339834066436,31.412769899757876
5797.8,3.4407057887236143,-1.1196840685760634,31.409387920602992
5799.8,3.4414890769784865,-1.0356324273755424,31.40591676701112
5801.8,3.3772008563218376,0.7757668101846509,31.4023548564286
5803.8,3.4075251836183806,-0.029468910169801653,31.398700646420764
5805.8,3.400719147988601,0.2134847977809524,31.394952636197843
5807.8,3.393993795625922,0.4354010137448336,31.391109368133463
5809.8,3.412209821946433,-0.03132204496569786,31.387169429271708
5811.8,3.4315942327910625,-0.5139019172353171,31.38313145281878
5813.8,3.3333700706647194,2.2374798578459725,31.378994119615065
5815.8,3.3556272004217127,1.5714976760964885,31.374756159583505
5817.8,3.3592574415435803,1.4585985402560582,31.37041635315009
5819.8,3.2280894994179428,5.034305359065083,31.365973532632292
5821.8,3.240594521022493,4.507425216825372,31.36142658359128
5823.8,3.2767266100639376,3.377139948028982,31.35677444614366
5825.8,3.3816721375934575,0.48308143282341126,31.35201611622876
5827.8,3.3544506812552872,1.256316832962735,31.34715064682725
5829.8,3.346970989880588,1.4594581783438734,31.342177149127217
5831.8,3.337958759288635,1.702654679961906,31.33709479363365
5833.8,3.3316387075802845,1.8504989544751926,31.331902811217596
5835.8,3.31709666200773,2.2250909479858176,31.32660049410135
5837.8,3.3202314062866902,2.100974314000323,31.32118719677586
5839.8,3.309957589473145,2.3446796369604797,31.315662336847286
5841.8,3.302415435163707,2.5010671415563515,31.31002539580916
5843.8,3.3019609999596238,2.4585586047910764,31.304275919737194
5845.8,3.2986765122858714,2.506683809196282,31.298413519903846
5847.8,3.3025238394406555,2.3490454734215507,31.292437873310018
5849.8,3.308673063732968,2.1363194408224415,31.28634872313121
5851.8,3.3222578844420947,1.741810965721671,31.280145879076233
5853.8,3.32825860904155,1.5626105719611956,31.27382921765622
5855.8,3.3437180067204957,1.1432707166039502,31.267398682362316
5857.8,3.3778268951345223,0.234532516933244,31.260852862462972
5859.8,3.3686040137993745,0.5256479625678783,31.254192028350484
5861.8,3.3284134147472533,1.642704455758908,31.247417134457997
5863.8,3.35632286522441,0.87568419503512,31.240528558143073
5865.8,3.429844704387758,-1.0933816662213351,31.23352655782224
5867.8,3.4839232408411567,-2.46570450678552,31.226411456619292
5869.8,3.5920678476016596,-5.147534884578275,31.21918364179329
5871.8,3.46135351930222,-1.357878091185493,31.211843564067216
5873.8,3.4534997849006954,-1.0475065905494814,31.204391736857758
5875.8,3.4552525507199205,-1.0198913473292177,31.196828735407276
5877.8,3.4562524010977085,-0.9656823627851191,31.18915519581931
5879.8,3.3969638776063933,0.6963247080290412,31.18137227343119
5881.8,3.3965779245253493,0.7005723733433611,31.173479817480093
5883.8,3.44800052628285,-0.6940844865822575,31.165480234342034
5885.8,3.4327154798083424,-0.23211829891491836,31.157373215262748
5887.8,3.4105467274589385,0.3862428206206531,31.14915962297315
5889.8,3.402418118451048,0.6154878408643849,31.14084043980963
5891.8,3.4242235311587,0.04155473669140208,31.132416699247134
5893.8,3.4113851130930195,0.41373574840454824,31.123889484273846
5895.8,3.4117532589008492,0.4065022476186594,31.115259925692737
5897.8,3.4108872583681373,0.42664950433619275,31.10652920035425
5899.8,3.411143110599694,0.4305760532588804,31.09769972810324
5901.8,3.4115912886397166,0.4170231444118143,31.088771542600036
5903.8,3.4117569653101563,0.4170628119453502,31.079745887828764
5905.8,3.4139892055077157,0.3645265744243102,31.070624112586323
5907.8,3.396846699780812,0.8262820195553032,31.061407601551135
5909.8,3.383246295862273,1.171457944877114,31.052097773228724
5911.8,3.3702950185256335,1.4881093630187165,31.04269607786109
5913.8,3.3751812380653337,1.313721333064483,31.03320399530524
5915.8,3.3750808195005386,1.2843984971332465,31.023623032886505
5917.8,3.375461785374497,1.2483182184071613,31.01395472323232
5919.8,3.3735526899449195,1.2657372656875863,31.004200622092036
5921.8,3.3726941657445044,1.2673571660947425,30.99436230614857
5923.8,3.372260246627455,1.2510284662119862,30.98444137082742
5925.8,3.275592203180568,3.817730433435973,30.97443942810888
5927.8,3.2510928089566136,4.33502235078068,30.964358104348857
5929.8,3.2520582447800654,4.148475004375949,30.954199038113998
5931.8,3.327321336834396,2.027502185829814,30.94396387803649
5933.8,3.3319807718496564,1.8620310388621273,30.933654280693922
5935.8,3.331559227057811,1.8333868154563076,30.923271908519244
5937.8,3.325503543444913,1.9620447237398198,30.9128184277462
5939.8,3.3110177975005715,2.2995068875778784,30.902295506394935
5941.8,3.2658718023080735,3.4387119220149183,30.89170481230232
5943.8,3.331900765889793,1.587924258299255,30.881048011202004
5945.8,3.306526848317801,2.2396409900585414,30.87032676485787
5947.8,3.2949357963136703,2.493887462830009,30.85954272925547
5949.8,3.3099271304856197,2.033387962868001,30.848697552854983
5951.8,3.3109032293843645,1.9750081518271456,30.83779287490922
5953.8,3.315633204053573,1.817368753622052,30.826830323850132
5955.8,3.314094641424986,1.826075658147702,30.815811515746688
5957.8,3.312377942407175,1.8459912985602511,30.804738052836807
5959.8,3.343563104201214,1.018758935129577,30.793611522135787
5961.8,3.34150228289648,1.083093613000795,30.782433494123296
5963.8,3.339571656857266,1.1359524329731652,30.771205521510687
5965.8,3.3319333626124035,1.3519687943387975,30.759929138090122
5967.8,3.304702981173162,2.047648524138264,30.74860585766649
5969.8,3.2942872166725503,2.285289977437887,30.73723717307319
5971.8,3.2927343899993473,2.272379945770653,30.725824555271895
5973.8,3.289757886446963,2.3040109599342546,30.714369452536783
5975.8,3.285278583046241,2.3776738558204458,30.702873289722863
5977.8,3.283469723774034,2.372639089082408,30.69133746761798
5979.8,3.2812701848590646,2.384712146697743,30.67976336237767
5981.8,3.27804270221803,2.4247481245158027,30.668152325041905
5983.8,3.2790909787080036,2.332700936230508,30.65650568113209
5985.8,3.2964978368791313,1.8508760649520217,30.644824252121335
5987.8,3.250562457913902,3.0244490190720237,30.633109019881672
5989.8,3.308147875874186,1.439501161186742,30.621361883975506
5991.8,3.2964466068417844,1.7561693584123415,30.60958447847221
5993.8,3.2450250881778353,3.0592674492836944,30.597777542575425
5995.8,3.3258409839658625,0.881218045970332,30.585943177678953
5997.8,3.297383089058687,1.6507465529492158,30.57408173182154
5999.8,3.2855653722520213,1.9483388513011202,30.562194305234293
6001.8,3.237490849174786,3.1589935117147863,30.55028198535949
6003.8,3.3968708162702024,-1.0308905821956436,30.538345833868078
6005.8,3.3103444599493574,1.2893176564947,30.526386886970414
6007.8,3.430759733106108,-1.8455509790369946,30.514406155772658
6009.8,3.415724142178074,-1.315002248622151,30.5024046266746
6011.8,3.4129966622203805,-1.1322521912935848,30.490383261805395
6013.8,3.3183415600489865,1.4000176479364137,30.478342999492877
6015.8,3.189182815214629,4.735305217046454,30.46628475476273
6017.8,3.614039845744818,-6.316358911053829,30.454209419863414
6019.8,3.4918091880857367,-2.8484624812171595,30.44211786481295
6021.8,3.450778470915753,-1.6461217719210703,30.43001093796363
6023.8,3.4538307689562937,-1.584908880486275,30.417889466580874
6025.8,3.424457532768276,-0.7398023265577545,30.405754257432424
6027.8,3.42684077882259,-0.7723561291804397,30.39360609738427
6029.8,3.4269693202410245,-0.711964363797183,30.381445753999863
6031.8,3.394432582522479,0.19171698769133247,30.36927445434463
6033.8,3.3954840152160504,0.17794781543012633,30.357093363797645
6035.8,3.379194528914951,0.6060109374091968,30.344903565392663
6037.8,3.3630792354411603,1.0065196928022064,30.332704906284714
6039.8,3.418926735363303,-0.4580387169198841,30.32049788845939
6041.8,3.404278557054355,-0.03106824218951945,30.30828319558774
6043.8,3.3410801018608773,1.5964401620559503,30.296061497433087
6045.8,3.3392393272259593,1.5940698666903357,30.283833450455795
6047.8,3.400246942371511,0.038791943800145515,30.271599698402238
6049.8,3.339078041205975,1.6144436388717633,30.259360872877156
6051.8,3.3325857536593064,1.72486418434634,30.247117593897926
6053.8,3.3548069657979913,1.1128028391463267,30.23487047043023
6055.8,3.359613006848735,0.9919025184721122,30.222620100904773
6057.8,3.428857634151311,-0.8002591045650036,30.210367073714426
6059.8,3.425716619693554,-0.659664213750573,30.198111967692284
6061.8,3.3788255421367763,0.5650393995156175,30.185855352570698
6063.8,3.3584357522741666,1.077773978653848,30.173597789421986
6065.8,3.3889894883037224,0.27814793652446185,30.161339831081527
6067.8,3.3985399893122836,0.04972213245450074,30.149082022554516
6069.8,3.4013918982591758,-0.002490751216574905,30.136824901407497
6071.8,3.3874575039024237,0.36841937353303117,30.124568998146348
6073.8,3.387496413842623,0.3753237519511088,30.112314836582456
6075.8,3.384306551108325,0.46351505388470643,30.10006293418903
6077.8,3.379546620148335,0.5803795088001816,30.087813802449737
6079.8,3.375648029270391,0.6770725476880709,30.075567947201996
6081.8,3.3736555684491374,0.7170671654317997,30.063325868977394
6083.8,3.3745437953470163,0.6812709993761895,30.05108806334184
6085.8,3.3714506590110167,0.7524420349972262,30.038855021238327
6087.8,3.3678218365743677,0.8309352252693333,30.026627229335006
6089.8,3.3650758713505815,0.8849558247363136,30.014405170381554
6091.8,3.3620057523360134,0.9468293281373988,30.00218932357693
6093.8,3.3575960199476524,1.0398953001706752,29.989980164951454
6095.8,3.356341467041804,1.0512381419910681,29.977778167766246
6097.8,3.357447004798193,1.001410108160254,29.96558380293327
6099.8,3.3561936194120188,1.0204094559656547,29.9533975394587
6101.8,3.3517807673103723,1.10573425823609,29.941219844912904
6103.8,3.353487944352395,1.043400336422249,29.929051185929755
6105.8,3.358938514692778,0.8880683191439542,29.9168920287382
6107.8,3.360586399740423,0.8350980259656025,29.90474283972868
6109.8,3.3592041445857417,0.8559222826751619,29.8926040860571
6111.8,3.355760502851943,0.932536367927687,29.880476236288718
6113.8,3.3518027820260814,1.015841397610135,29.8683597610841
6115.8,3.3541469624945157,0.9412403445427611,29.856255133929395
6117.8,3.3691654955886743,0.5568060985495085,29.844162831912488
6119.8,3.380492179101572,0.28011702364219543,29.832083336546916
6121.8,3.3829438654277055,0.2357739953619882,29.820017134644687
6123.8,3.3876401511801646,0.1370261347721478,29.807964719239138
6125.8,3.388743168609861,0.1293015314882252,29.795926590558764
6127.8,3.3861295521531285,0.21539844729140403,29.783903257052327
6129.8,3.383965689910462,0.2840403176147458,29.77189523646565
6131.8,3.3863185825582085,0.24113720204667854,29.759903056969904
6133.8,3.3859744366948368,0.26294485580488614,29.747927258340944
6135.8,3.3763409818669703,0.5073479130432252,29.735969544905632
6137.8,3.386968074741015,0.2490700307683315,29.724029641181275
6139.8,3.3881457771691195,0.23304488506961843,29.71210923652094
6141.8,3.3799583403288462,0.4498215163659791,29.700207820340495
6143.8,3.379073063731141,0.4742366859506868,29.68832596422134
6145.8,3.3691002232794824,0.7206113249640881,29.676464325039614
6147.8,3.3687055973370645,0.7230990200110646,29.664623582254602
6149.8,3.363268795700956,0.8417358771925719,29.652804439528705
6151.8,3.4082294189636984,-0.28024029213961676,29.641007626384166
6153.8,3.4206209647284105,-0.5594545842508432,29.629233899893084
6155.8,3.437799765328732,-0.9322487045183332,29.617484046396658
6157.8,3.4156943549820973,-0.32613084030422235,29.605758883249724
6159.8,3.399867479053831,0.08996597507618541,29.594059260585844
6161.8,3.395757613872135,0.20605505634013552,29.582386063098394
6163.8,3.3502020425927133,1.3480790213809335,29.570740211832625
6165.8,3.285881772789978,2.860973854273597,29.55912266598333
6167.8,3.3169120726848758,1.9908170366172728,29.547534424692895
6169.8,3.3350903977853594,1.4833763542698808,29.535976528843804
6171.8,3.345487805167965,1.1865186003314796,29.524450062839907
6173.8,3.351846675392891,0.9990356719113529,29.512956156370485
6175.8,3.356859365311342,0.8632203163001162,29.50149598615074
6177.8,3.3598661551128925,0.7757371784685069,29.49007077763269
6179.8,3.3598639218215944,0.7648321066544733,29.47868180667989
6181.8,3.359157297319774,0.7717544807616319,29.4673304011997
6183.8,3.3586874472602632,0.7757967134839477,29.456017942726422
6185.8,3.3471054396977395,1.0543395795612012,29.444745867949038
6187.8,3.3482788540499175,1.0062393779375907,29.433515670176742
6189.8,3.3480351270407995,0.9910814435568226,29.422328900736037
6191.8,3.3486819852601246,0.9660401192862081,29.411187170292813
6193.8,3.349693139172767,0.9236758562957229,29.400092150093027
6195.8,3.2502787825023156,3.361313057620331,29.389046051321483
6197.8,3.0889457343232167,7.207125239141375,29.3780511043771
6199.8,3.047428601585719,7.9001508114111845,29.367109681494963
6201.8,3.1517905337648164,5.066526215887875,29.356222583688528
6203.8,3.225122695885431,3.14752831592757,29.345391754480456
6205.8,3.158204083096578,4.637637617275971,29.334619268954818
6207.8,3.246344759488917,2.3757087327494677,29.32390727005194
6209.8,3.244315841240534,2.3788750732345822,29.313257969032726
6211.8,3.231966248889034,2.62980948883086,29.302673645816242
6213.8,3.237657774781062,2.4355965233087677,29.292156649186655
6215.8,3.243102142880208,2.257147432924707,29.281709396865637
6217.8,3.2416674906810132,2.257185059220721,29.271334375446816
6219.8,3.239823633004402,2.2665738142491305,29.261034140189185
6221.8,3.204414707733029,3.0697398067083026,29.250811314666713
6223.8,3.200745634836624,3.0853523458148673,29.240668590271817
6225.8,3.380913691347891,-1.311825269172242,29.23060872557075
6227.8,3.3847799242252323,-1.278207022844253,29.22063454550936
6229.8,3.388443019977577,-1.2410690469537515,29.210748940468036
6231.8,3.4020717567899093,-1.461310034591183,29.200954865165173
6233.8,3.4152250956060874,-1.6378876910806561,29.191255337408816
6235.8,3.396661111259717,-1.0731288529221419,29.181653436696582
6237.8,3.227693153784884,3.0613360584563956,29.172152302664493
6239.8,3.2161515009416943,3.2369791362371148,29.16275513338557
6241.8,3.2114229127019893,3.2524192824869167,29.15346518351974
6243.8,3.3835868603656647,-1.0079858239716457,29.144285762316738
6245.8,3.329664262375178,0.3710979396211769,29.135220231474346
6247.8,3.296178122027163,1.1997710442204357,29.12627200285462
6249.8,3.265113389973124,1.9241335526310732,29.1174445360611
6251.8,3.2629195531005935,1.9433309719493834,29.10874133588058
6253.8,3.322690891528924,0.5157217515111047,29.10016594959318
6255.8,3.2815746645559685,1.5031466752598248,29.091721964155028
6257.8,3.3480822263278878,-0.05503985497487899,29.083413003258038
6259.8,3.266662424072517,1.9399581871030576,29.075242724272
6261.8,3.258371729266893,2.0983378452889565,29.067214815073754
6263.8,3.3875984102183025,-1.024472797279176,29.05933299076967
6265.8,3.4397262164633537,-2.175689342703304,29.051600990316715
6267.8,3.4692577874435555,-2.712696727703873,29.044022573048792
6269.8,3.488372393336479,-3.003936138915147,29.036601515114484
6271.8,3.400286730839511,-0.7362846245182697,29.02934160583294
6273.8,3.4011674955130493,-0.6928911985382107,29.02224664397496
6275.8,3.273741509540739,2.371933710492227,29.015320433976175
6277.8,3.2946093839249437,1.7868763944788117,29.00856678208973
6279.8,3.3104855476768815,1.3510250334408376,29.00198949248599
6281.8,3.3706195146305533,-0.07721475392114685,28.995592363306606
6283.8,3.2091212589461633,3.7664113141382405,28.989379182680903
6285.8,3.342260299634133,0.4825242765535181,28.983353724712185
6287.8,3.2882682898758113,1.7568296362133422,28.977519745441885
6289.8,3.2884770636870013,1.7176171274499912,28.971880978799376
6291.8,3.3986228155397584,-0.9629245535235019,28.966441132545437
6293.8,3.4504812993880694,-2.088379034497626,28.961203884217177
6295.8,3.3657544076561847,0.018997794126429813,28.95617287708229
6297.8,3.402199588356197,-0.8109677858146456,28.951351716110512
6299.8,3.2880526644444026,1.9280134288339663,28.946743963969944
6301.8,3.4023810601517015,-0.8689807000032429,28.94235313705591
6303.8,3.292409706767328,1.7860239020449091,28.93818270155985
6305.8,3.4017496255538977,-0.8228576617940161,28.934236069585616
6307.8,3.402084583800627,-0.7739843171944989,28.930516595320398
6309.8,3.4036517032181353,-0.7523518761176006,28.927027571267313
6311.8,3.289623803479188,1.9991760500662767,28.923773520561017
6313.8,3.2588787456375012,2.653847514216913,28.92075633956032
6315.8,3.1264093804166193,5.690420795430734,28.917979332243817
6317.8,3.1748526288703824,4.272610361136257,28.915446681552435
6319.8,3.3934093372832987,-0.964822741029833,28.913160208778265
6321.8,3.286628127100256,1.6271301429735134,28.911122716562378
6323.8,3.2856881052788145,1.6102640159898014,28.90933698740963
6325.8,3.3538308780702786,-0.030961242699188367,28.907805716433202
6327.8,3.2748335249534892,1.830523010059914,28.90653035407958
6329.8,3.273661401426303,1.8177845190850723,28.9055146479125
6331.8,3.2762822488707832,1.7043323743148857,28.90476171303936
6333.8,3.3907607719603576,-1.0107113686821163,28.904273759191714
6335.8,3.2731262115070314,1.8220265277936816,28.90405377729749
6337.8,3.270098988739873,1.8484996496711676,28.904102448082078
6339.8,3.200000474719348,3.4446213458892014,28.904421580916875
6341.8,3.1957282913409455,3.4288216516229975,28.90501308346875
6343.8,3.1089747435704216,5.35791623254719,28.905878761523976
6345.8,3.129062187199548,4.649647401080958,28.907020310033978
6347.8,3.2140266462162757,2.5919976455287395,28.908439311686983
6349.8,3.2351394846863926,1.9682432907567007,28.91013723562457
6351.8,3.2515477400149786,1.567300860282592,28.912115436303853
6353.8,3.2294951768024154,2.0649111154979107,28.91437515250557
6355.8,2.9475972880451735,8.689139377951395,28.916917506487987
6357.8,3.008486629096522,6.8391382331502735,28.919743503286227
6359.8,3.3451201541362905,-1.1420849858009712,28.92285403015601
6361.8,3.232514073160563,1.5976214726105111,28.926249856161093
6363.8,3.2869127467688326,0.23729602147064618,28.929931631902505
6365.8,3.3495772585610935,-1.1328367990146369,28.933899889388062
6367.8,3.2989027210869133,0.1978779929274368,28.93815504203999
6369.8,3.3568979798586405,-1.1042670090422997,28.942697384838237
6371.8,3.3611346534847257,-1.0899864178213436,28.947527094596786
6373.8,3.3267021300690764,-0.19665984397708305,28.95264423037003
6375.8,3.2189598921427853,2.3599573736968895,28.958048733985986
6377.8,3.3655889090240017,-1.1663237046328947,28.96374043070285
6379.8,3.273876681360596,1.0625994347304528,28.969719029985264
6381.8,2.99122474313038,7.715528765799709,28.975984126396206
6383.8,3.3020516731655727,0.13504626137028056,28.98253520060065
6385.8,3.06899389213911,5.635158516972081,28.989371620476412
6387.8,2.7665539974153277,12.423748545762617,28.996492642327976
6389.8,2.7414662987471003,12.478698886027994,29.003897412198498
6391.8,2.843707773152316,9.585308439996725,29.011584967275382
6393.8,2.9168187041710305,7.586610356918255,29.01955423738439
6395.8,2.89646493854055,7.810688762734556,29.027804046567613
6397.8,3.01607127704365,4.757627750332548,29.036333114739996
6399.8,2.939330326917354,6.457623065640902,29.045140059419488
6401.8,2.9257096063387267,6.597315421370528,29.05422339752568
6403.8,2.9205920717157343,6.540202512095342,29.063581547241718
6405.8,2.9137519792647644,6.528792393980162,29.073212829934405
6407.8,2.9069551507498526,6.521099795532002,29.083115472127226
6409.8,2.8985550859935625,6.552318115793537,29.093287607521393
6411.8,2.890139666976389,6.586081839429779,29.103727279059612
6413.8,2.882469655401853,6.604771319257059,29.114432441027642
6415.8,2.8752611600281353,6.618892147028563,29.1254009611888
6417.8,2.8707343247268002,6.566941696990317,29.136630622946434
6419.8,2.8485842014131677,6.914215382086197,29.14811912752968
6421.8,2.8425526534430787,6.895310752701384,29.159864096197893
6423.8,3.1805524486945163,-1.052461442454148,29.171863549460333
6425.8,3.537900994971253,-8.902051253198843,29.184115392099308
6427.8,3.5326151155144747,-8.137400682474347,29.19661623466287
6429.8,3.3014904849579514,-2.379945115160395,29.209363396392494
6431.8,3.26017166904101,-1.187515758860977,29.222354618718505
6433.8,3.203579227188329,0.2752831866026696,29.23558726737902
6435.8,3.271877619992475,-1.1491527660522578,29.249058195371564
6437.8,3.2956850341128847,-1.530389905442761,29.26276425058094
6439.8,3.390183107423527,-3.4950337525260537,29.276702443390953
6441.8,3.295004810834548,-1.05348075194485,29.29086974127625
6443.8,3.2979026628565915,-1.0383044942258182,29.305263057673944
6445.8,3.3717694066897703,-2.6444896435470002,29.31987925420899
6447.8,3.3148456394263484,-1.097384105924379,29.33471514289909
6449.8,3.2504204063861484,0.5317538060977751,29.34976748833703
6451.8,3.3125110992966773,-0.8776856990932277,29.36503300984898
6453.8,3.305577707010618,-0.6120458684795927,29.380508383627596
6455.8,3.196657186286002,2.0187432181266725,29.39619024483853
6457.8,3.0811298285787663,4.652519607483829,29.412075189699596
6459.8,3.006566950954928,6.189879842334011,29.42815977753209
6461.8,2.769808736668416,11.438640987781785,29.444440532783297
6463.8,2.7144617722417963,12.164625216425822,29.460913947020554
6465.8,3.1265396854806213,2.1057938890739294,29.477576480896182
6467.8,2.8812102376115205,7.732038374022783,29.494424566083808
6469.8,2.860908935065985,7.888730786323842,29.511454607186156
6471.8,2.846416810677626,7.9193065151790005,29.52866298361487
6473.8,2.828757121842392,8.015372645891574,29.54604605144276
6475.8,2.9007545296738133,6.016327907870702,29.563600145229643
6477.8,3.0497792552281737,2.4736728520177835,29.581321579822053
6479.8,3.022468386297975,3.1237681934214363,29.599206652128505
6481.8,2.975512951282379,4.173971038793717,29.617251642870887
6483.8,2.8973045868150127,5.87209010252732,29.63545281831342
6485.8,2.8493711422078905,6.7835775271044065,29.653806431970505
6487.8,2.8294910023081905,6.989752273713255,29.672308726294812
6489.8,2.817770418221294,6.997944391314593,29.690956053544557
6491.8,3.1001116231020074,0.41419169665435657,29.709744991342642
6493.8,2.906316245755158,4.914270724105328,29.72867308840242
6495.8,2.8665870964310107,5.689770260230443,29.74773464773895
6497.8,2.7356979394924,8.463930286183448,29.76692581450236
6499.8,2.690867759233704,9.080275376630537,29.78624281232755
6501.8,2.9308737774175064,3.1648658536090046,29.805681864280004
6503.8,2.9222317976934016,3.3920149534345954,29.825239194494138
6505.8,2.8753866073093666,4.418084134206568,29.84491102980175
6507.8,2.873342053344766,4.3745845309240305,29.864693601352084
6509.8,2.8651957260865397,4.479260078124289,29.884583146224713
6511.8,2.8039501154881212,5.754467209422696,29.90457590903678
6513.8,2.738781344353123,7.00661003706989,29.92466814354528
6515.8,2.6801702180677176,8.025739080588558,29.94485611424583
6517.8,2.7180875553120765,6.773483168966013,29.96513609796855
6519.8,2.7482373624261713,5.868890814368598,29.98550438547184
6521.8,2.7320550785878845,6.047275318758306,30.005957283034746
6523.8,2.687799455371139,6.8262008259368026,30.02649111404824
6525.8,2.662230502877186,7.123862665987188,30.04710222060576
6527.8,2.644803818802789,7.218436071144196,30.067786965093088
6529.8,2.6299929790274734,7.251213565469458,30.088541731777507
6531.8,2.9286661342433464,0.4698633360448073,30.109362928396074
6533.8,2.7948671474676754,3.7232291616010085,30.130246987742407
6535.8,2.7709080840662788,4.384820946147489,30.15119036925171
6537.8,2.6618429399510553,6.625891174728641,30.17218956058282
6539.8,2.65037739059735,6.5955997695221065,30.19324107919683
6541.8,2.634923725785988,6.650851237337222,30.214341473930688
6543.8,2.935810139002871,-0.24538766022612776,30.23548732656472
6545.8,2.9084764001825825,0.6893082017519611,30.25667525338264
6547.8,2.7919314762018175,3.441400829634806,30.27790190672206
6549.8,2.6479193375777936,6.511934968186498,30.299163976514127
6551.8,2.6247725942773275,6.7009406769310855,30.32045819180994
6553.8,2.613768900678607,6.608577003490882,30.34178132229177
6555.8,2.5881137008988007,6.8600289628990145,30.363130179766888
6557.8,2.5319033944876037,7.720254443964571,30.384501619641384
6559.8,2.509950716422706,7.781155137460052,30.40589254237168
6561.8,2.49014262686354,7.790538066799898,30.42729989489088
6563.8,2.4715773659683977,7.782496543913357,30.448720672007266
6565.8,2.450462351130431,7.830632008849925,30.470151917772323
6567.8,2.430369032626959,7.862607000717896,30.49159072681495
6569.8,2.412868712881457,7.84171119377784,30.51303424563919
6571.8,2.3926152604915325,7.876929721182151,30.534479673882377
6573.8,2.395795950698429,7.410232301773996,30.555924265530432
6575.8,2.4658679299199235,5.540798828383714,30.57736533008752
6577.8,2.460760197785686,5.533130992236248,30.59880023369667
